Unnamed: 0;Demand;Import limit;Export limit;Import price;Export price;Import emission factor;Export emission factor;Generic production
2022-01-01 00:00:00;0.0;122.70981038092543;;58.58406228062262;;;;
2022-01-01 01:00:00;0.0;122.70981038092543;;88.46762931381421;;;;
2022-01-01 02:00:00;0.0;122.70981038092543;;90.72389030824948;;;;
2022-01-01 03:00:00;0.0;122.70981038092543;;96.10824681846408;;;;
2022-01-01 04:00:00;0.0;122.70981038092543;;104.3614671474323;;;;
2022-01-01 05:00:00;0.0;122.70981038092543;;115.0069383221552;;;;
2022-01-01 06:00:00;0.0;122.70981038092543;;127.405141539394;;;;
2022-01-01 07:00:00;0.0;122.70981038092543;;140.7735534143899;;;;
2022-01-01 08:00:00;0.0;122.70981038092543;;154.2528735717274;;;;
2022-01-01 09:00:00;0.0;122.70981038092543;;166.9607535357045;;;;
2022-01-01 10:00:00;0.0;122.70981038092543;;178.0613445624628;;;;
2022-01-01 11:00:00;0.0;122.70981038092543;;186.8232923551464;;;;
2022-01-01 12:00:00;0.0;122.70981038092543;;192.6675781074992;;;;
2022-01-01 13:00:00;0.0;122.70981038092543;;195.1969563830912;;;;
2022-01-01 14:00:00;0.0;122.70981038092543;;194.2407653586613;;;;
2022-01-01 15:00:00;0.0;122.70981038092543;;189.8736991368071;;;;
2022-01-01 16:00:00;0.0;122.70981038092543;;182.4233878777669;;;;
2022-01-01 17:00:00;0.0;122.70981038092543;;172.415089243265;;;;
2022-01-01 18:00:00;0.0;122.70981038092543;;160.564656461511;;;;
2022-01-01 19:00:00;0.0;122.70981038092543;;147.6966333581055;;;;
2022-01-01 20:00:00;0.0;122.70981038092543;;134.7278458063158;;;;
2022-01-01 21:00:00;0.0;122.70981038092543;;122.5580549152848;;;;
2022-01-01 22:00:00;0.0;122.70981038092543;;112.055648969698;;;;
2022-01-01 23:00:00;0.0;122.70981038092543;;103.3689155226335;;;;
2022-01-02 00:00:00;0.0;122.70981038092543;;97.67169395970596;;;;
2022-01-02 01:00:00;0.0;122.70981038092543;;95.29430657749393;;;;
2022-01-02 02:00:00;0.0;122.70981038092543;;96.9207057656686;;;;
2022-01-02 03:00:00;0.0;122.70981038092543;;101.8028197934146;;;;
2022-01-02 04:00:00;0.0;122.70981038092543;;109.5850187529093;;;;
2022-01-02 05:00:00;0.0;122.70981038092543;;119.710301228581;;;;
2022-01-02 06:00:00;0.0;122.70981038092543;;131.4592194246774;;;;
2022-01-02 07:00:00;0.0;122.70981038092543;;143.9987440163508;;;;
2022-01-02 08:00:00;0.0;122.70981038092543;;156.4429675775266;;;;
2022-01-02 09:00:00;0.0;122.70981038092543;;167.9134883095559;;;;
2022-01-02 10:00:00;0.0;122.70981038092543;;177.6083178913926;;;;
2022-01-02 11:00:00;0.0;122.70981038092543;;184.8448790658243;;;;
2022-01-02 12:00:00;0.0;122.70981038092543;;189.131952615713;;;;
2022-01-02 13:00:00;0.0;122.70981038092543;;190.1543616850292;;;;
2022-01-02 14:00:00;0.0;122.70981038092543;;187.8317108628162;;;;
2022-01-02 15:00:00;0.0;122.70981038092543;;182.3125948246562;;;;
2022-01-02 16:00:00;0.0;122.70981038092543;;173.9811646495213;;;;
2022-01-02 17:00:00;0.0;122.70981038092543;;163.3972193762762;;;;
2022-01-02 18:00:00;0.0;122.70981038092543;;151.2611234191409;;;;
2022-01-02 19:00:00;0.0;122.70981038092543;;138.3736206547878;;;;
2022-01-02 20:00:00;0.0;122.70981038092543;;125.5851101755038;;;;
2022-01-02 21:00:00;0.0;122.70981038092543;;113.7320822914843;;;;
2022-01-02 22:00:00;0.0;122.70981038092543;;103.5730273069745;;;;
2022-01-02 23:00:00;0.0;122.70981038092543;;94.49497250948622;;;;
2022-01-03 00:00:00;0.0;122.70981038092543;;88.27739054937226;;;;
2022-01-03 01:00:00;0.0;122.70981038092543;;85.17282730700927;;;;
2022-01-03 02:00:00;0.0;122.70981038092543;;86.48879333575368;;;;
2022-01-03 03:00:00;0.0;122.70981038092543;;90.7573522058202;;;;
2022-01-03 04:00:00;0.0;122.70981038092543;;97.6622736035219;;;;
2022-01-03 05:00:00;0.0;122.70981038092543;;106.7131568474684;;;;
2022-01-03 06:00:00;0.0;122.70981038092543;;117.2822773018577;;;;
2022-01-03 07:00:00;0.0;122.70981038092543;;128.6435063293382;;;;
2022-01-03 08:00:00;0.0;122.70981038092543;;140.0203412490955;;;;
2022-01-03 09:00:00;0.0;122.70981038092543;;150.6335155821218;;;;
2022-01-03 10:00:00;0.0;122.70981038092543;;159.7625233846941;;;;
2022-01-03 11:00:00;0.0;122.70981038092543;;166.7910787663769;;;;
2022-01-03 12:00:00;0.0;122.70981038092543;;171.2489063734405;;;;
2022-01-03 13:00:00;0.0;122.70981038092543;;172.8303292886574;;;;
2022-01-03 14:00:00;0.0;122.70981038092543;;171.4270046323078;;;;
2022-01-03 15:00:00;0.0;122.70981038092543;;167.1324026444565;;;;
2022-01-03 16:00:00;0.0;122.70981038092543;;160.2415603361185;;;;
2022-01-03 17:00:00;0.0;122.70981038092543;;151.2191674941972;;;;
2022-01-03 18:00:00;0.0;122.70981038092543;;140.6755082474594;;;;
2022-01-03 19:00:00;0.0;122.70981038092543;;129.3327253134002;;;;
2022-01-03 20:00:00;0.0;122.70981038092543;;117.9678777020646;;;;
2022-01-03 21:00:00;0.0;122.70981038092543;;107.3633703756201;;;;
2022-01-03 22:00:00;0.0;122.70981038092543;;98.25781239306424;;;;
2022-01-03 23:00:00;0.0;122.70981038092543;;90.27028637338728;;;;
2022-01-04 00:00:00;0.0;122.70981038092543;;84.93170932280715;;;;
2022-01-04 01:00:00;0.0;122.70981038092543;;82.51903253924517;;;;
2022-01-04 02:00:00;0.0;122.70981038092543;;84.12922897654418;;;;
2022-01-04 03:00:00;0.0;122.70981038092543;;88.6026593575873;;;;
2022-01-04 04:00:00;0.0;122.70981038092543;;95.6516839128183;;;;
2022-01-04 05:00:00;0.0;122.70981038092543;;104.8088068841939;;;;
2022-01-04 06:00:00;0.0;122.70981038092543;;115.4603907601737;;;;
2022-01-04 07:00:00;0.0;122.70981038092543;;126.874381802699;;;;
2022-01-04 08:00:00;0.0;122.70981038092543;;138.2655669465308;;;;
2022-01-04 09:00:00;0.0;122.70981038092543;;148.8517455410657;;;;
2022-01-04 10:00:00;0.0;122.70981038092543;;157.9068664175973;;;;
2022-01-04 11:00:00;0.0;122.70981038092543;;164.8111557834031;;;;
2022-01-04 12:00:00;0.0;122.70981038092543;;169.0790354388483;;;;
2022-01-04 13:00:00;0.0;122.70981038092543;;170.4097516424403;;;;
2022-01-04 14:00:00;0.0;122.70981038092543;;168.7001385207853;;;;
2022-01-04 15:00:00;0.0;122.70981038092543;;164.0701119666512;;;;
2022-01-04 16:00:00;0.0;122.70981038092543;;156.8325530366055;;;;
2022-01-04 17:00:00;0.0;122.70981038092543;;147.4864514919877;;;;
2022-01-04 18:00:00;0.0;122.70981038092543;;136.6620774348622;;;;
2022-01-04 19:00:00;0.0;122.70981038092543;;125.0930446268299;;;;
2022-01-04 20:00:00;0.0;122.70981038092543;;113.5513970478664;;;;
2022-01-04 21:00:00;0.0;122.70981038092543;;102.8028715615785;;;;
2022-01-04 22:00:00;0.0;122.70981038092543;;93.54941143929612;;;;
2022-01-04 23:00:00;0.0;122.70981038092543;;86.40318507696077;;;;
2022-01-05 00:00:00;0.0;122.70981038092543;;81.7819245702306;;;;
2022-01-05 01:00:00;0.0;122.70981038092543;;79.94864266137941;;;;
2022-01-05 02:00:00;0.0;122.70981038092543;;80.9441939301926;;;;
2022-01-05 03:00:00;0.0;122.70981038092543;;84.64586673674117;;;;
2022-01-05 04:00:00;0.0;122.70981038092543;;90.72894879670255;;;;
2022-01-05 05:00:00;0.0;122.70981038092543;;98.7085445494532;;;;
2022-01-05 06:00:00;0.0;122.70981038092543;;107.9693638320878;;;;
2022-01-05 07:00:00;0.0;122.70981038092543;;117.8108085693468;;;;
2022-01-05 08:00:00;0.0;122.70981038092543;;127.5029676747786;;;;
2022-01-05 09:00:00;0.0;122.70981038092543;;136.3473050657999;;;;
2022-01-05 10:00:00;0.0;122.70981038092543;;143.7054027679297;;;;
2022-01-05 11:00:00;0.0;122.70981038092543;;149.052333225904;;;;
2022-01-05 12:00:00;0.0;122.70981038092543;;152.0027428524739;;;;
2022-01-05 13:00:00;0.0;122.70981038092543;;152.3452496818095;;;;
2022-01-05 14:00:00;0.0;122.70981038092543;;150.0471076445089;;;;
2022-01-05 15:00:00;0.0;122.70981038092543;;145.2522835564407;;;;
2022-01-05 16:00:00;0.0;122.70981038092543;;138.2732374542595;;;;
2022-01-05 17:00:00;0.0;122.70981038092543;;129.5643660030892;;;;
2022-01-05 18:00:00;0.0;122.70981038092543;;119.6904874637046;;;;
2022-01-05 19:00:00;0.0;122.70981038092543;;109.2849567865641;;;;
2022-01-05 20:00:00;0.0;122.70981038092543;;99.01570340183876;;;;
2022-01-05 21:00:00;0.0;122.70981038092543;;89.53845143171276;;;;
2022-01-05 22:00:00;0.0;122.70981038092543;;81.44784969223258;;;;
2022-01-05 23:00:00;0.0;122.70981038092543;;76.13446842333744;;;;
2022-01-06 00:00:00;0.0;122.70981038092543;;73.05759689031218;;;;
2022-01-06 01:00:00;0.0;122.70981038092543;;72.47687032964485;;;;
2022-01-06 02:00:00;0.0;122.70981038092543;;73.5922053559329;;;;
2022-01-06 03:00:00;0.0;122.70981038092543;;77.24585007083493;;;;
2022-01-06 04:00:00;0.0;122.70981038092543;;83.17356039696529;;;;
2022-01-06 05:00:00;0.0;122.70981038092543;;90.96537671211122;;;;
2022-01-06 06:00:00;0.0;122.70981038092543;;100.090144665521;;;;
2022-01-06 07:00:00;0.0;122.70981038092543;;109.9401006945576;;;;
2022-01-06 08:00:00;0.0;122.70981038092543;;119.8598929665991;;;;
2022-01-06 09:00:00;0.0;122.70981038092543;;129.1996498195437;;;;
2022-01-06 10:00:00;0.0;122.70981038092543;;137.3414266057737;;;;
2022-01-06 11:00:00;0.0;122.70981038092543;;143.7544355775996;;;;
2022-01-06 12:00:00;0.0;122.70981038092543;;148.0138237728294;;;;
2022-01-06 13:00:00;0.0;122.70981038092543;;149.8345347291523;;;;
2022-01-06 14:00:00;0.0;122.70981038092543;;149.1015920665512;;;;
2022-01-06 15:00:00;0.0;122.70981038092543;;145.8705823561381;;;;
2022-01-06 16:00:00;0.0;122.70981038092543;;140.3750051119329;;;;
2022-01-06 17:00:00;0.0;122.70981038092543;;132.9902357127329;;;;
2022-01-06 18:00:00;0.0;122.70981038092543;;124.2260084167988;;;;
2022-01-06 19:00:00;0.0;122.70981038092543;;114.6961198733644;;;;
2022-01-06 20:00:00;0.0;122.70981038092543;;105.0775333320674;;;;
2022-01-06 21:00:00;0.0;122.70981038092543;;96.07207758555992;;;;
2022-01-06 22:00:00;0.0;122.70981038092543;;88.34099731439434;;;;
2022-01-06 23:00:00;0.0;122.70981038092543;;83.66770523970176;;;;
2022-01-07 00:00:00;0.0;122.70981038092543;;81.3184624509024;;;;
2022-01-07 01:00:00;0.0;122.70981038092543;;81.66301624824274;;;;
2022-01-07 02:00:00;0.0;122.70981038092543;;83.69336547723032;;;;
2022-01-07 03:00:00;0.0;122.70981038092543;;88.61265264409859;;;;
2022-01-07 04:00:00;0.0;122.70981038092543;;96.17629076202556;;;;
2022-01-07 05:00:00;0.0;122.70981038092543;;105.9542016707475;;;;
2022-01-07 06:00:00;0.0;122.70981038092543;;117.3508970789356;;;;
2022-01-07 07:00:00;0.0;122.70981038092543;;129.6457515281938;;;;
2022-01-07 08:00:00;0.0;122.70981038092543;;142.0608181625179;;;;
2022-01-07 09:00:00;0.0;122.70981038092543;;153.7880638852843;;;;
2022-01-07 10:00:00;0.0;122.70981038092543;;164.0528583350602;;;;
2022-01-07 11:00:00;0.0;122.70981038092543;;172.1756941969984;;;;
2022-01-07 12:00:00;0.0;122.70981038092543;;177.6161550718895;;;;
2022-01-07 13:00:00;0.0;122.70981038092543;;180.0110093821919;;;;
2022-01-07 14:00:00;0.0;122.70981038092543;;179.2037030127614;;;;
2022-01-07 15:00:00;0.0;122.70981038092543;;175.262584455394;;;;
2022-01-07 16:00:00;0.0;122.70981038092543;;168.4767216390498;;;;
2022-01-07 17:00:00;0.0;122.70981038092543;;159.3298156029657;;;;
2022-01-07 18:00:00;0.0;122.70981038092543;;148.4647263172052;;;;
2022-01-07 19:00:00;0.0;122.70981038092543;;136.6591458224826;;;;
2022-01-07 20:00:00;0.0;122.70981038092543;;124.7463152845094;;;;
2022-01-07 21:00:00;0.0;122.70981038092543;;113.5725832326334;;;;
2022-01-07 22:00:00;0.0;122.70981038092543;;103.9306400677984;;;;
2022-01-07 23:00:00;0.0;122.70981038092543;;97.10591233783484;;;;
2022-01-08 00:00:00;0.0;122.70981038092543;;93.03257811815482;;;;
2022-01-08 01:00:00;0.0;122.70981038092543;;92.06791159676082;;;;
2022-01-08 02:00:00;0.0;122.70981038092543;;93.75117156187896;;;;
2022-01-08 03:00:00;0.0;122.70981038092543;;98.59884855133689;;;;
2022-01-08 04:00:00;0.0;122.70981038092543;;106.2782485213604;;;;
2022-01-08 05:00:00;0.0;122.70981038092543;;116.2608039566369;;;;
2022-01-08 06:00:00;0.0;122.70981038092543;;127.8578114876935;;;;
2022-01-08 07:00:00;0.0;122.70981038092543;;140.2643055028531;;;;
2022-01-08 08:00:00;0.0;122.70981038092543;;152.6220675427878;;;;
2022-01-08 09:00:00;0.0;122.70981038092543;;164.0691954941591;;;;
2022-01-08 10:00:00;0.0;122.70981038092543;;173.8263364179566;;;;
2022-01-08 11:00:00;0.0;122.70981038092543;;181.2214839639476;;;;
2022-01-08 12:00:00;0.0;122.70981038092543;;185.7470999188243;;;;
2022-01-08 13:00:00;0.0;122.70981038092543;;187.0832484846655;;;;
2022-01-08 14:00:00;0.0;122.70981038092543;;185.1435261498785;;;;
2022-01-08 15:00:00;0.0;122.70981038092543;;180.0603408641872;;;;
2022-01-08 16:00:00;0.0;122.70981038092543;;172.1795337802502;;;;
2022-01-08 17:00:00;0.0;122.70981038092543;;162.0385762888708;;;;
2022-01-08 18:00:00;0.0;122.70981038092543;;150.322423592395;;;;
2022-01-08 19:00:00;0.0;122.70981038092543;;137.8208093187175;;;;
2022-01-08 20:00:00;0.0;122.70981038092543;;125.3681544764169;;;;
2022-01-08 21:00:00;0.0;122.70981038092543;;113.799019735424;;;;
2022-01-08 22:00:00;0.0;122.70981038092543;;103.8868428958927;;;;
2022-01-08 23:00:00;0.0;122.70981038092543;;95.73395823509834;;;;
2022-01-09 00:00:00;0.0;122.70981038092543;;90.41486838841752;;;;
2022-01-09 01:00:00;0.0;122.70981038092543;;88.22696255013174;;;;
2022-01-09 02:00:00;0.0;122.70981038092543;;89.81626455183545;;;;
2022-01-09 03:00:00;0.0;122.70981038092543;;94.4856587087205;;;;
2022-01-09 04:00:00;0.0;122.70981038092543;;101.9289620108322;;;;
2022-01-09 05:00:00;0.0;122.70981038092543;;111.6567926636513;;;;
2022-01-09 06:00:00;0.0;122.70981038092543;;123.0212340741683;;;;
2022-01-09 07:00:00;0.0;122.70981038092543;;135.269824410317;;;;
2022-01-09 08:00:00;0.0;122.70981038092543;;147.5870235645776;;;;
2022-01-09 09:00:00;0.0;122.70981038092543;;159.1665164011424;;;;
2022-01-09 10:00:00;0.0;122.70981038092543;;169.2248248902912;;;;
2022-01-09 11:00:00;0.0;122.70981038092543;;177.1015126778486;;;;
2022-01-09 12:00:00;0.0;122.70981038092543;;182.2682142189712;;;;
2022-01-09 13:00:00;0.0;122.70981038092543;;184.3946432113529;;;;
2022-01-09 14:00:00;0.0;122.70981038092543;;183.3295253262571;;;;
2022-01-09 15:00:00;0.0;122.70981038092543;;179.1525181479984;;;;
2022-01-09 16:00:00;0.0;122.70981038092543;;172.1557133928605;;;;
2022-01-09 17:00:00;0.0;122.70981038092543;;162.8234953624243;;;;
2022-01-09 18:00:00;0.0;122.70981038092543;;151.8088586239141;;;;
2022-01-09 19:00:00;0.0;122.70981038092543;;139.8712663024884;;;;
2022-01-09 20:00:00;0.0;122.70981038092543;;127.8466510919492;;;;
2022-01-09 21:00:00;0.0;122.70981038092543;;116.587962906889;;;;
2022-01-09 22:00:00;0.0;122.70981038092543;;106.9052246447784;;;;
2022-01-09 23:00:00;0.0;122.70981038092543;;98.1733900487762;;;;
2022-01-10 00:00:00;0.0;122.70981038092543;;92.30062918432154;;;;
2022-01-10 01:00:00;0.0;122.70981038092543;;89.60385680410569;;;;
2022-01-10 02:00:00;0.0;122.70981038092543;;91.5175891344888;;;;
2022-01-10 03:00:00;0.0;122.70981038092543;;96.54823509485384;;;;
2022-01-10 04:00:00;0.0;122.70981038092543;;104.3939451854017;;;;
2022-01-10 05:00:00;0.0;122.70981038092543;;114.5589745768416;;;;
2022-01-10 06:00:00;0.0;122.70981038092543;;126.38050013062;;;;
2022-01-10 07:00:00;0.0;122.70981038092543;;139.0632278763371;;;;
2022-01-10 08:00:00;0.0;122.70981038092543;;151.7529083291258;;;;
2022-01-10 09:00:00;0.0;122.70981038092543;;163.5812559429119;;;;
2022-01-10 10:00:00;0.0;122.70981038092543;;173.7456009759398;;;;
2022-01-10 11:00:00;0.0;122.70981038092543;;181.5440523931921;;;;
2022-01-10 12:00:00;0.0;122.70981038092543;;186.4465672279042;;;;
2022-01-10 13:00:00;0.0;122.70981038092543;;188.1064359029979;;;;
2022-01-10 14:00:00;0.0;122.70981038092543;;186.4070052994919;;;;
2022-01-10 15:00:00;0.0;122.70981038092543;;181.4616756394359;;;;
2022-01-10 16:00:00;0.0;122.70981038092543;;173.6163259943477;;;;
2022-01-10 17:00:00;0.0;122.70981038092543;;163.4077471285186;;;;
2022-01-10 18:00:00;0.0;122.70981038092543;;151.5316325792605;;;;
2022-01-10 19:00:00;0.0;122.70981038092543;;138.7975793617889;;;;
2022-01-10 20:00:00;0.0;122.70981038092543;;126.0666227594407;;;;
2022-01-10 21:00:00;0.0;122.70981038092543;;114.1920313958258;;;;
2022-01-10 22:00:00;0.0;122.70981038092543;;103.9635558367363;;;;
2022-01-10 23:00:00;0.0;122.70981038092543;;94.97089344477;;;;
2022-01-11 00:00:00;0.0;122.70981038092543;;88.80582289915188;;;;
2022-01-11 01:00:00;0.0;122.70981038092543;;85.71687634625621;;;;
2022-01-11 02:00:00;0.0;122.70981038092543;;86.80810427798075;;;;
2022-01-11 03:00:00;0.0;122.70981038092543;;90.7937689054554;;;;
2022-01-11 04:00:00;0.0;122.70981038092543;;97.32558974044596;;;;
2022-01-11 05:00:00;0.0;122.70981038092543;;105.8748462429724;;;;
2022-01-11 06:00:00;0.0;122.70981038092543;;115.7855735637789;;;;
2022-01-11 07:00:00;0.0;122.70981038092543;;126.3073113888108;;;;
2022-01-11 08:00:00;0.0;122.70981038092543;;136.6604773338245;;;;
2022-01-11 09:00:00;0.0;122.70981038092543;;146.0927020398853;;;;
2022-01-11 10:00:00;0.0;122.70981038092543;;153.912857611618;;;;
2022-01-11 11:00:00;0.0;122.70981038092543;;159.5591880692156;;;;
2022-01-11 12:00:00;0.0;122.70981038092543;;162.6151712844723;;;;
2022-01-11 13:00:00;0.0;122.70981038092543;;162.8662352386921;;;;
2022-01-11 14:00:00;0.0;122.70981038092543;;160.2709742618546;;;;
2022-01-11 15:00:00;0.0;122.70981038092543;;154.9940978222727;;;;
2022-01-11 16:00:00;0.0;122.70981038092543;;147.3786618620539;;;;
2022-01-11 17:00:00;0.0;122.70981038092543;;137.9258358080774;;;;
2022-01-11 18:00:00;0.0;122.70981038092543;;127.2443357892492;;;;
2022-01-11 19:00:00;0.0;122.70981038092543;;116.017761038585;;;;
2022-01-11 20:00:00;0.0;122.70981038092543;;104.9589862040587;;;;
2022-01-11 21:00:00;0.0;122.70981038092543;;94.76177327124756;;;;
2022-01-11 22:00:00;0.0;122.70981038092543;;86.04675135112896;;;;
2022-01-11 23:00:00;0.0;122.70981038092543;;79.34629620650433;;;;
2022-01-12 00:00:00;0.0;122.70981038092543;;75.03594717133387;;;;
2022-01-12 01:00:00;0.0;122.70981038092543;;73.33729286247475;;;;
2022-01-12 02:00:00;0.0;122.70981038092543;;74.29551793691203;;;;
2022-01-12 03:00:00;0.0;122.70981038092543;;77.79288929029079;;;;
2022-01-12 04:00:00;0.0;122.70981038092543;;83.55199865796949;;;;
2022-01-12 05:00:00;0.0;122.70981038092543;;91.14377466001292;;;;
2022-01-12 06:00:00;0.0;122.70981038092543;;100.0273078081376;;;;
2022-01-12 07:00:00;0.0;122.70981038092543;;109.5818404555492;;;;
2022-01-12 08:00:00;0.0;122.70981038092543;;119.1480299194563;;;;
2022-01-12 09:00:00;0.0;122.70981038092543;;128.0798117665417;;;;
2022-01-12 10:00:00;0.0;122.70981038092543;;135.770646106198;;;;
2022-01-12 11:00:00;0.0;122.70981038092543;;141.7083550968317;;;;
2022-01-12 12:00:00;0.0;122.70981038092543;;145.4855785664607;;;;
2022-01-12 13:00:00;0.0;122.70981038092543;;146.8543001361759;;;;
2022-01-12 14:00:00;0.0;122.70981038092543;;145.71580904008;;;;
2022-01-12 15:00:00;0.0;122.70981038092543;;142.1491750240114;;;;
2022-01-12 16:00:00;0.0;122.70981038092543;;136.3945932787674;;;;
2022-01-12 17:00:00;0.0;122.70981038092543;;128.8436589111849;;;;
2022-01-12 18:00:00;0.0;122.70981038092543;;120.0056756706615;;;;
2022-01-12 19:00:00;0.0;122.70981038092543;;110.4817187914107;;;;
2022-01-12 20:00:00;0.0;122.70981038092543;;100.929069131587;;;;
2022-01-12 21:00:00;0.0;122.70981038092543;;92.0201535537024;;;;
2022-01-12 22:00:00;0.0;122.70981038092543;;84.3829532446681;;;;
2022-01-12 23:00:00;0.0;122.70981038092543;;79.49920053418836;;;;
2022-01-13 00:00:00;0.0;122.70981038092543;;76.859285028633;;;;
2022-01-13 01:00:00;0.0;122.70981038092543;;76.78403958897655;;;;
2022-01-13 02:00:00;0.0;122.70981038092543;;78.49048411148328;;;;
2022-01-13 03:00:00;0.0;122.70981038092543;;82.89120406263726;;;;
2022-01-13 04:00:00;0.0;122.70981038092543;;89.74189158528966;;;;
2022-01-13 05:00:00;0.0;122.70981038092543;;98.6269560569228;;;;
2022-01-13 06:00:00;0.0;122.70981038092543;;108.983929818216;;;;
2022-01-13 07:00:00;0.0;122.70981038092543;;120.1396392857722;;;;
2022-01-13 08:00:00;0.0;122.70981038092543;;131.359082024126;;;;
2022-01-13 09:00:00;0.0;122.70981038092543;;141.9041283579845;;;;
2022-01-13 10:00:00;0.0;122.70981038092543;;151.0678400878044;;;;
2022-01-13 11:00:00;0.0;122.70981038092543;;158.2387673091585;;;;
2022-01-13 12:00:00;0.0;122.70981038092543;;162.9325443298089;;;;
2022-01-13 13:00:00;0.0;122.70981038092543;;164.8325792953038;;;;
2022-01-13 14:00:00;0.0;122.70981038092543;;163.8107129508568;;;;
2022-01-13 15:00:00;0.0;122.70981038092543;;159.9395295501997;;;;
2022-01-13 16:00:00;0.0;122.70981038092543;;153.4984588947817;;;;
2022-01-13 17:00:00;0.0;122.70981038092543;;144.9370242629424;;;;
2022-01-13 18:00:00;0.0;122.70981038092543;;134.8549506242074;;;;
2022-01-13 19:00:00;0.0;122.70981038092543;;123.9466482781989;;;;
2022-01-13 20:00:00;0.0;122.70981038092543;;112.9823723492056;;;;
2022-01-13 21:00:00;0.0;122.70981038092543;;102.7248825352847;;;;
2022-01-13 22:00:00;0.0;122.70981038092543;;93.89222516530543;;;;
2022-01-13 23:00:00;0.0;122.70981038092543;;88.32686711802863;;;;
2022-01-14 00:00:00;0.0;122.70981038092543;;85.24159652121052;;;;
2022-01-14 01:00:00;0.0;122.70981038092543;;84.978294407735;;;;
2022-01-14 02:00:00;0.0;122.70981038092543;;86.44297590063542;;;;
2022-01-14 03:00:00;0.0;122.70981038092543;;90.82500303049414;;;;
2022-01-14 04:00:00;0.0;122.70981038092543;;97.81268664499189;;;;
2022-01-14 05:00:00;0.0;122.70981038092543;;106.9206620973619;;;;
2022-01-14 06:00:00;0.0;122.70981038092543;;117.5052403654233;;;;
2022-01-14 07:00:00;0.0;122.70981038092543;;128.8298190301667;;;;
2022-01-14 08:00:00;0.0;122.70981038092543;;140.1009807444214;;;;
2022-01-14 09:00:00;0.0;122.70981038092543;;150.5409034945959;;;;
2022-01-14 10:00:00;0.0;122.70981038092543;;159.4312389395541;;;;
2022-01-14 11:00:00;0.0;122.70981038092543;;166.1608639744819;;;;
2022-01-14 12:00:00;0.0;122.70981038092543;;170.2790529696342;;;;
2022-01-14 13:00:00;0.0;122.70981038092543;;171.4958390757988;;;;
2022-01-14 14:00:00;0.0;122.70981038092543;;169.7314698545679;;;;
2022-01-14 15:00:00;0.0;122.70981038092543;;165.1019574323242;;;;
2022-01-14 16:00:00;0.0;122.70981038092543;;157.9250183249098;;;;
2022-01-14 17:00:00;0.0;122.70981038092543;;148.6830541228182;;;;
2022-01-14 18:00:00;0.0;122.70981038092543;;137.9953170116847;;;;
2022-01-14 19:00:00;0.0;122.70981038092543;;126.5821808516023;;;;
2022-01-14 20:00:00;0.0;122.70981038092543;;115.2140519093032;;;;
2022-01-14 21:00:00;0.0;122.70981038092543;;104.6578543183533;;;;
2022-01-14 22:00:00;0.0;122.70981038092543;;95.62637813962814;;;;
2022-01-14 23:00:00;0.0;122.70981038092543;;89.25919988129618;;;;
2022-01-15 00:00:00;0.0;122.70981038092543;;85.48589849061706;;;;
2022-01-15 01:00:00;0.0;122.70981038092543;;84.61819363709849;;;;
2022-01-15 02:00:00;0.0;122.70981038092543;;86.25418972264993;;;;
2022-01-15 03:00:00;0.0;122.70981038092543;;90.86499826462486;;;;
2022-01-15 04:00:00;0.0;122.70981038092543;;98.16858372442088;;;;
2022-01-15 05:00:00;0.0;122.70981038092543;;107.7075137558878;;;;
2022-01-15 06:00:00;0.0;122.70981038092543;;118.872027537167;;;;
2022-01-15 07:00:00;0.0;122.70981038092543;;130.9467637222434;;;;
2022-01-15 08:00:00;0.0;122.70981038092543;;143.1460587880896;;;;
2022-01-15 09:00:00;0.0;122.70981038092543;;154.6744695998009;;;;
2022-01-15 10:00:00;0.0;122.70981038092543;;164.7822187891471;;;;
2022-01-15 11:00:00;0.0;122.70981038092543;;172.8082975768009;;;;
2022-01-15 12:00:00;0.0;122.70981038092543;;178.238614272565;;;;
2022-01-15 13:00:00;0.0;122.70981038092543;;180.7074997574261;;;;
2022-01-15 14:00:00;0.0;122.70981038092543;;180.0681606025095;;;;
2022-01-15 15:00:00;0.0;122.70981038092543;;176.3691976363719;;;;
2022-01-15 16:00:00;0.0;122.70981038092543;;169.8824386177041;;;;
2022-01-15 17:00:00;0.0;122.70981038092543;;161.058997436072;;;;
2022-01-15 18:00:00;0.0;122.70981038092543;;150.5150765559342;;;;
2022-01-15 19:00:00;0.0;122.70981038092543;;139.0029878589186;;;;
2022-01-15 20:00:00;0.0;122.70981038092543;;127.3515017168709;;;;
2022-01-15 21:00:00;0.0;122.70981038092543;;116.4184395503233;;;;
2022-01-15 22:00:00;0.0;122.70981038092543;;107.0146349585853;;;;
2022-01-15 23:00:00;0.0;122.70981038092543;;99.26697535666352;;;;
2022-01-16 00:00:00;0.0;122.70981038092543;;94.34786730472824;;;;
2022-01-16 01:00:00;0.0;122.70981038092543;;92.62299716295765;;;;
2022-01-16 02:00:00;0.0;122.70981038092543;;94.8322584682465;;;;
2022-01-16 03:00:00;0.0;122.70981038092543;;100.2874415051431;;;;
2022-01-16 04:00:00;0.0;122.70981038092543;;108.6988564833365;;;;
2022-01-16 05:00:00;0.0;122.70981038092543;;119.5645282767957;;;;
2022-01-16 06:00:00;0.0;122.70981038092543;;132.2079645560067;;;;
2022-01-16 07:00:00;0.0;122.70981038092543;;145.8176603531633;;;;
2022-01-16 08:00:00;0.0;122.70981038092543;;159.495418125842;;;;
2022-01-16 09:00:00;0.0;122.70981038092543;;172.3281524258363;;;;
2022-01-16 10:00:00;0.0;122.70981038092543;;183.4496833296996;;;;
2022-01-16 11:00:00;0.0;122.70981038092543;;192.1223856753402;;;;
2022-01-16 12:00:00;0.0;122.70981038092543;;197.7544884832037;;;;
2022-01-16 13:00:00;0.0;122.70981038092543;;199.9670818046026;;;;
2022-01-16 14:00:00;0.0;122.70981038092543;;198.5971955871022;;;;
2022-01-16 15:00:00;0.0;122.70981038092543;;193.7445574258252;;;;
2022-01-16 16:00:00;0.0;122.70981038092543;;185.7574350046419;;;;
2022-01-16 17:00:00;0.0;122.70981038092543;;175.1967867516708;;;;
2022-01-16 18:00:00;0.0;122.70981038092543;;162.8029647099133;;;;
2022-01-16 19:00:00;0.0;122.70981038092543;;149.4310248038627;;;;
2022-01-16 20:00:00;0.0;122.70981038092543;;136.0063841044617;;;;
2022-01-16 21:00:00;0.0;122.70981038092543;;123.4552523548113;;;;
2022-01-16 22:00:00;0.0;122.70981038092543;;112.6300590946924;;;;
2022-01-16 23:00:00;0.0;122.70981038092543;;102.8559631867165;;;;
2022-01-17 00:00:00;0.0;122.70981038092543;;96.11946877541124;;;;
2022-01-17 01:00:00;0.0;122.70981038092543;;92.70571276639448;;;;
2022-01-17 02:00:00;0.0;122.70981038092543;;94.06829365851836;;;;
2022-01-17 03:00:00;0.0;122.70981038092543;;98.57772907843965;;;;
2022-01-17 04:00:00;0.0;122.70981038092543;;105.8698746687082;;;;
2022-01-17 05:00:00;0.0;122.70981038092543;;115.3806194475632;;;;
2022-01-17 06:00:00;0.0;122.70981038092543;;126.4089054982489;;;;
2022-01-17 07:00:00;0.0;122.70981038092543;;138.1389816188944;;;;
2022-01-17 08:00:00;0.0;122.70981038092543;;149.7184286182113;;;;
2022-01-17 09:00:00;0.0;122.70981038092543;;160.3032959172571;;;;
2022-01-17 10:00:00;0.0;122.70981038092543;;169.1484619028387;;;;
2022-01-17 11:00:00;0.0;122.70981038092543;;175.6219197816076;;;;
2022-01-17 12:00:00;0.0;122.70981038092543;;179.2620828346524;;;;
2022-01-17 13:00:00;0.0;122.70981038092543;;179.7930165931731;;;;
2022-01-17 14:00:00;0.0;122.70981038092543;;177.175698657388;;;;
2022-01-17 15:00:00;0.0;122.70981038092543;;171.5698192762706;;;;
2022-01-17 16:00:00;0.0;122.70981038092543;;163.3517999561209;;;;
2022-01-17 17:00:00;0.0;122.70981038092543;;153.0516088906022;;;;
2022-01-17 18:00:00;0.0;122.70981038092543;;141.3501080580813;;;;
2022-01-17 19:00:00;0.0;122.70981038092543;;128.9986199963124;;;;
2022-01-17 20:00:00;0.0;122.70981038092543;;116.7971458313173;;;;
2022-01-17 21:00:00;0.0;122.70981038092543;;105.5221241196285;;;;
2022-01-17 22:00:00;0.0;122.70981038092543;;95.87823226074008;;;;
2022-01-17 23:00:00;0.0;122.70981038092543;;87.45246838250381;;;;
2022-01-18 00:00:00;0.0;122.70981038092543;;81.6949332711848;;;;
2022-01-18 01:00:00;0.0;122.70981038092543;;78.82424126472645;;;;
2022-01-18 02:00:00;0.0;122.70981038092543;;79.86327434571095;;;;
2022-01-18 03:00:00;0.0;122.70981038092543;;83.62869807077249;;;;
2022-01-18 04:00:00;0.0;122.70981038092543;;89.81107266995296;;;;
2022-01-18 05:00:00;0.0;122.70981038092543;;97.94737915917511;;;;
2022-01-18 06:00:00;0.0;122.70981038092543;;107.4507792365627;;;;
2022-01-18 07:00:00;0.0;122.70981038092543;;117.655015338354;;;;
2022-01-18 08:00:00;0.0;122.70981038092543;;127.8453127578852;;;;
2022-01-18 09:00:00;0.0;122.70981038092543;;137.3176222053687;;;;
2022-01-18 10:00:00;0.0;122.70981038092543;;145.4335954490418;;;;
2022-01-18 11:00:00;0.0;122.70981038092543;;151.6350621018983;;;;
2022-01-18 12:00:00;0.0;122.70981038092543;;155.5013453561347;;;;
2022-01-18 13:00:00;0.0;122.70981038092543;;156.759418601034;;;;
2022-01-18 14:00:00;0.0;122.70981038092543;;155.3331749508824;;;;
2022-01-18 15:00:00;0.0;122.70981038092543;;151.3092558483758;;;;
2022-01-18 16:00:00;0.0;122.70981038092543;;144.9583817814026;;;;
2022-01-18 17:00:00;0.0;122.70981038092543;;136.7048727270089;;;;
2022-01-18 18:00:00;0.0;122.70981038092543;;127.1073307122117;;;;
2022-01-18 19:00:00;0.0;122.70981038092543;;116.8107510726482;;;;
2022-01-18 20:00:00;0.0;122.70981038092543;;106.5117537332038;;;;
2022-01-18 21:00:00;0.0;122.70981038092543;;96.91782687500158;;;;
2022-01-18 22:00:00;0.0;122.70981038092543;;88.68517994060147;;;;
2022-01-18 23:00:00;0.0;122.70981038092543;;82.38521833742331;;;;
2022-01-19 00:00:00;0.0;122.70981038092543;;78.46941921861927;;;;
2022-01-19 01:00:00;0.0;122.70981038092543;;77.22119128184482;;;;
2022-01-19 02:00:00;0.0;122.70981038092543;;78.75128247528895;;;;
2022-01-19 03:00:00;0.0;122.70981038092543;;82.96771127510604;;;;
2022-01-19 04:00:00;0.0;122.70981038092543;;89.60844457051127;;;;
2022-01-19 05:00:00;0.0;122.70981038092543;;98.23431870074802;;;;
2022-01-19 06:00:00;0.0;122.70981038092543;;108.2733116188575;;;;
2022-01-19 07:00:00;0.0;122.70981038092543;;119.0561810552467;;;;
2022-01-19 08:00:00;0.0;122.70981038092543;;129.8489600495529;;;;
2022-01-19 09:00:00;0.0;122.70981038092543;;139.9218618356593;;;;
2022-01-19 10:00:00;0.0;122.70981038092543;;148.5759387594151;;;;
2022-01-19 11:00:00;0.0;122.70981038092543;;155.2269507997631;;;;
2022-01-19 12:00:00;0.0;122.70981038092543;;159.4163022088612;;;;
2022-01-19 13:00:00;0.0;122.70981038092543;;160.8564993657324;;;;
2022-01-19 14:00:00;0.0;122.70981038092543;;159.4446398529955;;;;
2022-01-19 15:00:00;0.0;122.70981038092543;;155.2683939844083;;;;
2022-01-19 16:00:00;0.0;122.70981038092543;;148.623053556281;;;;
2022-01-19 17:00:00;0.0;122.70981038092543;;139.960616553164;;;;
2022-01-19 18:00:00;0.0;122.70981038092543;;129.8784089368111;;;;
2022-01-19 19:00:00;0.0;122.70981038092543;;119.060595464221;;;;
2022-01-19 20:00:00;0.0;122.70981038092543;;108.2409396803792;;;;
2022-01-19 21:00:00;0.0;122.70981038092543;;98.15372778459631;;;;
2022-01-19 22:00:00;0.0;122.70981038092543;;89.47223896078104;;;;
2022-01-19 23:00:00;0.0;122.70981038092543;;83.7344620888304;;;;
2022-01-20 00:00:00;0.0;122.70981038092543;;80.38490718099655;;;;
2022-01-20 01:00:00;0.0;122.70981038092543;;79.72145871312222;;;;
2022-01-20 02:00:00;0.0;122.70981038092543;;80.88371821277836;;;;
2022-01-20 03:00:00;0.0;122.70981038092543;;84.76489538028174;;;;
2022-01-20 04:00:00;0.0;122.70981038092543;;91.0512325242914;;;;
2022-01-20 05:00:00;0.0;122.70981038092543;;99.27236277490456;;;;
2022-01-20 06:00:00;0.0;122.70981038092543;;108.8193361175819;;;;
2022-01-20 07:00:00;0.0;122.70981038092543;;118.9969349335988;;;;
2022-01-20 08:00:00;0.0;122.70981038092543;;129.0821260179472;;;;
2022-01-20 09:00:00;0.0;122.70981038092543;;138.3683002348052;;;;
2022-01-20 10:00:00;0.0;122.70981038092543;;146.1995160620695;;;;
2022-01-20 11:00:00;0.0;122.70981038092543;;152.0266721865724;;;;
2022-01-20 12:00:00;0.0;122.70981038092543;;155.4336580347031;;;;
2022-01-20 13:00:00;0.0;122.70981038092543;;156.1905866946784;;;;
2022-01-20 14:00:00;0.0;122.70981038092543;;154.235297747607;;;;
2022-01-20 15:00:00;0.0;122.70981038092543;;149.7083087982172;;;;
2022-01-20 16:00:00;0.0;122.70981038092543;;142.9040623643734;;;;
2022-01-20 17:00:00;0.0;122.70981038092543;;134.2801126606879;;;;
2022-01-20 18:00:00;0.0;122.70981038092543;;124.3967943300215;;;;
2022-01-20 19:00:00;0.0;122.70981038092543;;113.9112683510693;;;;
2022-01-20 20:00:00;0.0;122.70981038092543;;103.511746122253;;;;
2022-01-20 21:00:00;0.0;122.70981038092543;;93.88458667777512;;;;
2022-01-20 22:00:00;0.0;122.70981038092543;;85.6573586432695;;;;
2022-01-20 23:00:00;0.0;122.70981038092543;;80.47690838645732;;;;
2022-01-21 00:00:00;0.0;122.70981038092543;;77.62060894685882;;;;
2022-01-21 01:00:00;0.0;122.70981038092543;;77.39196336515471;;;;
2022-01-21 02:00:00;0.0;122.70981038092543;;78.81020226308586;;;;
2022-01-21 03:00:00;0.0;122.70981038092543;;82.96036161858942;;;;
2022-01-21 04:00:00;0.0;122.70981038092543;;89.57650126390365;;;;
2022-01-21 05:00:00;0.0;122.70981038092543;;98.22980314000026;;;;
2022-01-21 06:00:00;0.0;122.70981038092543;;108.3615833158425;;;;
2022-01-21 07:00:00;0.0;122.70981038092543;;119.3203046751295;;;;
2022-01-21 08:00:00;0.0;122.70981038092543;;130.4025537427844;;;;
2022-01-21 09:00:00;0.0;122.70981038092543;;140.8971414615795;;;;
2022-01-21 10:00:00;0.0;122.70981038092543;;150.12018566078;;;;
2022-01-21 11:00:00;0.0;122.70981038092543;;157.4710990079605;;;;
2022-01-21 12:00:00;0.0;122.70981038092543;;162.473805889558;;;;
2022-01-21 13:00:00;0.0;122.70981038092543;;164.8032703436448;;;;
2022-01-21 14:00:00;0.0;122.70981038092543;;164.3113974846414;;;;
2022-01-21 15:00:00;0.0;122.70981038092543;;161.0349747051158;;;;
2022-01-21 16:00:00;0.0;122.70981038092543;;155.2148311782889;;;;
2022-01-21 17:00:00;0.0;122.70981038092543;;147.2631936839901;;;;
2022-01-21 18:00:00;0.0;122.70981038092543;;137.7444629969932;;;;
2022-01-21 19:00:00;0.0;122.70981038092543;;127.3431380074554;;;;
2022-01-21 20:00:00;0.0;122.70981038092543;;116.8129681943662;;;;
2022-01-21 21:00:00;0.0;122.70981038092543;;106.9277927288618;;;;
2022-01-21 22:00:00;0.0;122.70981038092543;;98.42971758589997;;;;
2022-01-21 23:00:00;0.0;122.70981038092543;;92.52766336771064;;;;
2022-01-22 00:00:00;0.0;122.70981038092543;;89.20790885715152;;;;
2022-01-22 01:00:00;0.0;122.70981038092543;;88.85289895864202;;;;
2022-01-22 02:00:00;0.0;122.70981038092543;;91.1081299636674;;;;
2022-01-22 03:00:00;0.0;122.70981038092543;;96.50482845123048;;;;
2022-01-22 04:00:00;0.0;122.70981038092543;;104.7788985043165;;;;
2022-01-22 05:00:00;0.0;122.70981038092543;;115.4636477780401;;;;
2022-01-22 06:00:00;0.0;122.70981038092543;;127.9084741301801;;;;
2022-01-22 07:00:00;0.0;122.70981038092543;;141.3364032017685;;;;
2022-01-22 08:00:00;0.0;122.70981038092543;;154.8807541113569;;;;
2022-01-22 09:00:00;0.0;122.70981038092543;;167.6586732692922;;;;
2022-01-22 10:00:00;0.0;122.70981038092543;;178.8218355124193;;;;
2022-01-22 11:00:00;0.0;122.70981038092543;;187.63423875885;;;;
2022-01-22 12:00:00;0.0;122.70981038092543;;193.5059398303584;;;;
2022-01-22 13:00:00;0.0;122.70981038092543;;196.0479525874198;;;;
2022-01-22 14:00:00;0.0;122.70981038092543;;195.0933261168419;;;;
2022-01-22 15:00:00;0.0;122.70981038092543;;190.716598679628;;;;
2022-01-22 16:00:00;0.0;122.70981038092543;;183.2283649836353;;;;
2022-01-22 17:00:00;0.0;122.70981038092543;;173.175250128831;;;;
2022-01-22 18:00:00;0.0;122.70981038092543;;161.2673248928553;;;;
2022-01-22 19:00:00;0.0;122.70981038092543;;148.3499803169752;;;;
2022-01-22 20:00:00;0.0;122.70981038092543;;135.3181290434819;;;;
2022-01-22 21:00:00;0.0;122.70981038092543;;123.1017682603566;;;;
2022-01-22 22:00:00;0.0;122.70981038092543;;112.5586119342206;;;;
2022-01-22 23:00:00;0.0;122.70981038092543;;103.8086099347314;;;;
2022-01-23 00:00:00;0.0;122.70981038092543;;98.05472053949156;;;;
2022-01-23 01:00:00;0.0;122.70981038092543;;95.63592125053228;;;;
2022-01-23 02:00:00;0.0;122.70981038092543;;97.27490422208508;;;;
2022-01-23 03:00:00;0.0;122.70981038092543;;102.1806466693016;;;;
2022-01-23 04:00:00;0.0;122.70981038092543;;109.9942810160784;;;;
2022-01-23 05:00:00;0.0;122.70981038092543;;120.1544918304255;;;;
2022-01-23 06:00:00;0.0;122.70981038092543;;131.9446929501078;;;;
2022-01-23 07:00:00;0.0;122.70981038092543;;144.5305055180416;;;;
2022-01-23 08:00:00;0.0;122.70981038092543;;157.0197028534504;;;;
2022-01-23 09:00:00;0.0;122.70981038092543;;168.5360098157438;;;;
2022-01-23 10:00:00;0.0;122.70981038092543;;178.2661707179378;;;;
2022-01-23 11:00:00;0.0;122.70981038092543;;185.5358267455387;;;;
2022-01-23 12:00:00;0.0;122.70981038092543;;189.8247588149323;;;;
2022-01-23 13:00:00;0.0;122.70981038092543;;190.8433590478059;;;;
2022-01-23 14:00:00;0.0;122.70981038092543;;188.5089820299374;;;;
2022-01-23 15:00:00;0.0;122.70981038092543;;182.9837473343508;;;;
2022-01-23 16:00:00;0.0;122.70981038092543;;174.631524238742;;;;
2022-01-23 17:00:00;0.0;122.70981038092543;;164.010007431454;;;;
2022-01-23 18:00:00;0.0;122.70981038092543;;151.83053042043;;;;
2022-01-23 19:00:00;0.0;122.70981038092543;;138.8904207727452;;;;
2022-01-23 20:00:00;0.0;122.70981038092543;;126.0575122156188;;;;
2022-01-23 21:00:00;0.0;122.70981038092543;;114.1614060184022;;;;
2022-01-23 22:00:00;0.0;122.70981038092543;;103.9784799598951;;;;
2022-01-23 23:00:00;0.0;122.70981038092543;;94.84180535241202;;;;
2022-01-24 00:00:00;0.0;122.70981038092543;;88.57501311520618;;;;
2022-01-24 01:00:00;0.0;122.70981038092543;;85.42936712702448;;;;
2022-01-24 02:00:00;0.0;122.70981038092543;;86.74709228519194;;;;
2022-01-24 03:00:00;0.0;122.70981038092543;;91.02581333018288;;;;
2022-01-24 04:00:00;0.0;122.70981038092543;;97.95068926348682;;;;
2022-01-24 05:00:00;0.0;122.70981038092543;;107.0271484553047;;;;
2022-01-24 06:00:00;0.0;122.70981038092543;;117.6218663965035;;;;
2022-01-24 07:00:00;0.0;122.70981038092543;;129.0028326275384;;;;
2022-01-24 08:00:00;0.0;122.70981038092543;;140.3962356362392;;;;
2022-01-24 09:00:00;0.0;122.70981038092543;;151.0248680508603;;;;
2022-01-24 10:00:00;0.0;122.70981038092543;;160.1684580054311;;;;
2022-01-24 11:00:00;0.0;122.70981038092543;;167.2073666607225;;;;
2022-01-24 12:00:00;0.0;122.70981038092543;;171.6723915332994;;;;
2022-01-24 13:00:00;0.0;122.70981038092543;;173.2604394617892;;;;
2022-01-24 14:00:00;0.0;122.70981038092543;;171.8674619739522;;;;
2022-01-24 15:00:00;0.0;122.70981038092543;;167.5788442936289;;;;
2022-01-24 16:00:00;0.0;122.70981038092543;;160.6847442289215;;;;
2022-01-24 17:00:00;0.0;122.70981038092543;;151.6433698179521;;;;
2022-01-24 18:00:00;0.0;122.70981038092543;;141.0758998126281;;;;
2022-01-24 19:00:00;0.0;122.70981038092543;;129.6981789155296;;;;
2022-01-24 20:00:00;0.0;122.70981038092543;;118.2966524589064;;;;
2022-01-24 21:00:00;0.0;122.70981038092543;;107.6569586933347;;;;
2022-01-24 22:00:00;0.0;122.70981038092543;;98.52294028566314;;;;
2022-01-24 23:00:00;0.0;122.70981038092543;;90.48338932478856;;;;
2022-01-25 00:00:00;0.0;122.70981038092543;;85.09992177909041;;;;
2022-01-25 01:00:00;0.0;122.70981038092543;;82.6500714405594;;;;
2022-01-25 02:00:00;0.0;122.70981038092543;;84.26200249795103;;;;
2022-01-25 03:00:00;0.0;122.70981038092543;;88.73740481845148;;;;
2022-01-25 04:00:00;0.0;122.70981038092543;;95.79025919914916;;;;
2022-01-25 05:00:00;0.0;122.70981038092543;;104.9517494199207;;;;
2022-01-25 06:00:00;0.0;122.70981038092543;;115.605128252325;;;;
2022-01-25 07:00:00;0.0;122.70981038092543;;127.024715109117;;;;
2022-01-25 08:00:00;0.0;122.70981038092543;;138.4276912503227;;;;
2022-01-25 09:00:00;0.0;122.70981038092543;;149.0317897723548;;;;
2022-01-25 10:00:00;0.0;122.70981038092543;;158.105548214345;;;;
2022-01-25 11:00:00;0.0;122.70981038092543;;165.0241184982359;;;;
2022-01-25 12:00:00;0.0;122.70981038092543;;169.3018413941475;;;;
2022-01-25 13:00:00;0.0;122.70981038092543;;170.6360512953412;;;;
2022-01-25 14:00:00;0.0;122.70981038092543;;168.9288236726641;;;;
2022-01-25 15:00:00;0.0;122.70981038092543;;164.2995059172604;;;;
2022-01-25 16:00:00;0.0;122.70981038092543;;157.060971078551;;;;
2022-01-25 17:00:00;0.0;122.70981038092543;;147.7037198976793;;;;
2022-01-25 18:00:00;0.0;122.70981038092543;;136.8641212310515;;;;
2022-01-25 19:00:00;0.0;122.70981038092543;;125.2723164538424;;;;
2022-01-25 20:00:00;0.0;122.70981038092543;;113.7117869521368;;;;
2022-01-25 21:00:00;0.0;122.70981038092543;;102.9456737416512;;;;
2022-01-25 22:00:00;0.0;122.70981038092543;;93.6815183244192;;;;
2022-01-25 23:00:00;0.0;122.70981038092543;;86.49128732601592;;;;
2022-01-26 00:00:00;0.0;122.70981038092543;;81.83530325465767;;;;
2022-01-26 01:00:00;0.0;122.70981038092543;;79.96663780569855;;;;
2022-01-26 02:00:00;0.0;122.70981038092543;;80.96259668341884;;;;
2022-01-26 03:00:00;0.0;122.70981038092543;;84.6638134899915;;;;
2022-01-26 04:00:00;0.0;122.70981038092543;;90.74586789460966;;;;
2022-01-26 05:00:00;0.0;122.70981038092543;;98.7192044759055;;;;
2022-01-26 06:00:00;0.0;122.70981038092543;;107.9742369829359;;;;
2022-01-26 07:00:00;0.0;122.70981038092543;;117.8104148475689;;;;
2022-01-26 08:00:00;0.0;122.70981038092543;;127.5035751699911;;;;
2022-01-26 09:00:00;0.0;122.70981038092543;;136.3469041665931;;;;
2022-01-26 10:00:00;0.0;122.70981038092543;;143.7070071117376;;;;
2022-01-26 11:00:00;0.0;122.70981038092543;;149.0519449331211;;;;
2022-01-26 12:00:00;0.0;122.70981038092543;;151.9972071348424;;;;
2022-01-26 13:00:00;0.0;122.70981038092543;;152.3285996030321;;;;
2022-01-26 14:00:00;0.0;122.70981038092543;;150.0209805976647;;;;
2022-01-26 15:00:00;0.0;122.70981038092543;;145.2172935711999;;;;
2022-01-26 16:00:00;0.0;122.70981038092543;;138.2334256303397;;;;
2022-01-26 17:00:00;0.0;122.70981038092543;;129.524865967376;;;;
2022-01-26 18:00:00;0.0;122.70981038092543;;119.651862288248;;;;
2022-01-26 19:00:00;0.0;122.70981038092543;;109.2520479679398;;;;
2022-01-26 20:00:00;0.0;122.70981038092543;;98.98450699450024;;;;
2022-01-26 21:00:00;0.0;122.70981038092543;;89.50964926617667;;;;
2022-01-26 22:00:00;0.0;122.70981038092543;;81.42153702968876;;;;
2022-01-26 23:00:00;0.0;122.70981038092543;;76.08283339275168;;;;
2022-01-27 00:00:00;0.0;122.70981038092543;;72.9813255686623;;;;
2022-01-27 01:00:00;0.0;122.70981038092543;;72.3734529081463;;;;
2022-01-27 02:00:00;0.0;122.70981038092543;;73.4894073262904;;;;
2022-01-27 03:00:00;0.0;122.70981038092543;;77.1408247435361;;;;
2022-01-27 04:00:00;0.0;122.70981038092543;;83.05925011553313;;;;
2022-01-27 05:00:00;0.0;122.70981038092543;;90.83771040849336;;;;
2022-01-27 06:00:00;0.0;122.70981038092543;;99.9467133939174;;;;
2022-01-27 07:00:00;0.0;122.70981038092543;;109.7758851349317;;;;
2022-01-27 08:00:00;0.0;122.70981038092543;;119.674395924434;;;;
2022-01-27 09:00:00;0.0;122.70981038092543;;128.9861992180796;;;;
2022-01-27 10:00:00;0.0;122.70981038092543;;137.1068929118933;;;;
2022-01-27 11:00:00;0.0;122.70981038092543;;143.4997252757469;;;;
2022-01-27 12:00:00;0.0;122.70981038092543;;147.7470619956842;;;;
2022-01-27 13:00:00;0.0;122.70981038092543;;149.5613838948865;;;;
2022-01-27 14:00:00;0.0;122.70981038092543;;148.8323554761041;;;;
2022-01-27 15:00:00;0.0;122.70981038092543;;145.6140806274722;;;;
2022-01-27 16:00:00;0.0;122.70981038092543;;140.1271110694628;;;;
2022-01-27 17:00:00;0.0;122.70981038092543;;132.7511834563681;;;;
2022-01-27 18:00:00;0.0;122.70981038092543;;123.9961691502897;;;;
2022-01-27 19:00:00;0.0;122.70981038092543;;114.4815470881991;;;;
2022-01-27 20:00:00;0.0;122.70981038092543;;104.8812687317596;;;;
2022-01-27 21:00:00;0.0;122.70981038092543;;95.89189463330838;;;;
2022-01-27 22:00:00;0.0;122.70981038092543;;88.1794686244267;;;;
2022-01-27 23:00:00;0.0;122.70981038092543;;83.48090121556942;;;;
2022-01-28 00:00:00;0.0;122.70981038092543;;81.10122021480461;;;;
2022-01-28 01:00:00;0.0;122.70981038092543;;81.40445863506184;;;;
2022-01-28 02:00:00;0.0;122.70981038092543;;83.42536863393084;;;;
2022-01-28 03:00:00;0.0;122.70981038092543;;88.33071423916275;;;;
2022-01-28 04:00:00;0.0;122.70981038092543;;95.87215242730372;;;;
2022-01-28 05:00:00;0.0;122.70981038092543;;105.6182269063188;;;;
2022-01-28 06:00:00;0.0;122.70981038092543;;116.9733623373537;;;;
2022-01-28 07:00:00;0.0;122.70981038092543;;129.2266246692151;;;;
2022-01-28 08:00:00;0.0;122.70981038092543;;141.5937441603882;;;;
2022-01-28 09:00:00;0.0;122.70981038092543;;153.2775777955565;;;;
2022-01-28 10:00:00;0.0;122.70981038092543;;163.5050942790347;;;;
2022-01-28 11:00:00;0.0;122.70981038092543;;171.606623503873;;;;
2022-01-28 12:00:00;0.0;122.70981038092543;;177.0263917204308;;;;
2022-01-28 13:00:00;0.0;122.70981038092543;;179.412938033911;;;;
2022-01-28 14:00:00;0.0;122.70981038092543;;178.6122351894245;;;;
2022-01-28 15:00:00;0.0;122.70981038092543;;174.6955163363839;;;;
2022-01-28 16:00:00;0.0;122.70981038092543;;167.9415359259038;;;;
2022-01-28 17:00:00;0.0;122.70981038092543;;158.8280636146684;;;;
2022-01-28 18:00:00;0.0;122.70981038092543;;147.9997259565934;;;;
2022-01-28 19:00:00;0.0;122.70981038092543;;136.2332419671895;;;;
2022-01-28 20:00:00;0.0;122.70981038092543;;124.3558554062369;;;;
2022-01-28 21:00:00;0.0;122.70981038092543;;113.2233809307039;;;;
2022-01-28 22:00:00;0.0;122.70981038092543;;103.6211630306731;;;;
2022-01-28 23:00:00;0.0;122.70981038092543;;96.79566218602038;;;;
2022-01-29 00:00:00;0.0;122.70981038092543;;92.70465729404374;;;;
2022-01-29 01:00:00;0.0;122.70981038092543;;91.70447428431864;;;;
2022-01-29 02:00:00;0.0;122.70981038092543;;93.3807296409142;;;;
2022-01-29 03:00:00;0.0;122.70981038092543;;98.209223169643;;;;
2022-01-29 04:00:00;0.0;122.70981038092543;;105.8568280081203;;;;
2022-01-29 05:00:00;0.0;122.70981038092543;;115.7917724993095;;;;
2022-01-29 06:00:00;0.0;122.70981038092543;;127.3297636444014;;;;
2022-01-29 07:00:00;0.0;122.70981038092543;;139.6781990622248;;;;
2022-01-29 08:00:00;0.0;122.70981038092543;;151.9746328667815;;;;
2022-01-29 09:00:00;0.0;122.70981038092543;;163.3727243708901;;;;
2022-01-29 10:00:00;0.0;122.70981038092543;;173.0835952006825;;;;
2022-01-29 11:00:00;0.0;122.70981038092543;;180.4425105079932;;;;
2022-01-29 12:00:00;0.0;122.70981038092543;;184.9408733691151;;;;
2022-01-29 13:00:00;0.0;122.70981038092543;;186.2668500783388;;;;
2022-01-29 14:00:00;0.0;122.70981038092543;;184.3330374380252;;;;
2022-01-29 15:00:00;0.0;122.70981038092543;;179.2741593518957;;;;
2022-01-29 16:00:00;0.0;122.70981038092543;;171.4352924468793;;;;
2022-01-29 17:00:00;0.0;122.70981038092543;;161.3461401135318;;;;
2022-01-29 18:00:00;0.0;122.70981038092543;;149.6856780239339;;;;
2022-01-29 19:00:00;0.0;122.70981038092543;;137.2370601471819;;;;
2022-01-29 20:00:00;0.0;122.70981038092543;;124.8355318621024;;;;
2022-01-29 21:00:00;0.0;122.70981038092543;;113.3095772049615;;;;
2022-01-29 22:00:00;0.0;122.70981038092543;;103.4368583875103;;;;
2022-01-29 23:00:00;0.0;122.70981038092543;;95.28793042743123;;;;
2022-01-30 00:00:00;0.0;122.70981038092543;;89.96332444536532;;;;
2022-01-30 01:00:00;0.0;122.70981038092543;;87.7550794246692;;;;
2022-01-30 02:00:00;0.0;122.70981038092543;;89.33973043584687;;;;
2022-01-30 03:00:00;0.0;122.70981038092543;;93.9959165382547;;;;
2022-01-30 04:00:00;0.0;122.70981038092543;;101.4090016386524;;;;
2022-01-30 05:00:00;0.0;122.70981038092543;;111.0931126735139;;;;
2022-01-30 06:00:00;0.0;122.70981038092543;;122.401063990788;;;;
2022-01-30 07:00:00;0.0;122.70981038092543;;134.595116782894;;;;
2022-01-30 08:00:00;0.0;122.70981038092543;;146.8552775119423;;;;
2022-01-30 09:00:00;0.0;122.70981038092543;;158.380478298359;;;;
2022-01-30 10:00:00;0.0;122.70981038092543;;168.3878489311113;;;;
2022-01-30 11:00:00;0.0;122.70981038092543;;176.2208486666305;;;;
2022-01-30 12:00:00;0.0;122.70981038092543;;181.3589709467575;;;;
2022-01-30 13:00:00;0.0;122.70981038092543;;183.4669701764136;;;;
2022-01-30 14:00:00;0.0;122.70981038092543;;182.4064944566275;;;;
2022-01-30 15:00:00;0.0;122.70981038092543;;178.2451437521169;;;;
2022-01-30 16:00:00;0.0;122.70981038092543;;171.2764613451706;;;;
2022-01-30 17:00:00;0.0;122.70981038092543;;161.9876709981656;;;;
2022-01-30 18:00:00;0.0;122.70981038092543;;151.0177808147085;;;;
2022-01-30 19:00:00;0.0;122.70981038092543;;139.1343741579699;;;;
2022-01-30 20:00:00;0.0;122.70981038092543;;127.1674449530439;;;;
2022-01-30 21:00:00;0.0;122.70981038092543;;115.972682009204;;;;
2022-01-30 22:00:00;0.0;122.70981038092543;;106.348555640678;;;;
2022-01-30 23:00:00;0.0;122.70981038092543;;97.63283434893776;;;;
2022-01-31 00:00:00;0.0;122.70981038092543;;91.75945411739532;;;;
2022-01-31 01:00:00;0.0;122.70981038092543;;89.04111000091785;;;;
2022-01-31 02:00:00;0.0;122.70981038092543;;90.93593593133326;;;;
2022-01-31 03:00:00;0.0;122.70981038092543;;95.93340954445512;;;;
2022-01-31 04:00:00;0.0;122.70981038092543;;103.7340849539287;;;;
2022-01-31 05:00:00;0.0;122.70981038092543;;113.8352959791997;;;;
2022-01-31 06:00:00;0.0;122.70981038092543;;125.5807232147377;;;;
2022-01-31 07:00:00;0.0;122.70981038092543;;138.1816784129225;;;;
2022-01-31 08:00:00;0.0;122.70981038092543;;150.7900379702913;;;;
2022-01-31 09:00:00;0.0;122.70981038092543;;162.5391906263608;;;;
2022-01-31 10:00:00;0.0;122.70981038092543;;172.633245751732;;;;
2022-01-31 11:00:00;0.0;122.70981038092543;;180.380905295385;;;;
2022-01-31 12:00:00;0.0;122.70981038092543;;185.2460900394902;;;;
2022-01-31 13:00:00;0.0;122.70981038092543;;186.8874248598072;;;;
2022-01-31 14:00:00;0.0;122.70981038092543;;185.1985670112733;;;;
2022-01-31 15:00:00;0.0;122.70981038092543;;180.2965740803932;;;;
2022-01-31 16:00:00;0.0;122.70981038092543;;172.5112091886962;;;;
2022-01-31 17:00:00;0.0;122.70981038092543;;162.3746963963151;;;;
2022-01-31 18:00:00;0.0;122.70981038092543;;150.5714256183662;;;;
2022-01-31 19:00:00;0.0;122.70981038092543;;137.9183240877126;;;;
2022-01-31 20:00:00;0.0;122.70981038092543;;125.2622405420449;;;;
2022-01-31 21:00:00;0.0;122.70981038092543;;113.4605671379356;;;;
2022-01-31 22:00:00;0.0;122.70981038092543;;103.2960221944509;;;;
2022-01-31 23:00:00;0.0;122.70981038092543;;94.32979896595256;;;;
2022-02-01 00:00:00;0.0;122.70981038092543;;88.17333741395342;;;;
2022-02-01 01:00:00;0.0;122.70981038092543;;85.07127613846338;;;;
2022-02-01 02:00:00;0.0;122.70981038092543;;86.15136067131404;;;;
2022-02-01 03:00:00;0.0;122.70981038092543;;90.10558051920738;;;;
2022-02-01 04:00:00;0.0;122.70981038092543;;96.58097996706373;;;;
2022-02-01 05:00:00;0.0;122.70981038092543;;105.0658915924639;;;;
2022-02-01 06:00:00;0.0;122.70981038092543;;114.898795466763;;;;
2022-02-01 07:00:00;0.0;122.70981038092543;;125.3445408520638;;;;
2022-02-01 08:00:00;0.0;122.70981038092543;;135.6155787553211;;;;
2022-02-01 09:00:00;0.0;122.70981038092543;;144.9653998289956;;;;
2022-02-01 10:00:00;0.0;122.70981038092543;;152.7104321038529;;;;
2022-02-01 11:00:00;0.0;122.70981038092543;;158.3021527855248;;;;
2022-02-01 12:00:00;0.0;122.70981038092543;;161.3253584747041;;;;
2022-02-01 13:00:00;0.0;122.70981038092543;;161.563513009403;;;;
2022-02-01 14:00:00;0.0;122.70981038092543;;158.9783391682806;;;;
2022-02-01 15:00:00;0.0;122.70981038092543;;153.7407683567452;;;;
2022-02-01 16:00:00;0.0;122.70981038092543;;146.1821352161155;;;;
2022-02-01 17:00:00;0.0;122.70981038092543;;136.8011179359626;;;;
2022-02-01 18:00:00;0.0;122.70981038092543;;126.2021401887469;;;;
2022-02-01 19:00:00;0.0;122.70981038092543;;115.0655531342062;;;;
2022-02-01 20:00:00;0.0;122.70981038092543;;104.0943606812196;;;;
2022-02-01 21:00:00;0.0;122.70981038092543;;93.97780445956856;;;;
2022-02-01 22:00:00;0.0;122.70981038092543;;85.33695106267291;;;;
2022-02-01 23:00:00;0.0;122.70981038092543;;78.66082074294448;;;;
2022-02-02 00:00:00;0.0;122.70981038092543;;74.35301819878495;;;;
2022-02-02 01:00:00;0.0;122.70981038092543;;72.63622038392276;;;;
2022-02-02 02:00:00;0.0;122.70981038092543;;73.58572206922533;;;;
2022-02-02 03:00:00;0.0;122.70981038092543;;77.05496132400131;;;;
2022-02-02 04:00:00;0.0;122.70981038092543;;82.76410108956975;;;;
2022-02-02 05:00:00;0.0;122.70981038092543;;90.2856972182473;;;;
2022-02-02 06:00:00;0.0;122.70981038092543;;99.08790826327603;;;;
2022-02-02 07:00:00;0.0;122.70981038092543;;108.5482169851083;;;;
2022-02-02 08:00:00;0.0;122.70981038092543;;118.0258755955938;;;;
2022-02-02 09:00:00;0.0;122.70981038092543;;126.8702533442189;;;;
2022-02-02 10:00:00;0.0;122.70981038092543;;134.4894907613502;;;;
2022-02-02 11:00:00;0.0;122.70981038092543;;140.3661779792958;;;;
2022-02-02 12:00:00;0.0;122.70981038092543;;144.1030793162434;;;;
2022-02-02 13:00:00;0.0;122.70981038092543;;145.4510650290455;;;;
2022-02-02 14:00:00;0.0;122.70981038092543;;144.3224911626726;;;;
2022-02-02 15:00:00;0.0;122.70981038092543;;140.7952710057398;;;;
2022-02-02 16:00:00;0.0;122.70981038092543;;135.1029328544814;;;;
2022-02-02 17:00:00;0.0;122.70981038092543;;127.6254974367576;;;;
2022-02-02 18:00:00;0.0;122.70981038092543;;118.8732884040121;;;;
2022-02-02 19:00:00;0.0;122.70981038092543;;109.4472051491813;;;;
2022-02-02 20:00:00;0.0;122.70981038092543;;99.99408375427228;;;;
2022-02-02 21:00:00;0.0;122.70981038092543;;91.17349353737664;;;;
2022-02-02 22:00:00;0.0;122.70981038092543;;83.60762711567989;;;;
2022-02-02 23:00:00;0.0;122.70981038092543;;78.74113550662636;;;;
2022-02-03 00:00:00;0.0;122.70981038092543;;76.09625133820765;;;;
2022-02-03 01:00:00;0.0;122.70981038092543;;75.99202405340367;;;;
2022-02-03 02:00:00;0.0;122.70981038092543;;77.68032808928454;;;;
2022-02-03 03:00:00;0.0;122.70981038092543;;82.03772453952283;;;;
2022-02-03 04:00:00;0.0;122.70981038092543;;88.81977572998798;;;;
2022-02-03 05:00:00;0.0;122.70981038092543;;97.61491742589668;;;;
2022-02-03 06:00:00;0.0;122.70981038092543;;107.8640577343726;;;;
2022-02-03 07:00:00;0.0;122.70981038092543;;118.8983158297648;;;;
2022-02-03 08:00:00;0.0;122.70981038092543;;129.9970315075977;;;;
2022-02-03 09:00:00;0.0;122.70981038092543;;140.4262444642146;;;;
2022-02-03 10:00:00;0.0;122.70981038092543;;149.494769723654;;;;
2022-02-03 11:00:00;0.0;122.70981038092543;;156.5858427073887;;;;
2022-02-03 12:00:00;0.0;122.70981038092543;;161.2215831991365;;;;
2022-02-03 13:00:00;0.0;122.70981038092543;;163.0943872597824;;;;
2022-02-03 14:00:00;0.0;122.70981038092543;;162.0808575743271;;;;
2022-02-03 15:00:00;0.0;122.70981038092543;;158.2538856500723;;;;
2022-02-03 16:00:00;0.0;122.70981038092543;;151.8805269392443;;;;
2022-02-03 17:00:00;0.0;122.70981038092543;;143.4074998767616;;;;
2022-02-03 18:00:00;0.0;122.70981038092543;;133.4271148562595;;;;
2022-02-03 19:00:00;0.0;122.70981038092543;;122.6334426309379;;;;
2022-02-03 20:00:00;0.0;122.70981038092543;;111.7825211302009;;;;
2022-02-03 21:00:00;0.0;122.70981038092543;;101.6325675828476;;;;
2022-02-03 22:00:00;0.0;122.70981038092543;;92.88990711643233;;;;
2022-02-03 23:00:00;0.0;122.70981038092543;;87.34797503405068;;;;
2022-02-04 00:00:00;0.0;122.70981038092543;;84.26319972442678;;;;
2022-02-04 01:00:00;0.0;122.70981038092543;;83.96900895401825;;;;
2022-02-04 02:00:00;0.0;122.70981038092543;;85.4157374336199;;;;
2022-02-04 03:00:00;0.0;122.70981038092543;;89.7508182520792;;;;
2022-02-04 04:00:00;0.0;122.70981038092543;;96.6591068674646;;;;
2022-02-04 05:00:00;0.0;122.70981038092543;;105.6590400932153;;;;
2022-02-04 06:00:00;0.0;122.70981038092543;;116.1168115016936;;;;
2022-02-04 07:00:00;0.0;122.70981038092543;;127.3111131598161;;;;
2022-02-04 08:00:00;0.0;122.70981038092543;;138.4568414393351;;;;
2022-02-04 09:00:00;0.0;122.70981038092543;;148.7872624281088;;;;
2022-02-04 10:00:00;0.0;122.70981038092543;;157.5863967077296;;;;
2022-02-04 11:00:00;0.0;122.70981038092543;;164.2512012248446;;;;
2022-02-04 12:00:00;0.0;122.70981038092543;;168.3206259525597;;;;
2022-02-04 13:00:00;0.0;122.70981038092543;;169.5161715966859;;;;
2022-02-04 14:00:00;0.0;122.70981038092543;;167.7677824472044;;;;
2022-02-04 15:00:00;0.0;122.70981038092543;;163.1896662659113;;;;
2022-02-04 16:00:00;0.0;122.70981038092543;;156.0986839354619;;;;
2022-02-04 17:00:00;0.0;122.70981038092543;;146.9633712637288;;;;
2022-02-04 18:00:00;0.0;122.70981038092543;;136.4043538682345;;;;
2022-02-04 19:00:00;0.0;122.70981038092543;;125.1303050207143;;;;
2022-02-04 20:00:00;0.0;122.70981038092543;;113.9025980439415;;;;
2022-02-04 21:00:00;0.0;122.70981038092543;;103.4757043569958;;;;
2022-02-04 22:00:00;0.0;122.70981038092543;;94.55176840916678;;;;
2022-02-04 23:00:00;0.0;122.70981038092543;;88.23127594412611;;;;
2022-02-05 00:00:00;0.0;122.70981038092543;;84.47169600640163;;;;
2022-02-05 01:00:00;0.0;122.70981038092543;;83.58805808087388;;;;
2022-02-05 02:00:00;0.0;122.70981038092543;;85.21095046187021;;;;
2022-02-05 03:00:00;0.0;122.70981038092543;;89.7811709212856;;;;
2022-02-05 04:00:00;0.0;122.70981038092543;;97.0120803443546;;;;
2022-02-05 05:00:00;0.0;122.70981038092543;;106.4481261822236;;;;
2022-02-05 06:00:00;0.0;122.70981038092543;;117.4803461710167;;;;
2022-02-05 07:00:00;0.0;122.70981038092543;;129.4068615633245;;;;
2022-02-05 08:00:00;0.0;122.70981038092543;;141.4525665784834;;;;
2022-02-05 09:00:00;0.0;122.70981038092543;;152.8427931302658;;;;
2022-02-05 10:00:00;0.0;122.70981038092543;;162.8323662222054;;;;
2022-02-05 11:00:00;0.0;122.70981038092543;;170.7704969461903;;;;
2022-02-05 12:00:00;0.0;122.70981038092543;;176.1284508948978;;;;
2022-02-05 13:00:00;0.0;122.70981038092543;;178.5679547347652;;;;
2022-02-05 14:00:00;0.0;122.70981038092543;;177.935377619621;;;;
2022-02-05 15:00:00;0.0;122.70981038092543;;174.2885410726323;;;;
2022-02-05 16:00:00;0.0;122.70981038092543;;167.8770743471668;;;;
2022-02-05 17:00:00;0.0;122.70981038092543;;159.150552668103;;;;
2022-02-05 18:00:00;0.0;122.70981038092543;;148.7280759421265;;;;
2022-02-05 19:00:00;0.0;122.70981038092543;;137.3505322836513;;;;
2022-02-05 20:00:00;0.0;122.70981038092543;;125.8425720839094;;;;
2022-02-05 21:00:00;0.0;122.70981038092543;;115.0441108865427;;;;
2022-02-05 22:00:00;0.0;122.70981038092543;;105.7561880608778;;;;
2022-02-05 23:00:00;0.0;122.70981038092543;;98.06780947110926;;;;
2022-02-06 00:00:00;0.0;122.70981038092543;;93.17449538891634;;;;
2022-02-06 01:00:00;0.0;122.70981038092543;;91.43500151249076;;;;
2022-02-06 02:00:00;0.0;122.70981038092543;;93.6154623523075;;;;
2022-02-06 03:00:00;0.0;122.70981038092543;;99.00155225182752;;;;
2022-02-06 04:00:00;0.0;122.70981038092543;;107.3092434375107;;;;
2022-02-06 05:00:00;0.0;122.70981038092543;;118.0391776034703;;;;
2022-02-06 06:00:00;0.0;122.70981038092543;;130.5249871208356;;;;
2022-02-06 07:00:00;0.0;122.70981038092543;;143.9569473995655;;;;
2022-02-06 08:00:00;0.0;122.70981038092543;;157.4553614552819;;;;
2022-02-06 09:00:00;0.0;122.70981038092543;;170.1220313381226;;;;
2022-02-06 10:00:00;0.0;122.70981038092543;;181.1046843136338;;;;
2022-02-06 11:00:00;0.0;122.70981038092543;;189.6669276187618;;;;
2022-02-06 12:00:00;0.0;122.70981038092543;;195.2146798780166;;;;
2022-02-06 13:00:00;0.0;122.70981038092543;;197.3855156576969;;;;
2022-02-06 14:00:00;0.0;122.70981038092543;;196.0292871271823;;;;
2022-02-06 15:00:00;0.0;122.70981038092543;;191.2492371343405;;;;
2022-02-06 16:00:00;0.0;122.70981038092543;;183.3752912505407;;;;
2022-02-06 17:00:00;0.0;122.70981038092543;;172.957214258015;;;;
2022-02-06 18:00:00;0.0;122.70981038092543;;160.7188983828086;;;;
2022-02-06 19:00:00;0.0;122.70981038092543;;147.5185547613183;;;;
2022-02-06 20:00:00;0.0;122.70981038092543;;134.2629277898779;;;;
2022-02-06 21:00:00;0.0;122.70981038092543;;121.8735655910374;;;;
2022-02-06 22:00:00;0.0;122.70981038092543;;111.1899635805681;;;;
2022-02-06 23:00:00;0.0;122.70981038092543;;101.5118098625635;;;;
2022-02-07 00:00:00;0.0;122.70981038092543;;94.83555882286568;;;;
2022-02-07 01:00:00;0.0;122.70981038092543;;91.43546256514256;;;;
2022-02-07 02:00:00;0.0;122.70981038092543;;92.7823038198838;;;;
2022-02-07 03:00:00;0.0;122.70981038092543;;97.23067615291222;;;;
2022-02-07 04:00:00;0.0;122.70981038092543;;104.4218474662652;;;;
2022-02-07 05:00:00;0.0;122.70981038092543;;113.8078299769733;;;;
2022-02-07 06:00:00;0.0;122.70981038092543;;124.6851033932611;;;;
2022-02-07 07:00:00;0.0;122.70981038092543;;136.253992337685;;;;
2022-02-07 08:00:00;0.0;122.70981038092543;;147.6677479507294;;;;
2022-02-07 09:00:00;0.0;122.70981038092543;;158.1155924005144;;;;
2022-02-07 10:00:00;0.0;122.70981038092543;;166.8484680371575;;;;
2022-02-07 11:00:00;0.0;122.70981038092543;;173.241673654559;;;;
2022-02-07 12:00:00;0.0;122.70981038092543;;176.8266541966434;;;;
2022-02-07 13:00:00;0.0;122.70981038092543;;177.3435179637534;;;;
2022-02-07 14:00:00;0.0;122.70981038092543;;174.7530387168418;;;;
2022-02-07 15:00:00;0.0;122.70981038092543;;169.2204691978498;;;;
2022-02-07 16:00:00;0.0;122.70981038092543;;161.1056112186622;;;;
2022-02-07 17:00:00;0.0;122.70981038092543;;150.9416980716428;;;;
2022-02-07 18:00:00;0.0;122.70981038092543;;139.3923212013131;;;;
2022-02-07 19:00:00;0.0;122.70981038092543;;127.2102015217161;;;;
2022-02-07 20:00:00;0.0;122.70981038092543;;115.1790269145237;;;;
2022-02-07 21:00:00;0.0;122.70981038092543;;104.0649757596645;;;;
2022-02-07 22:00:00;0.0;122.70981038092543;;94.56251045959245;;;;
2022-02-07 23:00:00;0.0;122.70981038092543;;86.22776945630487;;;;
2022-02-08 00:00:00;0.0;122.70981038092543;;80.52735893189947;;;;
2022-02-08 01:00:00;0.0;122.70981038092543;;77.67613489621655;;;;
2022-02-08 02:00:00;0.0;122.70981038092543;;78.71156623845147;;;;
2022-02-08 03:00:00;0.0;122.70981038092543;;82.42779296385048;;;;
2022-02-08 04:00:00;0.0;122.70981038092543;;88.52101697764536;;;;
2022-02-08 05:00:00;0.0;122.70981038092543;;96.5393122907234;;;;
2022-02-08 06:00:00;0.0;122.70981038092543;;105.9058554150678;;;;
2022-02-08 07:00:00;0.0;122.70981038092543;;115.9637625569462;;;;
2022-02-08 08:00:00;0.0;122.70981038092543;;126.0123311855515;;;;
2022-02-08 09:00:00;0.0;122.70981038092543;;135.3566228006849;;;;
2022-02-08 10:00:00;0.0;122.70981038092543;;143.3593283806172;;;;
2022-02-08 11:00:00;0.0;122.70981038092543;;149.4720130768879;;;;
2022-02-08 12:00:00;0.0;122.70981038092543;;153.2861537855496;;;;
2022-02-08 13:00:00;0.0;122.70981038092543;;154.5320756683833;;;;
2022-02-08 14:00:00;0.0;122.70981038092543;;153.1293919124169;;;;
2022-02-08 15:00:00;0.0;122.70981038092543;;149.1633843161308;;;;
2022-02-08 16:00:00;0.0;122.70981038092543;;142.9025662302035;;;;
2022-02-08 17:00:00;0.0;122.70981038092543;;134.7616956493598;;;;
2022-02-08 18:00:00;0.0;122.70981038092543;;125.2954789869315;;;;
2022-02-08 19:00:00;0.0;122.70981038092543;;115.1434563823728;;;;
2022-02-08 20:00:00;0.0;122.70981038092543;;104.990417667764;;;;
2022-02-08 21:00:00;0.0;122.70981038092543;;95.53028367062822;;;;
2022-02-08 22:00:00;0.0;122.70981038092543;;87.41217554473332;;;;
2022-02-08 23:00:00;0.0;122.70981038092543;;81.17490111755836;;;;
2022-02-09 00:00:00;0.0;122.70981038092543;;77.28559079456896;;;;
2022-02-09 01:00:00;0.0;122.70981038092543;;76.02573368427709;;;;
2022-02-09 02:00:00;0.0;122.70981038092543;;77.5295634495225;;;;
2022-02-09 03:00:00;0.0;122.70981038092543;;81.67935844888979;;;;
2022-02-09 04:00:00;0.0;122.70981038092543;;88.21069745913394;;;;
2022-02-09 05:00:00;0.0;122.70981038092543;;96.69740320218963;;;;
2022-02-09 06:00:00;0.0;122.70981038092543;;106.5781565615823;;;;
2022-02-09 07:00:00;0.0;122.70981038092543;;117.1862005079622;;;;
2022-02-09 08:00:00;0.0;122.70981038092543;;127.8080774767233;;;;
2022-02-09 09:00:00;0.0;122.70981038092543;;137.7132614696687;;;;
2022-02-09 10:00:00;0.0;122.70981038092543;;146.2337635221595;;;;
2022-02-09 11:00:00;0.0;122.70981038092543;;152.7787714311222;;;;
2022-02-09 12:00:00;0.0;122.70981038092543;;156.9058900219807;;;;
2022-02-09 13:00:00;0.0;122.70981038092543;;158.3230003653091;;;;
2022-02-09 14:00:00;0.0;122.70981038092543;;156.9304325590756;;;;
2022-02-09 15:00:00;0.0;122.70981038092543;;152.821212162422;;;;
2022-02-09 16:00:00;0.0;122.70981038092543;;146.2818414309214;;;;
2022-02-09 17:00:00;0.0;122.70981038092543;;137.760453770747;;;;
2022-02-09 18:00:00;0.0;122.70981038092543;;127.8436791623653;;;;
2022-02-09 19:00:00;0.0;122.70981038092543;;117.201034736114;;;;
2022-02-09 20:00:00;0.0;122.70981038092543;;106.5579586906511;;;;
2022-02-09 21:00:00;0.0;122.70981038092543;;96.62809402551493;;;;
2022-02-09 22:00:00;0.0;122.70981038092543;;88.08093133697089;;;;
2022-02-09 23:00:00;0.0;122.70981038092543;;82.39998732362055;;;;
2022-02-10 00:00:00;0.0;122.70981038092543;;79.0731392536498;;;;
2022-02-10 01:00:00;0.0;122.70981038092543;;78.38938067842713;;;;
2022-02-10 02:00:00;0.0;122.70981038092543;;79.5296930023635;;;;
2022-02-10 03:00:00;0.0;122.70981038092543;;83.343377451527;;;;
2022-02-10 04:00:00;0.0;122.70981038092543;;89.52297549814679;;;;
2022-02-10 05:00:00;0.0;122.70981038092543;;97.60222604595786;;;;
2022-02-10 06:00:00;0.0;122.70981038092543;;106.9865245250427;;;;
2022-02-10 07:00:00;0.0;122.70981038092543;;117.0020418771103;;;;
2022-02-10 08:00:00;0.0;122.70981038092543;;126.9305149236741;;;;
2022-02-10 09:00:00;0.0;122.70981038092543;;136.069129209896;;;;
2022-02-10 10:00:00;0.0;122.70981038092543;;143.7694180038125;;;;
2022-02-10 11:00:00;0.0;122.70981038092543;;149.500989265148;;;;
2022-02-10 12:00:00;0.0;122.70981038092543;;152.8563082783637;;;;
2022-02-10 13:00:00;0.0;122.70981038092543;;153.6073197511931;;;;
2022-02-10 14:00:00;0.0;122.70981038092543;;151.6941810154531;;;;
2022-02-10 15:00:00;0.0;122.70981038092543;;147.2485214612406;;;;
2022-02-10 16:00:00;0.0;122.70981038092543;;140.5615499415071;;;;
2022-02-10 17:00:00;0.0;122.70981038092543;;132.0729468642967;;;;
2022-02-10 18:00:00;0.0;122.70981038092543;;122.3473652725789;;;;
2022-02-10 19:00:00;0.0;122.70981038092543;;112.0298738834206;;;;
2022-02-10 20:00:00;0.0;122.70981038092543;;101.8012511933026;;;;
2022-02-10 21:00:00;0.0;122.70981038092543;;92.33226875786858;;;;
2022-02-10 22:00:00;0.0;122.70981038092543;;84.2397431680713;;;;
2022-02-10 23:00:00;0.0;122.70981038092543;;79.12008543525675;;;;
2022-02-11 00:00:00;0.0;122.70981038092543;;76.28890900497984;;;;
2022-02-11 01:00:00;0.0;122.70981038092543;;76.04075019457485;;;;
2022-02-11 02:00:00;0.0;122.70981038092543;;77.43605440920541;;;;
2022-02-11 03:00:00;0.0;122.70981038092543;;81.51384299359171;;;;
2022-02-11 04:00:00;0.0;122.70981038092543;;88.0083458354241;;;;
2022-02-11 05:00:00;0.0;122.70981038092543;;96.50803307032078;;;;
2022-02-11 06:00:00;0.0;122.70981038092543;;106.4648365265466;;;;
2022-02-11 07:00:00;0.0;122.70981038092543;;117.2395319219491;;;;
2022-02-11 08:00:00;0.0;122.70981038092543;;128.1394748967694;;;;
2022-02-11 09:00:00;0.0;122.70981038092543;;138.4529108207026;;;;
2022-02-11 10:00:00;0.0;122.70981038092543;;147.5150439145;;;;
2022-02-11 11:00:00;0.0;122.70981038092543;;154.7231615830283;;;;
2022-02-11 12:00:00;0.0;122.70981038092543;;159.6224892274853;;;;
2022-02-11 13:00:00;0.0;122.70981038092543;;161.8983346273579;;;;
2022-02-11 14:00:00;0.0;122.70981038092543;;161.4141868680802;;;;
2022-02-11 15:00:00;0.0;122.70981038092543;;158.2041402911462;;;;
2022-02-11 16:00:00;0.0;122.70981038092543;;152.4937016394096;;;;
2022-02-11 17:00:00;0.0;122.70981038092543;;144.6868536952718;;;;
2022-02-11 18:00:00;0.0;122.70981038092543;;135.3425345974059;;;;
2022-02-11 19:00:00;0.0;122.70981038092543;;125.1311360692079;;;;
2022-02-11 20:00:00;0.0;122.70981038092543;;114.7855563035594;;;;
2022-02-11 21:00:00;0.0;122.70981038092543;;105.0680943000304;;;;
2022-02-11 22:00:00;0.0;122.70981038092543;;96.7120113868326;;;;
2022-02-11 23:00:00;0.0;122.70981038092543;;90.88094101414728;;;;
2022-02-12 00:00:00;0.0;122.70981038092543;;87.5889439326728;;;;
2022-02-12 01:00:00;0.0;122.70981038092543;;87.215986586451;;;;
2022-02-12 02:00:00;0.0;122.70981038092543;;89.44392141118004;;;;
2022-02-12 03:00:00;0.0;122.70981038092543;;94.75467036051324;;;;
2022-02-12 04:00:00;0.0;122.70981038092543;;102.8859253486721;;;;
2022-02-12 05:00:00;0.0;122.70981038092543;;113.375551701361;;;;
2022-02-12 06:00:00;0.0;122.70981038092543;;125.5903573420189;;;;
2022-02-12 07:00:00;0.0;122.70981038092543;;138.7685296829747;;;;
2022-02-12 08:00:00;0.0;122.70981038092543;;152.0652320975507;;;;
2022-02-12 09:00:00;0.0;122.70981038092543;;164.6101880962581;;;;
2022-02-12 10:00:00;0.0;122.70981038092543;;175.5785717172356;;;;
2022-02-12 11:00:00;0.0;122.70981038092543;;184.2396950466974;;;;
2022-02-12 12:00:00;0.0;122.70981038092543;;190.0137288370431;;;;
2022-02-12 13:00:00;0.0;122.70981038092543;;192.5160262337385;;;;
2022-02-12 14:00:00;0.0;122.70981038092543;;191.5873235772697;;;;
2022-02-12 15:00:00;0.0;122.70981038092543;;187.306773797088;;;;
2022-02-12 16:00:00;0.0;122.70981038092543;;179.9764458835621;;;;
2022-02-12 17:00:00;0.0;122.70981038092543;;170.1103598347971;;;;
2022-02-12 18:00:00;0.0;122.70981038092543;;158.4099976862876;;;;
2022-02-12 19:00:00;0.0;122.70981038092543;;145.7042587277974;;;;
2022-02-12 20:00:00;0.0;122.70981038092543;;132.8979455029077;;;;
2022-02-12 21:00:00;0.0;122.70981038092543;;120.8953811328146;;;;
2022-02-12 22:00:00;0.0;122.70981038092543;;110.5377279592144;;;;
2022-02-12 23:00:00;0.0;122.70981038092543;;101.9054032005194;;;;
2022-02-13 00:00:00;0.0;122.70981038092543;;96.2199980469792;;;;
2022-02-13 01:00:00;0.0;122.70981038092543;;93.8100456666123;;;;
2022-02-13 02:00:00;0.0;122.70981038092543;;95.41452577922364;;;;
2022-02-13 03:00:00;0.0;122.70981038092543;;100.2258076856039;;;;
2022-02-13 04:00:00;0.0;122.70981038092543;;107.8906967960488;;;;
2022-02-13 05:00:00;0.0;122.70981038092543;;117.866522997209;;;;
2022-02-13 06:00:00;0.0;122.70981038092543;;129.440437487105;;;;
2022-02-13 07:00:00;0.0;122.70981038092543;;141.7886843032306;;;;
2022-02-13 08:00:00;0.0;122.70981038092543;;154.0375477944914;;;;
2022-02-13 09:00:00;0.0;122.70981038092543;;165.3222232017887;;;;
2022-02-13 10:00:00;0.0;122.70981038092543;;174.8680260476795;;;;
2022-02-13 11:00:00;0.0;122.70981038092543;;181.9961493590289;;;;
2022-02-13 12:00:00;0.0;122.70981038092543;;186.2075251583299;;;;
2022-02-13 13:00:00;0.0;122.70981038092543;;187.2015766455283;;;;
2022-02-13 14:00:00;0.0;122.70981038092543;;184.904038528445;;;;
2022-02-13 15:00:00;0.0;122.70981038092543;;179.4768898807623;;;;
2022-02-13 16:00:00;0.0;122.70981038092543;;171.2772518267632;;;;
2022-02-13 17:00:00;0.0;122.70981038092543;;160.8648327550482;;;;
2022-02-13 18:00:00;0.0;122.70981038092543;;148.9279485295527;;;;
2022-02-13 19:00:00;0.0;122.70981038092543;;136.2498730284768;;;;
2022-02-13 20:00:00;0.0;122.70981038092543;;123.66766180857;;;;
2022-02-13 21:00:00;0.0;122.70981038092543;;111.9964273434767;;;;
2022-02-13 22:00:00;0.0;122.70981038092543;;102.0052682238242;;;;
2022-02-13 23:00:00;0.0;122.70981038092543;;93.00715615377813;;;;
2022-02-14 00:00:00;0.0;122.70981038092543;;86.82842860536526;;;;
2022-02-14 01:00:00;0.0;122.70981038092543;;83.70697646129891;;;;
2022-02-14 02:00:00;0.0;122.70981038092543;;84.99786416236229;;;;
2022-02-14 03:00:00;0.0;122.70981038092543;;89.19006791883254;;;;
2022-02-14 04:00:00;0.0;122.70981038092543;;95.9728383004447;;;;
2022-02-14 05:00:00;0.0;122.70981038092543;;104.8604239025332;;;;
2022-02-14 06:00:00;0.0;122.70981038092543;;115.2392423932149;;;;
2022-02-14 07:00:00;0.0;122.70981038092543;;126.3922313188838;;;;
2022-02-14 08:00:00;0.0;122.70981038092543;;137.5681637136347;;;;
2022-02-14 09:00:00;0.0;122.70981038092543;;147.9911148242882;;;;
2022-02-14 10:00:00;0.0;122.70981038092543;;156.962808519906;;;;
2022-02-14 11:00:00;0.0;122.70981038092543;;163.8669445966999;;;;
2022-02-14 12:00:00;0.0;122.70981038092543;;168.2494084262427;;;;
2022-02-14 13:00:00;0.0;122.70981038092543;;169.8062609563956;;;;
2022-02-14 14:00:00;0.0;122.70981038092543;;168.4341254137651;;;;
2022-02-14 15:00:00;0.0;122.70981038092543;;164.2224637060933;;;;
2022-02-14 16:00:00;0.0;122.70981038092543;;157.4545983232909;;;;
2022-02-14 17:00:00;0.0;122.70981038092543;;148.5834617400629;;;;
2022-02-14 18:00:00;0.0;122.70981038092543;;138.2140746089858;;;;
2022-02-14 19:00:00;0.0;122.70981038092543;;127.0576947277329;;;;
2022-02-14 20:00:00;0.0;122.70981038092543;;115.8881036304292;;;;
2022-02-14 21:00:00;0.0;122.70981038092543;;105.4705378849465;;;;
2022-02-14 22:00:00;0.0;122.70981038092543;;96.52520367812348;;;;
2022-02-14 23:00:00;0.0;122.70981038092543;;88.61297448009805;;;;
2022-02-15 00:00:00;0.0;122.70981038092543;;83.30275183316672;;;;
2022-02-15 01:00:00;0.0;122.70981038092543;;80.86657029360238;;;;
2022-02-15 02:00:00;0.0;122.70981038092543;;82.44072491823536;;;;
2022-02-15 03:00:00;0.0;122.70981038092543;;86.81748900944308;;;;
2022-02-15 04:00:00;0.0;122.70981038092543;;93.7199473710854;;;;
2022-02-15 05:00:00;0.0;122.70981038092543;;102.6849326891748;;;;
2022-02-15 06:00:00;0.0;122.70981038092543;;113.1097964813938;;;;
2022-02-15 07:00:00;0.0;122.70981038092543;;124.2807791592177;;;;
2022-02-15 08:00:00;0.0;122.70981038092543;;135.4378712967127;;;;
2022-02-15 09:00:00;0.0;122.70981038092543;;145.8131301817257;;;;
2022-02-15 10:00:00;0.0;122.70981038092543;;154.687979577542;;;;
2022-02-15 11:00:00;0.0;122.70981038092543;;161.4469292329905;;;;
2022-02-15 12:00:00;0.0;122.70981038092543;;165.6240216005783;;;;
2022-02-15 13:00:00;0.0;122.70981038092543;;166.9250623328317;;;;
2022-02-15 14:00:00;0.0;122.70981038092543;;165.2661108567977;;;;
2022-02-15 15:00:00;0.0;122.70981038092543;;160.7472427390463;;;;
2022-02-15 16:00:00;0.0;122.70981038092543;;153.6730032906489;;;;
2022-02-15 17:00:00;0.0;122.70981038092543;;144.5152600201541;;;;
2022-02-15 18:00:00;0.0;122.70981038092543;;133.9097851540667;;;;
2022-02-15 19:00:00;0.0;122.70981038092543;;122.5714157556512;;;;
2022-02-15 20:00:00;0.0;122.70981038092543;;111.2638457687081;;;;
2022-02-15 21:00:00;0.0;122.70981038092543;;100.7306047131232;;;;
2022-02-15 22:00:00;0.0;122.70981038092543;;91.6684297832729;;;;
2022-02-15 23:00:00;0.0;122.70981038092543;;84.61131533485624;;;;
2022-02-16 00:00:00;0.0;122.70981038092543;;80.0337001830131;;;;
2022-02-16 01:00:00;0.0;122.70981038092543;;78.18640530880143;;;;
2022-02-16 02:00:00;0.0;122.70981038092543;;79.16733399128785;;;;
2022-02-16 03:00:00;0.0;122.70981038092543;;82.79359654218135;;;;
2022-02-16 04:00:00;0.0;122.70981038092543;;88.74754568500259;;;;
2022-02-16 05:00:00;0.0;122.70981038092543;;96.54883975053512;;;;
2022-02-16 06:00:00;0.0;122.70981038092543;;105.5970193014683;;;;
2022-02-16 07:00:00;0.0;122.70981038092543;;115.2144932577631;;;;
2022-02-16 08:00:00;0.0;122.70981038092543;;124.691681632838;;;;
2022-02-16 09:00:00;0.0;122.70981038092543;;133.339631757937;;;;
2022-02-16 10:00:00;0.0;122.70981038092543;;140.5320109474745;;;;
2022-02-16 11:00:00;0.0;122.70981038092543;;145.7635475206324;;;;
2022-02-16 12:00:00;0.0;122.70981038092543;;148.6537040929638;;;;
2022-02-16 13:00:00;0.0;122.70981038092543;;148.9922589744254;;;;
2022-02-16 14:00:00;0.0;122.70981038092543;;146.7431079999815;;;;
2022-02-16 15:00:00;0.0;122.70981038092543;;142.0516022310186;;;;
2022-02-16 16:00:00;0.0;122.70981038092543;;135.2230504049086;;;;
2022-02-16 17:00:00;0.0;122.70981038092543;;126.7006224484542;;;;
2022-02-16 18:00:00;0.0;122.70981038092543;;117.0388555293845;;;;
2022-02-16 19:00:00;0.0;122.70981038092543;;106.8621477769498;;;;
2022-02-16 20:00:00;0.0;122.70981038092543;;96.8215521456984;;;;
2022-02-16 21:00:00;0.0;122.70981038092543;;87.55580774616672;;;;
2022-02-16 22:00:00;0.0;122.70981038092543;;79.64357020922276;;;;
2022-02-16 23:00:00;0.0;122.70981038092543;;74.3923982037591;;;;
2022-02-17 00:00:00;0.0;122.70981038092543;;71.33170149616787;;;;
2022-02-17 01:00:00;0.0;122.70981038092543;;70.71019633691425;;;;
2022-02-17 02:00:00;0.0;122.70981038092543;;71.8018661984385;;;;
2022-02-17 03:00:00;0.0;122.70981038092543;;75.36676568247455;;;;
2022-02-17 04:00:00;0.0;122.70981038092543;;81.14675541431129;;;;
2022-02-17 05:00:00;0.0;122.70981038092543;;88.74328828146668;;;;
2022-02-17 06:00:00;0.0;122.70981038092543;;97.6403342768129;;;;
2022-02-17 07:00:00;0.0;122.70981038092543;;107.2449935574751;;;;
2022-02-17 08:00:00;0.0;122.70981038092543;;116.9153633161937;;;;
2022-02-17 09:00:00;0.0;122.70981038092543;;126.0163512857236;;;;
2022-02-17 10:00:00;0.0;122.70981038092543;;133.9457809885763;;;;
2022-02-17 11:00:00;0.0;122.70981038092543;;140.184629020409;;;;
2022-02-17 12:00:00;0.0;122.70981038092543;;144.3235667107861;;;;
2022-02-17 13:00:00;0.0;122.70981038092543;;146.0964541450819;;;;
2022-02-17 14:00:00;0.0;122.70981038092543;;145.3840779159212;;;;
2022-02-17 15:00:00;0.0;122.70981038092543;;142.2421244601281;;;;
2022-02-17 16:00:00;0.0;122.70981038092543;;136.8873244641135;;;;
2022-02-17 17:00:00;0.0;122.70981038092543;;129.6897802351081;;;;
2022-02-17 18:00:00;0.0;122.70981038092543;;121.1469217770164;;;;
2022-02-17 19:00:00;0.0;122.70981038092543;;111.855316294073;;;;
2022-02-17 20:00:00;0.0;122.70981038092543;;102.4785507858039;;;;
2022-02-17 21:00:00;0.0;122.70981038092543;;93.69802268447404;;;;
2022-02-17 22:00:00;0.0;122.70981038092543;;86.15879152816115;;;;
2022-02-17 23:00:00;0.0;122.70981038092543;;81.54088787698599;;;;
2022-02-18 00:00:00;0.0;122.70981038092543;;79.19238639330229;;;;
2022-02-18 01:00:00;0.0;122.70981038092543;;79.46975245422209;;;;
2022-02-18 02:00:00;0.0;122.70981038092543;;81.45244846670958;;;;
2022-02-18 03:00:00;0.0;122.70981038092543;;86.24536961995643;;;;
2022-02-18 04:00:00;0.0;122.70981038092543;;93.61036198846332;;;;
2022-02-18 05:00:00;0.0;122.70981038092543;;103.1268020572318;;;;
2022-02-18 06:00:00;0.0;122.70981038092543;;114.2187675288407;;;;
2022-02-18 07:00:00;0.0;122.70981038092543;;126.190394488049;;;;
2022-02-18 08:00:00;0.0;122.70981038092543;;138.2685362298926;;;;
2022-02-18 09:00:00;0.0;122.70981038092543;;149.6758877778249;;;;
2022-02-18 10:00:00;0.0;122.70981038092543;;159.6625503223256;;;;
2022-02-18 11:00:00;0.0;122.70981038092543;;167.5703953338648;;;;
2022-02-18 12:00:00;0.0;122.70981038092543;;172.8626789541681;;;;
2022-02-18 13:00:00;0.0;122.70981038092543;;175.1926916240957;;;;
2022-02-18 14:00:00;0.0;122.70981038092543;;174.4153096454919;;;;
2022-02-18 15:00:00;0.0;122.70981038092543;;170.5906754420355;;;;
2022-02-18 16:00:00;0.0;122.70981038092543;;163.9958272316377;;;;
2022-02-18 17:00:00;0.0;122.70981038092543;;155.0915640615298;;;;
2022-02-18 18:00:00;0.0;122.70981038092543;;144.5230481527391;;;;
2022-02-18 19:00:00;0.0;122.70981038092543;;133.0322748986246;;;;
2022-02-18 20:00:00;0.0;122.70981038092543;;121.442201214596;;;;
2022-02-18 21:00:00;0.0;122.70981038092543;;110.5712776128533;;;;
2022-02-18 22:00:00;0.0;122.70981038092543;;101.1943293347244;;;;
2022-02-18 23:00:00;0.0;122.70981038092543;;94.49416120474598;;;;
2022-02-19 00:00:00;0.0;122.70981038092543;;90.4638057573166;;;;
2022-02-19 01:00:00;0.0;122.70981038092543;;89.45210101984314;;;;
2022-02-19 02:00:00;0.0;122.70981038092543;;91.08322471468392;;;;
2022-02-19 03:00:00;0.0;122.70981038092543;;95.7914502372458;;;;
2022-02-19 04:00:00;0.0;122.70981038092543;;103.2548538891336;;;;
2022-02-19 05:00:00;0.0;122.70981038092543;;112.949860789679;;;;
2022-02-19 06:00:00;0.0;122.70981038092543;;124.2083693251236;;;;
2022-02-19 07:00:00;0.0;122.70981038092543;;136.2521771299178;;;;
2022-02-19 08:00:00;0.0;122.70981038092543;;148.2527580943525;;;;
2022-02-19 09:00:00;0.0;122.70981038092543;;159.3789316512702;;;;
2022-02-19 10:00:00;0.0;122.70981038092543;;168.8606339382399;;;;
2022-02-19 11:00:00;0.0;122.70981038092543;;176.0392110940902;;;;
2022-02-19 12:00:00;0.0;122.70981038092543;;180.4229423395315;;;;
2022-02-19 13:00:00;0.0;122.70981038092543;;181.7200275434562;;;;
2022-02-19 14:00:00;0.0;122.70981038092543;;179.8407219585098;;;;
2022-02-19 15:00:00;0.0;122.70981038092543;;174.9083396044778;;;;
2022-02-19 16:00:00;0.0;122.70981038092543;;167.2524518039734;;;;
2022-02-19 17:00:00;0.0;122.70981038092543;;157.3972515907074;;;;
2022-02-19 18:00:00;0.0;122.70981038092543;;146.0199697340472;;;;
2022-02-19 19:00:00;0.0;122.70981038092543;;133.8771479608683;;;;
2022-02-19 20:00:00;0.0;122.70981038092543;;121.7850133028277;;;;
2022-02-19 21:00:00;0.0;122.70981038092543;;110.5435999470769;;;;
2022-02-19 22:00:00;0.0;122.70981038092543;;100.9142273106206;;;;
2022-02-19 23:00:00;0.0;122.70981038092543;;92.93301493830192;;;;
2022-02-20 00:00:00;0.0;122.70981038092543;;87.70436518795253;;;;
2022-02-20 01:00:00;0.0;122.70981038092543;;85.51523240535928;;;;
2022-02-20 02:00:00;0.0;122.70981038092543;;87.05214687507427;;;;
2022-02-20 03:00:00;0.0;122.70981038092543;;91.57537325612296;;;;
2022-02-20 04:00:00;0.0;122.70981038092543;;98.78685765069702;;;;
2022-02-20 05:00:00;0.0;122.70981038092543;;108.2049567454616;;;;
2022-02-20 06:00:00;0.0;122.70981038092543;;119.209552268437;;;;
2022-02-20 07:00:00;0.0;122.70981038092543;;131.0739683747819;;;;
2022-02-20 08:00:00;0.0;122.70981038092543;;143.0167141566199;;;;
2022-02-20 09:00:00;0.0;122.70981038092543;;154.2425551847946;;;;
2022-02-20 10:00:00;0.0;122.70981038092543;;164.0046000073693;;;;
2022-02-20 11:00:00;0.0;122.70981038092543;;171.6532785876543;;;;
2022-02-20 12:00:00;0.0;122.70981038092543;;176.6839683967299;;;;
2022-02-20 13:00:00;0.0;122.70981038092543;;178.7516560901391;;;;
2022-02-20 14:00:00;0.0;122.70981038092543;;177.7269194958992;;;;
2022-02-20 15:00:00;0.0;122.70981038092543;;173.6789909467566;;;;
2022-02-20 16:00:00;0.0;122.70981038092543;;166.8987233259596;;;;
2022-02-20 17:00:00;0.0;122.70981038092543;;157.8498354937711;;;;
2022-02-20 18:00:00;0.0;122.70981038092543;;147.1641811696681;;;;
2022-02-20 19:00:00;0.0;122.70981038092543;;135.5862087622221;;;;
2022-02-20 20:00:00;0.0;122.70981038092543;;123.9296200731275;;;;
2022-02-20 21:00:00;0.0;122.70981038092543;;113.0214284292029;;;;
2022-02-20 22:00:00;0.0;122.70981038092543;;103.638366104572;;;;
2022-02-20 23:00:00;0.0;122.70981038092543;;95.11047096150658;;;;
2022-02-21 00:00:00;0.0;122.70981038092543;;89.35449541652056;;;;
2022-02-21 01:00:00;0.0;122.70981038092543;;86.67627507941228;;;;
2022-02-21 02:00:00;0.0;122.70981038092543;;88.52397820796538;;;;
2022-02-21 03:00:00;0.0;122.70981038092543;;93.38587742855876;;;;
2022-02-21 04:00:00;0.0;122.70981038092543;;100.969087739749;;;;
2022-02-21 05:00:00;0.0;122.70981038092543;;110.7930855723208;;;;
2022-02-21 06:00:00;0.0;122.70981038092543;;122.2142421853556;;;;
2022-02-21 07:00:00;0.0;122.70981038092543;;134.4744295164765;;;;
2022-02-21 08:00:00;0.0;122.70981038092543;;146.7380890167981;;;;
2022-02-21 09:00:00;0.0;122.70981038092543;;158.1825383578393;;;;
2022-02-21 10:00:00;0.0;122.70981038092543;;168.0138187697186;;;;
2022-02-21 11:00:00;0.0;122.70981038092543;;175.5635980813448;;;;
2022-02-21 12:00:00;0.0;122.70981038092543;;180.2967962241582;;;;
2022-02-21 13:00:00;0.0;122.70981038092543;;181.9012444291122;;;;
2022-02-21 14:00:00;0.0;122.70981038092543;;180.2559822839357;;;;
2022-02-21 15:00:00;0.0;122.70981038092543;;175.4777124978323;;;;
2022-02-21 16:00:00;0.0;122.70981038092543;;167.8853279196735;;;;
2022-02-21 17:00:00;0.0;122.70981038092543;;158.0055333723492;;;;
2022-02-21 18:00:00;0.0;122.70981038092543;;146.5129910842059;;;;
2022-02-21 19:00:00;0.0;122.70981038092543;;134.1904072546131;;;;
2022-02-21 20:00:00;0.0;122.70981038092543;;121.8731238215488;;;;
2022-02-21 21:00:00;0.0;122.70981038092543;;110.3918286952959;;;;
2022-02-21 22:00:00;0.0;122.70981038092543;;100.5030058528687;;;;
2022-02-21 23:00:00;0.0;122.70981038092543;;91.74817679155352;;;;
2022-02-22 00:00:00;0.0;122.70981038092543;;85.7220445887412;;;;
2022-02-22 01:00:00;0.0;122.70981038092543;;82.66878342894353;;;;
2022-02-22 02:00:00;0.0;122.70981038092543;;83.71772240981558;;;;
2022-02-22 03:00:00;0.0;122.70981038092543;;87.55765164576223;;;;
2022-02-22 04:00:00;0.0;122.70981038092543;;93.85400495394909;;;;
2022-02-22 05:00:00;0.0;122.70981038092543;;102.0943589273854;;;;
2022-02-22 06:00:00;0.0;122.70981038092543;;111.648244420078;;;;
2022-02-22 07:00:00;0.0;122.70981038092543;;121.7935869470865;;;;
2022-02-22 08:00:00;0.0;122.70981038092543;;131.7801008985118;;;;
2022-02-22 09:00:00;0.0;122.70981038092543;;140.8747006283411;;;;
2022-02-22 10:00:00;0.0;122.70981038092543;;148.4159142307044;;;;
2022-02-22 11:00:00;0.0;122.70981038092543;;153.8575652982324;;;;
2022-02-22 12:00:00;0.0;122.70981038092543;;156.8021314943309;;;;
2022-02-22 13:00:00;0.0;122.70981038092543;;157.0290483832073;;;;
2022-02-22 14:00:00;0.0;122.70981038092543;;154.5147015983282;;;;
2022-02-22 15:00:00;0.0;122.70981038092543;;149.4248758129047;;;;
2022-02-22 16:00:00;0.0;122.70981038092543;;142.0928170396411;;;;
2022-02-22 17:00:00;0.0;122.70981038092543;;132.9843741378721;;;;
2022-02-22 18:00:00;0.0;122.70981038092543;;122.6896165602524;;;;
2022-02-22 19:00:00;0.0;122.70981038092543;;111.8645913396695;;;;
2022-02-22 20:00:00;0.0;122.70981038092543;;101.2024818039903;;;;
2022-02-22 21:00:00;0.0;122.70981038092543;;91.3650672532866;;;;
2022-02-22 22:00:00;0.0;122.70981038092543;;82.96051402203133;;;;
2022-02-22 23:00:00;0.0;122.70981038092543;;76.44569489396577;;;;
2022-02-23 00:00:00;0.0;122.70981038092543;;72.23737678938502;;;;
2022-02-23 01:00:00;0.0;122.70981038092543;;70.54805855682193;;;;
2022-02-23 02:00:00;0.0;122.70981038092543;;71.47034127655571;;;;
2022-02-23 03:00:00;0.0;122.70981038092543;;74.83812661583467;;;;
2022-02-23 04:00:00;0.0;122.70981038092543;;80.37818480550497;;;;
2022-02-23 05:00:00;0.0;122.70981038092543;;87.68008604852733;;;;
2022-02-23 06:00:00;0.0;122.70981038092543;;96.2243664875058;;;;
2022-02-23 07:00:00;0.0;122.70981038092543;;105.4146570756555;;;;
2022-02-23 08:00:00;0.0;122.70981038092543;;114.6226952733687;;;;
2022-02-23 09:00:00;0.0;122.70981038092543;;123.2135277296992;;;;
2022-02-23 10:00:00;0.0;122.70981038092543;;130.6116415063534;;;;
2022-02-23 11:00:00;0.0;122.70981038092543;;136.3099485171711;;;;
2022-02-23 12:00:00;0.0;122.70981038092543;;139.9367176596863;;;;
2022-02-23 13:00:00;0.0;122.70981038092543;;141.2404050159334;;;;
2022-02-23 14:00:00;0.0;122.70981038092543;;140.1406708899961;;;;
2022-02-23 15:00:00;0.0;122.70981038092543;;136.7044316277448;;;;
2022-02-23 16:00:00;0.0;122.70981038092543;;131.170636171006;;;;
2022-02-23 17:00:00;0.0;122.70981038092543;;123.9065754941991;;;;
2022-02-23 18:00:00;0.0;122.70981038092543;;115.4112901123135;;;;
2022-02-23 19:00:00;0.0;122.70981038092543;;106.2510392570561;;;;
2022-02-23 20:00:00;0.0;122.70981038092543;;97.06918212918887;;;;
2022-02-23 21:00:00;0.0;122.70981038092543;;88.49927194889118;;;;
2022-02-23 22:00:00;0.0;122.70981038092543;;81.15706420650176;;;;
2022-02-23 23:00:00;0.0;122.70981038092543;;76.40526180484751;;;;
2022-02-24 00:00:00;0.0;122.70981038092543;;73.81253732907967;;;;
2022-02-24 01:00:00;0.0;122.70981038092543;;73.68386686206817;;;;
2022-02-24 02:00:00;0.0;122.70981038092543;;75.32054715993529;;;;
2022-02-24 03:00:00;0.0;122.70981038092543;;79.54784619516357;;;;
2022-02-24 04:00:00;0.0;122.70981038092543;;86.12776069100236;;;;
2022-02-24 05:00:00;0.0;122.70981038092543;;94.65876884247412;;;;
2022-02-24 06:00:00;0.0;122.70981038092543;;104.6011770847894;;;;
2022-02-24 07:00:00;0.0;122.70981038092543;;115.309633376568;;;;
2022-02-24 08:00:00;0.0;122.70981038092543;;126.0815887737301;;;;
2022-02-24 09:00:00;0.0;122.70981038092543;;136.2014425492929;;;;
2022-02-24 10:00:00;0.0;122.70981038092543;;145.0001226754919;;;;
2022-02-24 11:00:00;0.0;122.70981038092543;;151.8862212371564;;;;
2022-02-24 12:00:00;0.0;122.70981038092543;;156.3968729974505;;;;
2022-02-24 13:00:00;0.0;122.70981038092543;;158.2172717039364;;;;
2022-02-24 14:00:00;0.0;122.70981038092543;;157.2322180509415;;;;
2022-02-24 15:00:00;0.0;122.70981038092543;;153.5164224565439;;;;
2022-02-24 16:00:00;0.0;122.70981038092543;;147.3281514933494;;;;
2022-02-24 17:00:00;0.0;122.70981038092543;;139.1023296499288;;;;
2022-02-24 18:00:00;0.0;122.70981038092543;;129.4142415817118;;;;
2022-02-24 19:00:00;0.0;122.70981038092543;;118.9502985150616;;;;
2022-02-24 20:00:00;0.0;122.70981038092543;;108.4336240099482;;;;
2022-02-24 21:00:00;0.0;122.70981038092543;;98.59227031182776;;;;
2022-02-24 22:00:00;0.0;122.70981038092543;;90.1135371916137;;;;
2022-02-24 23:00:00;0.0;122.70981038092543;;84.71282272343015;;;;
2022-02-25 00:00:00;0.0;122.70981038092543;;81.69891155385955;;;;
2022-02-25 01:00:00;0.0;122.70981038092543;;81.39042376061656;;;;
2022-02-25 02:00:00;0.0;122.70981038092543;;82.79568318151756;;;;
2022-02-25 03:00:00;0.0;122.70981038092543;;86.99279630884523;;;;
2022-02-25 04:00:00;0.0;122.70981038092543;;93.6859045045986;;;;
2022-02-25 05:00:00;0.0;122.70981038092543;;102.4059018179391;;;;
2022-02-25 06:00:00;0.0;122.70981038092543;;112.5365340889535;;;;
2022-02-25 07:00:00;0.0;122.70981038092543;;123.3741622158086;;;;
2022-02-25 08:00:00;0.0;122.70981038092543;;134.169041389227;;;;
2022-02-25 09:00:00;0.0;122.70981038092543;;144.1718532355858;;;;
2022-02-25 10:00:00;0.0;122.70981038092543;;152.6957297780669;;;;
2022-02-25 11:00:00;0.0;122.70981038092543;;159.1478283309904;;;;
2022-02-25 12:00:00;0.0;122.70981038092543;;163.0862771274974;;;;
2022-02-25 13:00:00;0.0;122.70981038092543;;164.2440386140502;;;;
2022-02-25 14:00:00;0.0;122.70981038092543;;162.5452709021302;;;;
2022-02-25 15:00:00;0.0;122.70981038092543;;158.112138832838;;;;
2022-02-25 16:00:00;0.0;122.70981038092543;;151.2372444093496;;;;
2022-02-25 17:00:00;0.0;122.70981038092543;;142.3862140128326;;;;
2022-02-25 18:00:00;0.0;122.70981038092543;;132.1546262079787;;;;
2022-02-25 19:00:00;0.0;122.70981038092543;;121.2329453439395;;;;
2022-02-25 20:00:00;0.0;122.70981038092543;;110.354659164097;;;;
2022-02-25 21:00:00;0.0;122.70981038092543;;100.254262776922;;;;
2022-02-25 22:00:00;0.0;122.70981038092543;;91.60851220993936;;;;
2022-02-25 23:00:00;0.0;122.70981038092543;;85.452979444986;;;;
2022-02-26 00:00:00;0.0;122.70981038092543;;81.7791223225665;;;;
2022-02-26 01:00:00;0.0;122.70981038092543;;80.89339179116283;;;;
2022-02-26 02:00:00;0.0;122.70981038092543;;82.46683685850684;;;;
2022-02-26 03:00:00;0.0;122.70981038092543;;86.88421933378063;;;;
2022-02-26 04:00:00;0.0;122.70981038092543;;93.87689192761388;;;;
2022-02-26 05:00:00;0.0;122.70981038092543;;102.997308037912;;;;
2022-02-26 06:00:00;0.0;122.70981038092543;;113.6714495182847;;;;
2022-02-26 07:00:00;0.0;122.70981038092543;;125.2104247073254;;;;
2022-02-26 08:00:00;0.0;122.70981038092543;;136.8729117286025;;;;
2022-02-26 09:00:00;0.0;122.70981038092543;;147.9006379260705;;;;
2022-02-26 10:00:00;0.0;122.70981038092543;;157.570562050536;;;;
2022-02-26 11:00:00;0.0;122.70981038092543;;165.2523098058695;;;;
2022-02-26 12:00:00;0.0;122.70981038092543;;170.4443667209336;;;;
2022-02-26 13:00:00;0.0;122.70981038092543;;172.8020468585183;;;;
2022-02-26 14:00:00;0.0;122.70981038092543;;172.1826179920123;;;;
2022-02-26 15:00:00;0.0;122.70981038092543;;168.6351728461851;;;;
2022-02-26 16:00:00;0.0;122.70981038092543;;162.4161205436176;;;;
2022-02-26 17:00:00;0.0;122.70981038092543;;153.9632144936004;;;;
2022-02-26 18:00:00;0.0;122.70981038092543;;143.8753315266106;;;;
2022-02-26 19:00:00;0.0;122.70981038092543;;132.8713262969736;;;;
2022-02-26 20:00:00;0.0;122.70981038092543;;121.7407041077021;;;;
2022-02-26 21:00:00;0.0;122.70981038092543;;111.2899099816593;;;;
2022-02-26 22:00:00;0.0;122.70981038092543;;102.3041289638122;;;;
2022-02-26 23:00:00;0.0;122.70981038092543;;94.83332062230843;;;;
2022-02-27 00:00:00;0.0;122.70981038092543;;90.06994735584124;;;;
2022-02-27 01:00:00;0.0;122.70981038092543;;88.35901883391816;;;;
2022-02-27 02:00:00;0.0;122.70981038092543;;90.469897176478;;;;
2022-02-27 03:00:00;0.0;122.70981038092543;;95.67669788785685;;;;
2022-02-27 04:00:00;0.0;122.70981038092543;;103.7000319485329;;;;
2022-02-27 05:00:00;0.0;122.70981038092543;;114.0727780039837;;;;
2022-02-27 06:00:00;0.0;122.70981038092543;;126.1408705273729;;;;
2022-02-27 07:00:00;0.0;122.70981038092543;;139.1339882327913;;;;
2022-02-27 08:00:00;0.0;122.70981038092543;;152.1868605514492;;;;
2022-02-27 09:00:00;0.0;122.70981038092543;;164.4437583741398;;;;
2022-02-27 10:00:00;0.0;122.70981038092543;;175.0679699676634;;;;
2022-02-27 11:00:00;0.0;122.70981038092543;;183.3582793245287;;;;
2022-02-27 12:00:00;0.0;122.70981038092543;;188.7417996137659;;;;
2022-02-27 13:00:00;0.0;122.70981038092543;;190.8574125246982;;;;
2022-02-27 14:00:00;0.0;122.70981038092543;;189.5551316119046;;;;
2022-02-27 15:00:00;0.0;122.70981038092543;;184.9257505110021;;;;
2022-02-27 16:00:00;0.0;122.70981038092543;;177.3075241645889;;;;
2022-02-27 17:00:00;0.0;122.70981038092543;;167.225300591736;;;;
2022-02-27 18:00:00;0.0;122.70981038092543;;155.3960882292082;;;;
2022-02-27 19:00:00;0.0;122.70981038092543;;142.631358490581;;;;
2022-02-27 20:00:00;0.0;122.70981038092543;;129.8185285626246;;;;
2022-02-27 21:00:00;0.0;122.70981038092543;;117.8375979640939;;;;
2022-02-27 22:00:00;0.0;122.70981038092543;;107.5063432020894;;;;
2022-02-27 23:00:00;0.0;122.70981038092543;;98.11499647898688;;;;
2022-02-28 00:00:00;0.0;122.70981038092543;;91.62208885738158;;;;
2022-02-28 01:00:00;0.0;122.70981038092543;;88.30202067361162;;;;
2022-02-28 02:00:00;0.0;122.70981038092543;;89.60058504165568;;;;
2022-02-28 03:00:00;0.0;122.70981038092543;;93.89916925794144;;;;
2022-02-28 04:00:00;0.0;122.70981038092543;;100.8450902452426;;;;
2022-02-28 05:00:00;0.0;122.70981038092543;;109.9098154069531;;;;
2022-02-28 06:00:00;0.0;122.70981038092543;;120.4116639291564;;;;
2022-02-28 07:00:00;0.0;122.70981038092543;;131.5878085138973;;;;
2022-02-28 08:00:00;0.0;122.70981038092543;;142.6193208608822;;;;
2022-02-28 09:00:00;0.0;122.70981038092543;;152.7160984980024;;;;
2022-02-28 10:00:00;0.0;122.70981038092543;;161.1445900368098;;;;
2022-02-28 11:00:00;0.0;122.70981038092543;;167.3068849853869;;;;
2022-02-28 12:00:00;0.0;122.70981038092543;;170.7694856239895;;;;
2022-02-28 13:00:00;0.0;122.70981038092543;;171.2792452931243;;;;
2022-02-28 14:00:00;0.0;122.70981038092543;;168.7844118019625;;;;
2022-02-28 15:00:00;0.0;122.70981038092543;;163.4432673546279;;;;
2022-02-28 16:00:00;0.0;122.70981038092543;;155.6051584784507;;;;
2022-02-28 17:00:00;0.0;122.70981038092543;;145.7987733767443;;;;
2022-02-28 18:00:00;0.0;122.70981038092543;;134.6469288235403;;;;
2022-02-28 19:00:00;0.0;122.70981038092543;;122.8854928709652;;;;
2022-02-28 20:00:00;0.0;122.70981038092543;;111.261778026113;;;;
2022-02-28 21:00:00;0.0;122.70981038092543;;100.5266353586952;;;;
2022-02-28 22:00:00;0.0;122.70981038092543;;91.34191040955236;;;;
2022-02-28 23:00:00;0.0;122.70981038092543;;83.2648850314078;;;;
2022-03-01 00:00:00;0.0;122.70981038092543;;77.7326960873772;;;;
2022-03-01 01:00:00;0.0;122.70981038092543;;74.95038059427725;;;;
2022-03-01 02:00:00;0.0;122.70981038092543;;75.9449269898297;;;;
2022-03-01 03:00:00;0.0;122.70981038092543;;79.53150176669429;;;;
2022-03-01 04:00:00;0.0;122.70981038092543;;85.41898728472106;;;;
2022-03-01 05:00:00;0.0;122.70981038092543;;93.16230716249292;;;;
2022-03-01 06:00:00;0.0;122.70981038092543;;102.2041142240961;;;;
2022-03-01 07:00:00;0.0;122.70981038092543;;111.9057898103466;;;;
2022-03-01 08:00:00;0.0;122.70981038092543;;121.6025136663054;;;;
2022-03-01 09:00:00;0.0;122.70981038092543;;130.6208315321814;;;;
2022-03-01 10:00:00;0.0;122.70981038092543;;138.3487013784166;;;;
2022-03-01 11:00:00;0.0;122.70981038092543;;144.2497704296902;;;;
2022-03-01 12:00:00;0.0;122.70981038092543;;147.9228286577442;;;;
2022-03-01 13:00:00;0.0;122.70981038092543;;149.1213967661624;;;;
2022-03-01 14:00:00;0.0;122.70981038092543;;147.7683959609678;;;;
2022-03-01 15:00:00;0.0;122.70981038092543;;143.9490161434301;;;;
2022-03-01 16:00:00;0.0;122.70981038092543;;137.9131623236023;;;;
2022-03-01 17:00:00;0.0;122.70981038092543;;130.0624869833165;;;;
2022-03-01 18:00:00;0.0;122.70981038092543;;120.9326103610843;;;;
2022-03-01 19:00:00;0.0;122.70981038092543;;111.1348339178949;;;;
2022-03-01 20:00:00;0.0;122.70981038092543;;101.3361070611099;;;;
2022-03-01 21:00:00;0.0;122.70981038092543;;92.2063295756117;;;;
2022-03-01 22:00:00;0.0;122.70981038092543;;84.37895377278365;;;;
2022-03-01 23:00:00;0.0;122.70981038092543;;78.33625265991071;;;;
2022-03-02 00:00:00;0.0;122.70981038092543;;74.55729476381715;;;;
2022-03-02 01:00:00;0.0;122.70981038092543;;73.31090228844234;;;;
2022-03-02 02:00:00;0.0;122.70981038092543;;74.75660419810563;;;;
2022-03-02 03:00:00;0.0;122.70981038092543;;78.75619890863717;;;;
2022-03-02 04:00:00;0.0;122.70981038092543;;85.05696261158884;;;;
2022-03-02 05:00:00;0.0;122.70981038092543;;93.24528166703402;;;;
2022-03-02 06:00:00;0.0;122.70981038092543;;102.7727461461929;;;;
2022-03-02 07:00:00;0.0;122.70981038092543;;113.0036379721714;;;;
2022-03-02 08:00:00;0.0;122.70981038092543;;123.2425009108706;;;;
2022-03-02 09:00:00;0.0;122.70981038092543;;132.7998887577941;;;;
2022-03-02 10:00:00;0.0;122.70981038092543;;141.0173138995886;;;;
2022-03-02 11:00:00;0.0;122.70981038092543;;147.3304467877305;;;;
2022-03-02 12:00:00;0.0;122.70981038092543;;151.3067918792433;;;;
2022-03-02 13:00:00;0.0;122.70981038092543;;152.667485262504;;;;
2022-03-02 14:00:00;0.0;122.70981038092543;;151.3219411016815;;;;
2022-03-02 15:00:00;0.0;122.70981038092543;;147.3621928801612;;;;
2022-03-02 16:00:00;0.0;122.70981038092543;;141.0616849947489;;;;
2022-03-02 17:00:00;0.0;122.70981038092543;;132.8472989716514;;;;
2022-03-02 18:00:00;0.0;122.70981038092543;;123.2784505251639;;;;
2022-03-02 19:00:00;0.0;122.70981038092543;;113.0105240140608;;;;
2022-03-02 20:00:00;0.0;122.70981038092543;;102.7418693068047;;;;
2022-03-02 21:00:00;0.0;122.70981038092543;;93.16647415730772;;;;
2022-03-02 22:00:00;0.0;122.70981038092543;;84.92531539737593;;;;
2022-03-02 23:00:00;0.0;122.70981038092543;;79.42497439204712;;;;
2022-03-03 00:00:00;0.0;122.70981038092543;;76.190400987309;;;;
2022-03-03 01:00:00;0.0;122.70981038092543;;75.49848047471876;;;;
2022-03-03 02:00:00;0.0;122.70981038092543;;76.5918835959879;;;;
2022-03-03 03:00:00;0.0;122.70981038092543;;80.26642053613399;;;;
2022-03-03 04:00:00;0.0;122.70981038092543;;86.22194061005658;;;;
2022-03-03 05:00:00;0.0;122.70981038092543;;94.00894588536497;;;;
2022-03-03 06:00:00;0.0;122.70981038092543;;103.0543100061159;;;;
2022-03-03 07:00:00;0.0;122.70981038092543;;112.7004471975284;;;;
2022-03-03 08:00:00;0.0;122.70981038092543;;122.2560933204666;;;;
2022-03-03 09:00:00;0.0;122.70981038092543;;131.0455507278524;;;;
2022-03-03 10:00:00;0.0;122.70981038092543;;138.4552614877371;;;;
2022-03-03 11:00:00;0.0;122.70981038092543;;143.9720643349137;;;;
2022-03-03 12:00:00;0.0;122.70981038092543;;147.2106467207942;;;;
2022-03-03 13:00:00;0.0;122.70981038092543;;147.9390477603913;;;;
2022-03-03 14:00:00;0.0;122.70981038092543;;146.0975611497313;;;;
2022-03-03 15:00:00;0.0;122.70981038092543;;141.8055327620002;;;;
2022-03-03 16:00:00;0.0;122.70981038092543;;135.3603198881993;;;;
2022-03-03 17:00:00;0.0;122.70981038092543;;127.1843698086695;;;;
2022-03-03 18:00:00;0.0;122.70981038092543;;117.8224566115297;;;;
2022-03-03 19:00:00;0.0;122.70981038092543;;107.8852545159581;;;;
2022-03-03 20:00:00;0.0;122.70981038092543;;98.03278517962045;;;;
2022-03-03 21:00:00;0.0;122.70981038092543;;88.9090545104711;;;;
2022-03-03 22:00:00;0.0;122.70981038092543;;81.11421544299043;;;;
2022-03-03 23:00:00;0.0;122.70981038092543;;76.15945288412178;;;;
2022-03-04 00:00:00;0.0;122.70981038092543;;73.4127644054824;;;;
2022-03-04 01:00:00;0.0;122.70981038092543;;73.15230912399528;;;;
2022-03-04 02:00:00;0.0;122.70981038092543;;74.49598164057103;;;;
2022-03-04 03:00:00;0.0;122.70981038092543;;78.41738107373;;;;
2022-03-04 04:00:00;0.0;122.70981038092543;;84.66686087266058;;;;
2022-03-04 05:00:00;0.0;122.70981038092543;;92.84772168248998;;;;
2022-03-04 06:00:00;0.0;122.70981038092543;;102.4254720860288;;;;
2022-03-04 07:00:00;0.0;122.70981038092543;;112.7903918655607;;;;
2022-03-04 08:00:00;0.0;122.70981038092543;;123.263013581071;;;;
2022-03-04 09:00:00;0.0;122.70981038092543;;133.1816635765012;;;;
2022-03-04 10:00:00;0.0;122.70981038092543;;141.8964550074829;;;;
2022-03-04 11:00:00;0.0;122.70981038092543;;148.8480242627524;;;;
2022-03-04 12:00:00;0.0;122.70981038092543;;153.5686911256064;;;;
2022-03-04 13:00:00;0.0;122.70981038092543;;155.760491081097;;;;
2022-03-04 14:00:00;0.0;122.70981038092543;;155.2863656750478;;;;
2022-03-04 15:00:00;0.0;122.70981038092543;;152.1923949903223;;;;
2022-03-04 16:00:00;0.0;122.70981038092543;;146.696322884163;;;;
2022-03-04 17:00:00;0.0;122.70981038092543;;139.1865222195345;;;;
2022-03-04 18:00:00;0.0;122.70981038092543;;130.1919025260819;;;;
2022-03-04 19:00:00;0.0;122.70981038092543;;120.3622216512575;;;;
2022-03-04 20:00:00;0.0;122.70981038092543;;110.4027915388963;;;;
2022-03-04 21:00:00;0.0;122.70981038092543;;101.0527438272038;;;;
2022-03-04 22:00:00;0.0;122.70981038092543;;93.01470515561194;;;;
2022-03-04 23:00:00;0.0;122.70981038092543;;87.37695566518099;;;;
2022-03-05 00:00:00;0.0;122.70981038092543;;84.18440051515127;;;;
2022-03-05 01:00:00;0.0;122.70981038092543;;83.79427369855726;;;;
2022-03-05 02:00:00;0.0;122.70981038092543;;85.9301723328903;;;;
2022-03-05 03:00:00;0.0;122.70981038092543;;91.02831055166914;;;;
2022-03-05 04:00:00;0.0;122.70981038092543;;98.84291972703164;;;;
2022-03-05 05:00:00;0.0;122.70981038092543;;108.9274687573131;;;;
2022-03-05 06:00:00;0.0;122.70981038092543;;120.6633486302941;;;;
2022-03-05 07:00:00;0.0;122.70981038092543;;133.3160823542493;;;;
2022-03-05 08:00:00;0.0;122.70981038092543;;146.0750930477805;;;;
2022-03-05 09:00:00;0.0;122.70981038092543;;158.12252771328;;;;
2022-03-05 10:00:00;0.0;122.70981038092543;;168.6532600581398;;;;
2022-03-05 11:00:00;0.0;122.70981038092543;;176.9740706776147;;;;
2022-03-05 12:00:00;0.0;122.70981038092543;;182.5162323993795;;;;
2022-03-05 13:00:00;0.0;122.70981038092543;;184.9238959496777;;;;
2022-03-05 14:00:00;0.0;122.70981038092543;;184.0275083619734;;;;
2022-03-05 15:00:00;0.0;122.70981038092543;;179.9077377106763;;;;
2022-03-05 16:00:00;0.0;122.70981038092543;;172.849947575312;;;;
2022-03-05 17:00:00;0.0;122.70981038092543;;163.3636950629209;;;;
2022-03-05 18:00:00;0.0;122.70981038092543;;152.1170862044908;;;;
2022-03-05 19:00:00;0.0;122.70981038092543;;139.9073238389225;;;;
2022-03-05 20:00:00;0.0;122.70981038092543;;127.6012217629948;;;;
2022-03-05 21:00:00;0.0;122.70981038092543;;116.0706573839821;;;;
2022-03-05 22:00:00;0.0;122.70981038092543;;106.1270249455001;;;;
2022-03-05 23:00:00;0.0;122.70981038092543;;97.80996428837524;;;;
2022-03-06 00:00:00;0.0;122.70981038092543;;92.31955143214726;;;;
2022-03-06 01:00:00;0.0;122.70981038092543;;89.97300697086536;;;;
2022-03-06 02:00:00;0.0;122.70981038092543;;91.51134967987448;;;;
2022-03-06 03:00:00;0.0;122.70981038092543;;96.12447510453109;;;;
2022-03-06 04:00:00;0.0;122.70981038092543;;103.4768739400951;;;;
2022-03-06 05:00:00;0.0;122.70981038092543;;113.0429712428095;;;;
2022-03-06 06:00:00;0.0;122.70981038092543;;124.1412673697534;;;;
2022-03-06 07:00:00;0.0;122.70981038092543;;135.9857444358058;;;;
2022-03-06 08:00:00;0.0;122.70981038092543;;147.7335472519004;;;;
2022-03-06 09:00:00;0.0;122.70981038092543;;158.5607886564805;;;;
2022-03-06 10:00:00;0.0;122.70981038092543;;167.7079181953361;;;;
2022-03-06 11:00:00;0.0;122.70981038092543;;174.5362757915443;;;;
2022-03-06 12:00:00;0.0;122.70981038092543;;178.5708884062584;;;;
2022-03-06 13:00:00;0.0;122.70981038092543;;179.5288397655661;;;;
2022-03-06 14:00:00;0.0;122.70981038092543;;177.3351724269461;;;;
2022-03-06 15:00:00;0.0;122.70981038092543;;172.1347520497595;;;;
2022-03-06 16:00:00;0.0;122.70981038092543;;164.2774256254613;;;;
2022-03-06 17:00:00;0.0;122.70981038092543;;154.291571835474;;;;
2022-03-06 18:00:00;0.0;122.70981038092543;;142.8381925237108;;;;
2022-03-06 19:00:00;0.0;122.70981038092543;;130.6726967911055;;;;
2022-03-06 20:00:00;0.0;122.70981038092543;;118.6002839128473;;;;
2022-03-06 21:00:00;0.0;122.70981038092543;;107.4076110060991;;;;
2022-03-06 22:00:00;0.0;122.70981038092543;;97.81600662740972;;;;
2022-03-06 23:00:00;0.0;122.70981038092543;;89.15631274955552;;;;
2022-03-07 00:00:00;0.0;122.70981038092543;;83.2028920959173;;;;
2022-03-07 01:00:00;0.0;122.70981038092543;;80.18645933943887;;;;
2022-03-07 02:00:00;0.0;122.70981038092543;;81.42330305076888;;;;
2022-03-07 03:00:00;0.0;122.70981038092543;;85.43837135371894;;;;
2022-03-07 04:00:00;0.0;122.70981038092543;;91.93647950285016;;;;
2022-03-07 05:00:00;0.0;122.70981038092543;;100.4523590755755;;;;
2022-03-07 06:00:00;0.0;122.70981038092543;;110.3959090090381;;;;
2022-03-07 07:00:00;0.0;122.70981038092543;;121.0795726942735;;;;
2022-03-07 08:00:00;0.0;122.70981038092543;;131.7837782921081;;;;
2022-03-07 09:00:00;0.0;122.70981038092543;;141.7674350867125;;;;
2022-03-07 10:00:00;0.0;122.70981038092543;;150.3584651934365;;;;
2022-03-07 11:00:00;0.0;122.70981038092543;;156.9622158310316;;;;
2022-03-07 12:00:00;0.0;122.70981038092543;;161.143615897232;;;;
2022-03-07 13:00:00;0.0;122.70981038092543;;162.6264244346966;;;;
2022-03-07 14:00:00;0.0;122.70981038092543;;161.3112608781043;;;;
2022-03-07 15:00:00;0.0;122.70981038092543;;157.2809440123918;;;;
2022-03-07 16:00:00;0.0;122.70981038092543;;150.7994277830858;;;;
2022-03-07 17:00:00;0.0;122.70981038092543;;142.3096745280765;;;;
2022-03-07 18:00:00;0.0;122.70981038092543;;132.3909042371816;;;;
2022-03-07 19:00:00;0.0;122.70981038092543;;121.7198763631393;;;;
2022-03-07 20:00:00;0.0;122.70981038092543;;111.0224947821725;;;;
2022-03-07 21:00:00;0.0;122.70981038092543;;101.0432075206472;;;;
2022-03-07 22:00:00;0.0;122.70981038092543;;92.46823743170953;;;;
2022-03-07 23:00:00;0.0;122.70981038092543;;84.86834617837147;;;;
2022-03-08 00:00:00;0.0;122.70981038092543;;79.75944341626088;;;;
2022-03-08 01:00:00;0.0;122.70981038092543;;77.40424016668686;;;;
2022-03-08 02:00:00;0.0;122.70981038092543;;78.9135501997933;;;;
2022-03-08 03:00:00;0.0;122.70981038092543;;83.10598808234172;;;;
2022-03-08 04:00:00;0.0;122.70981038092543;;89.71300153496165;;;;
2022-03-08 05:00:00;0.0;122.70981038092543;;98.2937115133901;;;;
2022-03-08 06:00:00;0.0;122.70981038092543;;108.2760117928188;;;;
2022-03-08 07:00:00;0.0;122.70981038092543;;118.9776826539332;;;;
2022-03-08 08:00:00;0.0;122.70981038092543;;129.6626590549884;;;;
2022-03-08 09:00:00;0.0;122.70981038092543;;139.5899967011525;;;;
2022-03-08 10:00:00;0.0;122.70981038092543;;148.0727623702167;;;;
2022-03-08 11:00:00;0.0;122.70981038092543;;154.5367761201925;;;;
2022-03-08 12:00:00;0.0;122.70981038092543;;158.5319156857539;;;;
2022-03-08 13:00:00;0.0;122.70981038092543;;159.7827111295335;;;;
2022-03-08 14:00:00;0.0;122.70981038092543;;158.177384727254;;;;
2022-03-08 15:00:00;0.0;122.70981038092543;;153.8401793732306;;;;
2022-03-08 16:00:00;0.0;122.70981038092543;;147.0636675612328;;;;
2022-03-08 17:00:00;0.0;122.70981038092543;;138.3111214531221;;;;
2022-03-08 18:00:00;0.0;122.70981038092543;;128.1674232644305;;;;
2022-03-08 19:00:00;0.0;122.70981038092543;;117.3178347281624;;;;
2022-03-08 20:00:00;0.0;122.70981038092543;;106.4940137090597;;;;
2022-03-08 21:00:00;0.0;122.70981038092543;;96.41007228046776;;;;
2022-03-08 22:00:00;0.0;122.70981038092543;;87.72840874849263;;;;
2022-03-08 23:00:00;0.0;122.70981038092543;;80.945230792371;;;;
2022-03-09 00:00:00;0.0;122.70981038092543;;76.53654777298158;;;;
2022-03-09 01:00:00;0.0;122.70981038092543;;74.7376900319595;;;;
2022-03-09 02:00:00;0.0;122.70981038092543;;75.6636315337008;;;;
2022-03-09 03:00:00;0.0;122.70981038092543;;79.12130558261629;;;;
2022-03-09 04:00:00;0.0;122.70981038092543;;84.80420853387814;;;;
2022-03-09 05:00:00;0.0;122.70981038092543;;92.2594680060226;;;;
2022-03-09 06:00:00;0.0;122.70981038092543;;100.9050035407876;;;;
2022-03-09 07:00:00;0.0;122.70981038092543;;110.0982733812769;;;;
2022-03-09 08:00:00;0.0;122.70981038092543;;119.1601394920583;;;;
2022-03-09 09:00:00;0.0;122.70981038092543;;127.4361009017002;;;;
2022-03-09 10:00:00;0.0;122.70981038092543;;134.3240917134519;;;;
2022-03-09 11:00:00;0.0;122.70981038092543;;139.3270855558234;;;;
2022-03-09 12:00:00;0.0;122.70981038092543;;142.0880823383009;;;;
2022-03-09 13:00:00;0.0;122.70981038092543;;142.4069541664288;;;;
2022-03-09 14:00:00;0.0;122.70981038092543;;140.2535552188883;;;;
2022-03-09 15:00:00;0.0;122.70981038092543;;135.7652585769867;;;;
2022-03-09 16:00:00;0.0;122.70981038092543;;129.2352683566785;;;;
2022-03-09 17:00:00;0.0;122.70981038092543;;121.0865143889464;;;;
2022-03-09 18:00:00;0.0;122.70981038092543;;111.8512093054435;;;;
2022-03-09 19:00:00;0.0;122.70981038092543;;102.1233482899152;;;;
2022-03-09 20:00:00;0.0;122.70981038092543;;92.5295788811932;;;;
2022-03-09 21:00:00;0.0;122.70981038092543;;83.67367386714525;;;;
2022-03-09 22:00:00;0.0;122.70981038092543;;76.11407024696676;;;;
2022-03-09 23:00:00;0.0;122.70981038092543;;71.07808690503954;;;;
2022-03-10 00:00:00;0.0;122.70981038092543;;68.13491459873262;;;;
2022-03-10 01:00:00;0.0;122.70981038092543;;67.51847518623248;;;;
2022-03-10 02:00:00;0.0;122.70981038092543;;68.55888650326217;;;;
2022-03-10 03:00:00;0.0;122.70981038092543;;71.96281903049325;;;;
2022-03-10 04:00:00;0.0;122.70981038092543;;77.48292165481287;;;;
2022-03-10 05:00:00;0.0;122.70981038092543;;84.73755069380024;;;;
2022-03-10 06:00:00;0.0;122.70981038092543;;93.23530191985394;;;;
2022-03-10 07:00:00;0.0;122.70981038092543;;102.407515384493;;;;
2022-03-10 08:00:00;0.0;122.70981038092543;;111.6474658549169;;;;
2022-03-10 09:00:00;0.0;122.70981038092543;;120.3503397716727;;;;
2022-03-10 10:00:00;0.0;122.70981038092543;;127.9397004033179;;;;
2022-03-10 11:00:00;0.0;122.70981038092543;;133.9095913134551;;;;
2022-03-10 12:00:00;0.0;122.70981038092543;;137.8667027715177;;;;
2022-03-10 13:00:00;0.0;122.70981038092543;;139.563222356593;;;;
2022-03-10 14:00:00;0.0;122.70981038092543;;138.8872399497967;;;;
2022-03-10 15:00:00;0.0;122.70981038092543;;135.8898981302082;;;;
2022-03-10 16:00:00;0.0;122.70981038092543;;130.7699734843339;;;;
2022-03-10 17:00:00;0.0;122.70981038092543;;123.888545835854;;;;
2022-03-10 18:00:00;0.0;122.70981038092543;;115.7201437337901;;;;
2022-03-10 19:00:00;0.0;122.70981038092543;;106.8436277830671;;;;
2022-03-10 20:00:00;0.0;122.70981038092543;;97.88701889968836;;;;
2022-03-10 21:00:00;0.0;122.70981038092543;;89.49873739469993;;;;
2022-03-10 22:00:00;0.0;122.70981038092543;;82.29973514480815;;;;
2022-03-10 23:00:00;0.0;122.70981038092543;;77.86154442030912;;;;
2022-03-11 00:00:00;0.0;122.70981038092543;;75.5901475677465;;;;
2022-03-11 01:00:00;0.0;122.70981038092543;;75.82216165694749;;;;
2022-03-11 02:00:00;0.0;122.70981038092543;;77.70999334340294;;;;
2022-03-11 03:00:00;0.0;122.70981038092543;;82.28552700485739;;;;
2022-03-11 04:00:00;0.0;122.70981038092543;;89.31610409108234;;;;
2022-03-11 05:00:00;0.0;122.70981038092543;;98.4009118275035;;;;
2022-03-11 06:00:00;0.0;122.70981038092543;;108.9870070442434;;;;
2022-03-11 07:00:00;0.0;122.70981038092543;;120.4204204920814;;;;
2022-03-11 08:00:00;0.0;122.70981038092543;;131.9533446268668;;;;
2022-03-11 09:00:00;0.0;122.70981038092543;;142.8454100978115;;;;
2022-03-11 10:00:00;0.0;122.70981038092543;;152.3676102358214;;;;
2022-03-11 11:00:00;0.0;122.70981038092543;;159.9048759955269;;;;
2022-03-11 12:00:00;0.0;122.70981038092543;;164.94964959551;;;;
2022-03-11 13:00:00;0.0;122.70981038092543;;167.1746178977661;;;;
2022-03-11 14:00:00;0.0;122.70981038092543;;166.4260055941195;;;;
2022-03-11 15:00:00;0.0;122.70981038092543;;162.7690653991833;;;;
2022-03-11 16:00:00;0.0;122.70981038092543;;156.4638023121616;;;;
2022-03-11 17:00:00;0.0;122.70981038092543;;147.9641158997089;;;;
2022-03-11 18:00:00;0.0;122.70981038092543;;137.871763253915;;;;
2022-03-11 19:00:00;0.0;122.70981038092543;;126.9064451828817;;;;
2022-03-11 20:00:00;0.0;122.70981038092543;;115.8457680444512;;;;
2022-03-11 21:00:00;0.0;122.70981038092543;;105.4703717470438;;;;
2022-03-11 22:00:00;0.0;122.70981038092543;;96.52007988857778;;;;
2022-03-11 23:00:00;0.0;122.70981038092543;;90.09960228117608;;;;
2022-03-12 00:00:00;0.0;122.70981038092543;;86.23278873799114;;;;
2022-03-12 01:00:00;0.0;122.70981038092543;;85.24867888649742;;;;
2022-03-12 02:00:00;0.0;122.70981038092543;;86.81008712158807;;;;
2022-03-12 03:00:00;0.0;122.70981038092543;;91.30457946592465;;;;
2022-03-12 04:00:00;0.0;122.70981038092543;;98.41863767241227;;;;
2022-03-12 05:00:00;0.0;122.70981038092543;;107.6638361323009;;;;
2022-03-12 06:00:00;0.0;122.70981038092543;;118.3947174903422;;;;
2022-03-12 07:00:00;0.0;122.70981038092543;;129.8745887944376;;;;
2022-03-12 08:00:00;0.0;122.70981038092543;;141.3105137610986;;;;
2022-03-12 09:00:00;0.0;122.70981038092543;;151.9146528968226;;;;
2022-03-12 10:00:00;0.0;122.70981038092543;;160.9549938499597;;;;
2022-03-12 11:00:00;0.0;122.70981038092543;;167.801872219866;;;;
2022-03-12 12:00:00;0.0;122.70981038092543;;171.9875321534316;;;;
2022-03-12 13:00:00;0.0;122.70981038092543;;173.2250129994965;;;;
2022-03-12 14:00:00;0.0;122.70981038092543;;171.4321900994576;;;;
2022-03-12 15:00:00;0.0;122.70981038092543;;166.7330741488178;;;;
2022-03-12 16:00:00;0.0;122.70981038092543;;159.4412785365716;;;;
2022-03-12 17:00:00;0.0;122.70981038092543;;150.0554622397623;;;;
2022-03-12 18:00:00;0.0;122.70981038092543;;139.2029204461072;;;;
2022-03-12 19:00:00;0.0;122.70981038092543;;127.6227035767819;;;;
2022-03-12 20:00:00;0.0;122.70981038092543;;116.0926495729139;;;;
2022-03-12 21:00:00;0.0;122.70981038092543;;105.3861496848154;;;;
2022-03-12 22:00:00;0.0;122.70981038092543;;96.21192022007372;;;;
2022-03-12 23:00:00;0.0;122.70981038092543;;88.57967419244598;;;;
2022-03-13 00:00:00;0.0;122.70981038092543;;83.56892761623834;;;;
2022-03-13 01:00:00;0.0;122.70981038092543;;81.45455050592844;;;;
2022-03-13 02:00:00;0.0;122.70981038092543;;82.91885311869959;;;;
2022-03-13 03:00:00;0.0;122.70981038092543;;87.23580365855818;;;;
2022-03-13 04:00:00;0.0;122.70981038092543;;94.11681630525196;;;;
2022-03-13 05:00:00;0.0;122.70981038092543;;103.1018908553589;;;;
2022-03-13 06:00:00;0.0;122.70981038092543;;113.597561683917;;;;
2022-03-13 07:00:00;0.0;122.70981038092543;;124.9066497862107;;;;
2022-03-13 08:00:00;0.0;122.70981038092543;;136.2827800702661;;;;
2022-03-13 09:00:00;0.0;122.70981038092543;;146.9766210691328;;;;
2022-03-13 10:00:00;0.0;122.70981038092543;;156.2748264524764;;;;
2022-03-13 11:00:00;0.0;122.70981038092543;;163.5637693021368;;;;
2022-03-13 12:00:00;0.0;122.70981038092543;;168.3466608573104;;;;
2022-03-13 13:00:00;0.0;122.70981038092543;;170.3143638815555;;;;
2022-03-13 14:00:00;0.0;122.70981038092543;;169.3322845399715;;;;
2022-03-13 15:00:00;0.0;122.70981038092543;;165.4729945300693;;;;
2022-03-13 16:00:00;0.0;122.70981038092543;;159.0103850603369;;;;
2022-03-13 17:00:00;0.0;122.70981038092543;;150.3888804047609;;;;
2022-03-13 18:00:00;0.0;122.70981038092543;;140.2047794030594;;;;
2022-03-13 19:00:00;0.0;122.70981038092543;;129.168406759275;;;;
2022-03-13 20:00:00;0.0;122.70981038092543;;118.0587194782198;;;;
2022-03-13 21:00:00;0.0;122.70981038092543;;107.6670051000258;;;;
2022-03-13 22:00:00;0.0;122.70981038092543;;98.73226187103744;;;;
2022-03-13 23:00:00;0.0;122.70981038092543;;90.58489832825222;;;;
2022-03-14 00:00:00;0.0;122.70981038092543;;85.07706787358129;;;;
2022-03-14 01:00:00;0.0;122.70981038092543;;82.49690308991833;;;;
2022-03-14 02:00:00;0.0;122.70981038092543;;84.25638680813756;;;;
2022-03-14 03:00:00;0.0;122.70981038092543;;88.88536233104773;;;;
2022-03-14 04:00:00;0.0;122.70981038092543;;96.11172963099928;;;;
2022-03-14 05:00:00;0.0;122.70981038092543;;105.4689779350995;;;;
2022-03-14 06:00:00;0.0;122.70981038092543;;116.3463778013948;;;;
2022-03-14 07:00:00;0.0;122.70981038092543;;128.0102321748261;;;;
2022-03-14 08:00:00;0.0;122.70981038092543;;139.6687365965377;;;;
2022-03-14 09:00:00;0.0;122.70981038092543;;150.5441818756343;;;;
2022-03-14 10:00:00;0.0;122.70981038092543;;159.8896488142735;;;;
2022-03-14 11:00:00;0.0;122.70981038092543;;167.0737969603898;;;;
2022-03-14 12:00:00;0.0;122.70981038092543;;171.5846253496598;;;;
2022-03-14 13:00:00;0.0;122.70981038092543;;173.1112904326446;;;;
2022-03-14 14:00:00;0.0;122.70981038092543;;171.5458916788113;;;;
2022-03-14 15:00:00;0.0;122.70981038092543;;166.9971200047756;;;;
2022-03-14 16:00:00;0.0;122.70981038092543;;159.7768872928225;;;;
2022-03-14 17:00:00;0.0;122.70981038092543;;150.3807844314455;;;;
2022-03-14 18:00:00;0.0;122.70981038092543;;139.4491980600061;;;;
2022-03-14 19:00:00;0.0;122.70981038092543;;127.7297462193575;;;;
2022-03-14 20:00:00;0.0;122.70981038092543;;116.0083333567988;;;;
2022-03-14 21:00:00;0.0;122.70981038092543;;105.0803323976289;;;;
2022-03-14 22:00:00;0.0;122.70981038092543;;95.66790765213958;;;;
2022-03-14 23:00:00;0.0;122.70981038092543;;87.30798071005893;;;;
2022-03-15 00:00:00;0.0;122.70981038092543;;81.54801010939708;;;;
2022-03-15 01:00:00;0.0;122.70981038092543;;78.61978523491327;;;;
2022-03-15 02:00:00;0.0;122.70981038092543;;79.6194061362467;;;;
2022-03-15 03:00:00;0.0;122.70981038092543;;83.274155450744;;;;
2022-03-15 04:00:00;0.0;122.70981038092543;;89.25935832693344;;;;
2022-03-15 05:00:00;0.0;122.70981038092543;;97.09890111163404;;;;
2022-03-15 06:00:00;0.0;122.70981038092543;;106.1840731176277;;;;
2022-03-15 07:00:00;0.0;122.70981038092543;;115.8355010848443;;;;
2022-03-15 08:00:00;0.0;122.70981038092543;;125.3338814964478;;;;
2022-03-15 09:00:00;0.0;122.70981038092543;;133.9854451807885;;;;
2022-03-15 10:00:00;0.0;122.70981038092543;;141.1564982059539;;;;
2022-03-15 11:00:00;0.0;122.70981038092543;;146.3325914079959;;;;
2022-03-15 12:00:00;0.0;122.70981038092543;;149.1337593474248;;;;
2022-03-15 13:00:00;0.0;122.70981038092543;;149.3553293201229;;;;
2022-03-15 14:00:00;0.0;122.70981038092543;;146.9637335723017;;;;
2022-03-15 15:00:00;0.0;122.70981038092543;;142.1181685699676;;;;
2022-03-15 16:00:00;0.0;122.70981038092543;;135.1363999599862;;;;
2022-03-15 17:00:00;0.0;122.70981038092543;;126.4743175876705;;;;
2022-03-15 18:00:00;0.0;122.70981038092543;;116.6873363016741;;;;
2022-03-15 19:00:00;0.0;122.70981038092543;;106.3993641261988;;;;
2022-03-15 20:00:00;0.0;122.70981038092543;;96.26165845986256;;;;
2022-03-15 21:00:00;0.0;122.70981038092543;;86.91131275099801;;;;
2022-03-15 22:00:00;0.0;122.70981038092543;;78.92022475215978;;;;
2022-03-15 23:00:00;0.0;122.70981038092543;;72.70433260249672;;;;
2022-03-16 00:00:00;0.0;122.70981038092543;;68.68206363115014;;;;
2022-03-16 01:00:00;0.0;122.70981038092543;;67.0530193334376;;;;
2022-03-16 02:00:00;0.0;122.70981038092543;;67.92956114636895;;;;
2022-03-16 03:00:00;0.0;122.70981038092543;;71.12978169801258;;;;
2022-03-16 04:00:00;0.0;122.70981038092543;;76.39965159576576;;;;
2022-03-16 05:00:00;0.0;122.70981038092543;;83.34216323450144;;;;
2022-03-16 06:00:00;0.0;122.70981038092543;;91.46335296862476;;;;
2022-03-16 07:00:00;0.0;122.70981038092543;;100.1933745451356;;;;
2022-03-16 08:00:00;0.0;122.70981038092543;;108.9381923327708;;;;
2022-03-16 09:00:00;0.0;122.70981038092543;;117.1050482387792;;;;
2022-03-16 10:00:00;0.0;122.70981038092543;;124.1440577046122;;;;
2022-03-16 11:00:00;0.0;122.70981038092543;;129.5729556013115;;;;
2022-03-16 12:00:00;0.0;122.70981038092543;;133.0229004155242;;;;
2022-03-16 13:00:00;0.0;122.70981038092543;;134.2665986717894;;;;
2022-03-16 14:00:00;0.0;122.70981038092543;;133.2280366243465;;;;
2022-03-16 15:00:00;0.0;122.70981038092543;;129.9747689253759;;;;
2022-03-16 16:00:00;0.0;122.70981038092543;;124.7172621986782;;;;
2022-03-16 17:00:00;0.0;122.70981038092543;;117.8085821571112;;;;
2022-03-16 18:00:00;0.0;122.70981038092543;;109.7221293551788;;;;
2022-03-16 19:00:00;0.0;122.70981038092543;;101.0140589728997;;;;
2022-03-16 20:00:00;0.0;122.70981038092543;;92.28591027161411;;;;
2022-03-16 21:00:00;0.0;122.70981038092543;;84.14364420038333;;;;
2022-03-16 22:00:00;0.0;122.70981038092543;;77.16098390630671;;;;
2022-03-16 23:00:00;0.0;122.70981038092543;;72.62059758756484;;;;
2022-03-17 00:00:00;0.0;122.70981038092543;;70.13148686919298;;;;
2022-03-17 01:00:00;0.0;122.70981038092543;;69.98573197077775;;;;
2022-03-17 02:00:00;0.0;122.70981038092543;;71.54142099493714;;;;
2022-03-17 03:00:00;0.0;122.70981038092543;;75.55705863734643;;;;
2022-03-17 04:00:00;0.0;122.70981038092543;;81.80825230303515;;;;
2022-03-17 05:00:00;0.0;122.70981038092543;;89.90971327336182;;;;
2022-03-17 06:00:00;0.0;122.70981038092543;;99.35029689563142;;;;
2022-03-17 07:00:00;0.0;122.70981038092543;;109.5162173370352;;;;
2022-03-17 08:00:00;0.0;122.70981038092543;;119.7423137565365;;;;
2022-03-17 09:00:00;0.0;122.70981038092543;;129.3501446488445;;;;
2022-03-17 10:00:00;0.0;122.70981038092543;;137.6993306267234;;;;
2022-03-17 11:00:00;0.0;122.70981038092543;;144.2280052393673;;;;
2022-03-17 12:00:00;0.0;122.70981038092543;;148.4948816389455;;;;
2022-03-17 13:00:00;0.0;122.70981038092543;;150.2135712680371;;;;
2022-03-17 14:00:00;0.0;122.70981038092543;;149.2713427542846;;;;
2022-03-17 15:00:00;0.0;122.70981038092543;;145.7407612045649;;;;
2022-03-17 16:00:00;0.0;122.70981038092543;;139.8655011609974;;;;
2022-03-17 17:00:00;0.0;122.70981038092543;;132.0583811672785;;;;
2022-03-17 18:00:00;0.0;122.70981038092543;;122.8608857461855;;;;
2022-03-17 19:00:00;0.0;122.70981038092543;;112.9206939158281;;;;
2022-03-17 20:00:00;0.0;122.70981038092543;;102.9283752909191;;;;
2022-03-17 21:00:00;0.0;122.70981038092543;;93.58164211122818;;;;
2022-03-17 22:00:00;0.0;122.70981038092543;;85.53122509046756;;;;
2022-03-17 23:00:00;0.0;122.70981038092543;;80.37626509035897;;;;
2022-03-18 00:00:00;0.0;122.70981038092543;;77.48349314853967;;;;
2022-03-18 01:00:00;0.0;122.70981038092543;;77.15784188917176;;;;
2022-03-18 02:00:00;0.0;122.70981038092543;;78.48427038519;;;;
2022-03-18 03:00:00;0.0;122.70981038092543;;82.46451844075185;;;;
2022-03-18 04:00:00;0.0;122.70981038092543;;88.81330519942655;;;;
2022-03-18 05:00:00;0.0;122.70981038092543;;97.08457936290408;;;;
2022-03-18 06:00:00;0.0;122.70981038092543;;106.6975582208912;;;;
2022-03-18 07:00:00;0.0;122.70981038092543;;116.976779191398;;;;
2022-03-18 08:00:00;0.0;122.70981038092543;;127.2133266169533;;;;
2022-03-18 09:00:00;0.0;122.70981038092543;;136.6985995332826;;;;
2022-03-18 10:00:00;0.0;122.70981038092543;;144.7837386934229;;;;
2022-03-18 11:00:00;0.0;122.70981038092543;;150.9101614288847;;;;
2022-03-18 12:00:00;0.0;122.70981038092543;;154.6558580928665;;;;
2022-03-18 13:00:00;0.0;122.70981038092543;;155.7607119657738;;;;
2022-03-18 14:00:00;0.0;122.70981038092543;;154.1555513984637;;;;
2022-03-18 15:00:00;0.0;122.70981038092543;;149.9474679559511;;;;
2022-03-18 16:00:00;0.0;122.70981038092543;;143.4270301540272;;;;
2022-03-18 17:00:00;0.0;122.70981038092543;;135.0268344540115;;;;
2022-03-18 18:00:00;0.0;122.70981038092543;;125.3231972472503;;;;
2022-03-18 19:00:00;0.0;122.70981038092543;;114.964580138899;;;;
2022-03-18 20:00:00;0.0;122.70981038092543;;104.64789418414;;;;
2022-03-18 21:00:00;0.0;122.70981038092543;;95.06199067387033;;;;
2022-03-18 22:00:00;0.0;122.70981038092543;;86.85805085762078;;;;
2022-03-18 23:00:00;0.0;122.70981038092543;;80.9999031382901;;;;
2022-03-19 00:00:00;0.0;122.70981038092543;;77.49644352040002;;;;
2022-03-19 01:00:00;0.0;122.70981038092543;;76.63338831950213;;;;
2022-03-19 02:00:00;0.0;122.70981038092543;;78.11966389040688;;;;
2022-03-19 03:00:00;0.0;122.70981038092543;;82.30731221423329;;;;
2022-03-19 04:00:00;0.0;122.70981038092543;;88.93811750969334;;;;
2022-03-19 05:00:00;0.0;122.70981038092543;;97.58824789148326;;;;
2022-03-19 06:00:00;0.0;122.70981038092543;;107.707353264328;;;;
2022-03-19 07:00:00;0.0;122.70981038092543;;118.6450261476573;;;;
2022-03-19 08:00:00;0.0;122.70981038092543;;129.697451304329;;;;
2022-03-19 09:00:00;0.0;122.70981038092543;;140.1448155629743;;;;
2022-03-19 10:00:00;0.0;122.70981038092543;;149.3085720523514;;;;
2022-03-19 11:00:00;0.0;122.70981038092543;;156.5892844266729;;;;
2022-03-19 12:00:00;0.0;122.70981038092543;;161.5115456219474;;;;
2022-03-19 13:00:00;0.0;122.70981038092543;;163.7520804544409;;;;
2022-03-19 14:00:00;0.0;122.70981038092543;;163.1663775487907;;;;
2022-03-19 15:00:00;0.0;122.70981038092543;;159.811396668679;;;;
2022-03-19 16:00:00;0.0;122.70981038092543;;153.9195054273;;;;
2022-03-19 17:00:00;0.0;122.70981038092543;;145.9157795345847;;;;
2022-03-19 18:00:00;0.0;122.70981038092543;;136.3557299572496;;;;
2022-03-19 19:00:00;0.0;122.70981038092543;;125.9259554383098;;;;
2022-03-19 20:00:00;0.0;122.70981038092543;;115.3753773721395;;;;
2022-03-19 21:00:00;0.0;122.70981038092543;;105.4752206968264;;;;
2022-03-19 22:00:00;0.0;122.70981038092543;;96.96265054064602;;;;
2022-03-19 23:00:00;0.0;122.70981038092543;;89.86203059584268;;;;
2022-03-20 00:00:00;0.0;122.70981038092543;;85.32179900901164;;;;
2022-03-20 01:00:00;0.0;122.70981038092543;;83.67167522192625;;;;
2022-03-20 02:00:00;0.0;122.70981038092543;;85.66603104635966;;;;
2022-03-20 03:00:00;0.0;122.70981038092543;;90.59961941254458;;;;
2022-03-20 04:00:00;0.0;122.70981038092543;;98.20665729461412;;;;
2022-03-20 05:00:00;0.0;122.70981038092543;;108.0314217103602;;;;
2022-03-20 06:00:00;0.0;122.70981038092543;;119.4602686285146;;;;
2022-03-20 07:00:00;0.0;122.70981038092543;;131.750570641945;;;;
2022-03-20 08:00:00;0.0;122.70981038092543;;144.0981379659494;;;;
2022-03-20 09:00:00;0.0;122.70981038092543;;155.6773490561366;;;;
2022-03-20 10:00:00;0.0;122.70981038092543;;165.7205338496272;;;;
2022-03-20 11:00:00;0.0;122.70981038092543;;173.5554978844338;;;;
2022-03-20 12:00:00;0.0;122.70981038092543;;178.6503808030226;;;;
2022-03-20 13:00:00;0.0;122.70981038092543;;180.647852431766;;;;
2022-03-20 14:00:00;0.0;122.70981038092543;;179.411651128835;;;;
2022-03-20 15:00:00;0.0;122.70981038092543;;175.0338914044778;;;;
2022-03-20 16:00:00;0.0;122.70981038092543;;167.8254989956053;;;;
2022-03-20 17:00:00;0.0;122.70981038092543;;158.2906130081304;;;;
2022-03-20 18:00:00;0.0;122.70981038092543;;147.088698425226;;;;
2022-03-20 19:00:00;0.0;122.70981038092543;;135.0103615121617;;;;
2022-03-20 20:00:00;0.0;122.70981038092543;;122.8809539317618;;;;
2022-03-20 21:00:00;0.0;122.70981038092543;;111.5404500674838;;;;
2022-03-20 22:00:00;0.0;122.70981038092543;;101.7585908034465;;;;
2022-03-20 23:00:00;0.0;122.70981038092543;;92.84207951405484;;;;
2022-03-21 00:00:00;0.0;122.70981038092543;;86.67723622538838;;;;
2022-03-21 01:00:00;0.0;122.70981038092543;;83.51239078512577;;;;
2022-03-21 02:00:00;0.0;122.70981038092543;;84.74536688896771;;;;
2022-03-21 03:00:00;0.0;122.70981038092543;;88.80778319602204;;;;
2022-03-21 04:00:00;0.0;122.70981038092543;;95.37894784721657;;;;
2022-03-21 05:00:00;0.0;122.70981038092543;;103.9510830074353;;;;
2022-03-21 06:00:00;0.0;122.70981038092543;;113.8908341801202;;;;
2022-03-21 07:00:00;0.0;122.70981038092543;;124.4637731404449;;;;
2022-03-21 08:00:00;0.0;122.70981038092543;;134.9049251340923;;;;
2022-03-21 09:00:00;0.0;122.70981038092543;;144.4608159774422;;;;
2022-03-21 10:00:00;0.0;122.70981038092543;;152.4420857514727;;;;
2022-03-21 11:00:00;0.0;122.70981038092543;;158.2813089877609;;;;
2022-03-21 12:00:00;0.0;122.70981038092543;;161.5510304732937;;;;
2022-03-21 13:00:00;0.0;122.70981038092543;;162.0257531956295;;;;
2022-03-21 14:00:00;0.0;122.70981038092543;;159.6557087432859;;;;
2022-03-21 15:00:00;0.0;122.70981038092543;;154.60070600432;;;;
2022-03-21 16:00:00;0.0;122.70981038092543;;147.1856402492174;;;;
2022-03-21 17:00:00;0.0;122.70981038092543;;137.9029260088017;;;;
2022-03-21 18:00:00;0.0;122.70981038092543;;127.3562913631197;;;;
2022-03-21 19:00:00;0.0;122.70981038092543;;116.2352567191065;;;;
2022-03-21 20:00:00;0.0;122.70981038092543;;105.2475794845359;;;;
2022-03-21 21:00:00;0.0;122.70981038092543;;95.09557571591988;;;;
2022-03-21 22:00:00;0.0;122.70981038092543;;86.40618895846171;;;;
2022-03-21 23:00:00;0.0;122.70981038092543;;78.74062611758686;;;;
2022-03-22 00:00:00;0.0;122.70981038092543;;73.48147545741453;;;;
2022-03-22 01:00:00;0.0;122.70981038092543;;70.82664868985499;;;;
2022-03-22 02:00:00;0.0;122.70981038092543;;71.76863624706812;;;;
2022-03-22 03:00:00;0.0;122.70981038092543;;75.1564584825567;;;;
2022-03-22 04:00:00;0.0;122.70981038092543;;80.71098937840483;;;;
2022-03-22 05:00:00;0.0;122.70981038092543;;88.02006739131183;;;;
2022-03-22 06:00:00;0.0;122.70981038092543;;96.55974649865216;;;;
2022-03-22 07:00:00;0.0;122.70981038092543;;105.7293055151484;;;;
2022-03-22 08:00:00;0.0;122.70981038092543;;114.8900638847936;;;;
2022-03-22 09:00:00;0.0;122.70981038092543;;123.4056365784748;;;;
2022-03-22 10:00:00;0.0;122.70981038092543;;130.6936877907327;;;;
2022-03-22 11:00:00;0.0;122.70981038092543;;136.2602886593054;;;;
2022-03-22 12:00:00;0.0;122.70981038092543;;139.7318038798737;;;;
2022-03-22 13:00:00;0.0;122.70981038092543;;140.8727960583134;;;;
2022-03-22 14:00:00;0.0;122.70981038092543;;139.5943388759098;;;;
2022-03-22 15:00:00;0.0;122.70981038092543;;135.9805826853143;;;;
2022-03-22 16:00:00;0.0;122.70981038092543;;130.2733450661608;;;;
2022-03-22 17:00:00;0.0;122.70981038092543;;122.8557122745275;;;;
2022-03-22 18:00:00;0.0;122.70981038092543;;114.2301558601438;;;;
2022-03-22 19:00:00;0.0;122.70981038092543;;104.971649480606;;;;
2022-03-22 20:00:00;0.0;122.70981038092543;;95.71477019353644;;;;
2022-03-22 21:00:00;0.0;122.70981038092543;;87.08823970881448;;;;
2022-03-22 22:00:00;0.0;122.70981038092543;;79.69277792796808;;;;
2022-03-22 23:00:00;0.0;122.70981038092543;;73.96314165486481;;;;
2022-03-23 00:00:00;0.0;122.70981038092543;;70.3739162540576;;;;
2022-03-23 01:00:00;0.0;122.70981038092543;;69.1789988380795;;;;
2022-03-23 02:00:00;0.0;122.70981038092543;;70.54739376094176;;;;
2022-03-23 03:00:00;0.0;122.70981038092543;;74.32714517460616;;;;
2022-03-23 04:00:00;0.0;122.70981038092543;;80.27235941177217;;;;
2022-03-23 05:00:00;0.0;122.70981038092543;;87.99652183225491;;;;
2022-03-23 06:00:00;0.0;122.70981038092543;;96.98412681623702;;;;
2022-03-23 07:00:00;0.0;122.70981038092543;;106.6334999974043;;;;
2022-03-23 08:00:00;0.0;122.70981038092543;;116.297967919269;;;;
2022-03-23 09:00:00;0.0;122.70981038092543;;125.3170124034144;;;;
2022-03-23 10:00:00;0.0;122.70981038092543;;133.0764372991124;;;;
2022-03-23 11:00:00;0.0;122.70981038092543;;139.0304443841066;;;;
2022-03-23 12:00:00;0.0;122.70981038092543;;142.7739798765277;;;;
2022-03-23 13:00:00;0.0;122.70981038092543;;144.0521366965784;;;;
2022-03-23 14:00:00;0.0;122.70981038092543;;142.7813431240642;;;;
2022-03-23 15:00:00;0.0;122.70981038092543;;139.0473706185545;;;;
2022-03-23 16:00:00;0.0;122.70981038092543;;133.1027988350858;;;;
2022-03-23 17:00:00;0.0;122.70981038092543;;125.3555785517036;;;;
2022-03-23 18:00:00;0.0;122.70981038092543;;116.3346678059052;;;;
2022-03-23 19:00:00;0.0;122.70981038092543;;106.6484879280778;;;;
2022-03-23 20:00:00;0.0;122.70981038092543;;96.96038984586788;;;;
2022-03-23 21:00:00;0.0;122.70981038092543;;87.92849087194743;;;;
2022-03-23 22:00:00;0.0;122.70981038092543;;80.1615005033466;;;;
2022-03-23 23:00:00;0.0;122.70981038092543;;74.95570541151827;;;;
2022-03-24 00:00:00;0.0;122.70981038092543;;71.8884296704545;;;;
2022-03-24 01:00:00;0.0;122.70981038092543;;71.22290508606989;;;;
2022-03-24 02:00:00;0.0;122.70981038092543;;72.25957857528803;;;;
2022-03-24 03:00:00;0.0;122.70981038092543;;75.7243046574691;;;;
2022-03-24 04:00:00;0.0;122.70981038092543;;81.34203677562228;;;;
2022-03-24 05:00:00;0.0;122.70981038092543;;88.68789772821562;;;;
2022-03-24 06:00:00;0.0;122.70981038092543;;97.22090655241846;;;;
2022-03-24 07:00:00;0.0;122.70981038092543;;106.3193694659169;;;;
2022-03-24 08:00:00;0.0;122.70981038092543;;115.3350788832807;;;;
2022-03-24 09:00:00;0.0;122.70981038092543;;123.6319895383253;;;;
2022-03-24 10:00:00;0.0;122.70981038092543;;130.6244644263968;;;;
2022-03-24 11:00:00;0.0;122.70981038092543;;135.8211319028084;;;;
2022-03-24 12:00:00;0.0;122.70981038092543;;138.8632081412326;;;;
2022-03-24 13:00:00;0.0;122.70981038092543;;139.5386066758506;;;;
2022-03-24 14:00:00;0.0;122.70981038092543;;137.7942312634926;;;;
2022-03-24 15:00:00;0.0;122.70981038092543;;133.7449421853551;;;;
2022-03-24 16:00:00;0.0;122.70981038092543;;127.6581613735691;;;;
2022-03-24 17:00:00;0.0;122.70981038092543;;119.947298511664;;;;
2022-03-24 18:00:00;0.0;122.70981038092543;;111.1165228736557;;;;
2022-03-24 19:00:00;0.0;122.70981038092543;;101.7483400998241;;;;
2022-03-24 20:00:00;0.0;122.70981038092543;;92.4604238541482;;;;
2022-03-24 21:00:00;0.0;122.70981038092543;;83.85644122584131;;;;
2022-03-24 22:00:00;0.0;122.70981038092543;;76.50590423745898;;;;
2022-03-24 23:00:00;0.0;122.70981038092543;;71.80940236253787;;;;
2022-03-25 00:00:00;0.0;122.70981038092543;;69.196253152812;;;;
2022-03-25 01:00:00;0.0;122.70981038092543;;68.92590335125509;;;;
2022-03-25 02:00:00;0.0;122.70981038092543;;70.18761807020766;;;;
2022-03-25 03:00:00;0.0;122.70981038092543;;73.87683277722029;;;;
2022-03-25 04:00:00;0.0;122.70981038092543;;79.76045795995152;;;;
2022-03-25 05:00:00;0.0;122.70981038092543;;87.46018306102384;;;;
2022-03-25 06:00:00;0.0;122.70981038092543;;96.4815015680493;;;;
2022-03-25 07:00:00;0.0;122.70981038092543;;106.2418173372672;;;;
2022-03-25 08:00:00;0.0;122.70981038092543;;116.1104247771146;;;;
2022-03-25 09:00:00;0.0;122.70981038092543;;125.4476800897392;;;;
2022-03-25 10:00:00;0.0;122.70981038092543;;133.6500694095041;;;;
2022-03-25 11:00:00;0.0;122.70981038092543;;140.1870797161778;;;;
2022-03-25 12:00:00;0.0;122.70981038092543;;144.6346886211812;;;;
2022-03-25 13:00:00;0.0;122.70981038092543;;146.7061466387592;;;;
2022-03-25 14:00:00;0.0;122.70981038092543;;146.2629721161183;;;;
2022-03-25 15:00:00;0.0;122.70981038092543;;143.351751524487;;;;
2022-03-25 16:00:00;0.0;122.70981038092543;;138.1748431976253;;;;
2022-03-25 17:00:00;0.0;122.70981038092543;;131.1052375764733;;;;
2022-03-25 18:00:00;0.0;122.70981038092543;;122.6350947084014;;;;
2022-03-25 19:00:00;0.0;122.70981038092543;;113.3754183069039;;;;
2022-03-25 20:00:00;0.0;122.70981038092543;;103.9956806751179;;;;
2022-03-25 21:00:00;0.0;122.70981038092543;;95.19303735037238;;;;
2022-03-25 22:00:00;0.0;122.70981038092543;;87.62652926851328;;;;
2022-03-25 23:00:00;0.0;122.70981038092543;;82.2965192962005;;;;
2022-03-26 00:00:00;0.0;122.70981038092543;;79.26116597531731;;;;
2022-03-26 01:00:00;0.0;122.70981038092543;;78.86951932797439;;;;
2022-03-26 02:00:00;0.0;122.70981038092543;;80.87911121587463;;;;
2022-03-26 03:00:00;0.0;122.70981038092543;;85.6766349485901;;;;
2022-03-26 04:00:00;0.0;122.70981038092543;;93.02727383891585;;;;
2022-03-26 05:00:00;0.0;122.70981038092543;;102.5085016339524;;;;
2022-03-26 06:00:00;0.0;122.70981038092543;;113.5552586784872;;;;
2022-03-26 07:00:00;0.0;122.70981038092543;;125.4632257035812;;;;
2022-03-26 08:00:00;0.0;122.70981038092543;;137.4773539122064;;;;
2022-03-26 09:00:00;0.0;122.70981038092543;;148.8095806756017;;;;
2022-03-26 10:00:00;0.0;122.70981038092543;;158.7188783359013;;;;
2022-03-26 11:00:00;0.0;122.70981038092543;;166.5399318420559;;;;
2022-03-26 12:00:00;0.0;122.70981038092543;;171.7470237634469;;;;
2022-03-26 13:00:00;0.0;122.70981038092543;;174.0020312374945;;;;
2022-03-26 14:00:00;0.0;122.70981038092543;;173.1562808866174;;;;
2022-03-26 15:00:00;0.0;122.70981038092543;;169.2824423166672;;;;
2022-03-26 16:00:00;0.0;122.70981038092543;;162.6509941926169;;;;
2022-03-26 17:00:00;0.0;122.70981038092543;;153.7351548366224;;;;
2022-03-26 18:00:00;0.0;122.70981038092543;;143.1636179005514;;;;
2022-03-26 19:00:00;0.0;122.70981038092543;;131.6820055336271;;;;
2022-03-26 20:00:00;0.0;122.70981038092543;;120.1073420102341;;;;
2022-03-26 21:00:00;0.0;122.70981038092543;;109.2571172627998;;;;
2022-03-26 22:00:00;0.0;122.70981038092543;;99.89635034946912;;;;
2022-03-26 23:00:00;0.0;122.70981038092543;;92.04246812109729;;;;
2022-03-27 00:00:00;0.0;122.70981038092543;;86.85442485786001;;;;
2022-03-27 01:00:00;0.0;122.70981038092543;;84.62092343345991;;;;
2022-03-27 02:00:00;0.0;122.70981038092543;;86.06626867132341;;;;
2022-03-27 03:00:00;0.0;122.70981038092543;;90.40061550248404;;;;
2022-03-27 04:00:00;0.0;122.70981038092543;;97.31991863323842;;;;
2022-03-27 05:00:00;0.0;122.70981038092543;;106.3200215642272;;;;
2022-03-27 06:00:00;0.0;122.70981038092543;;116.7593324886815;;;;
2022-03-27 07:00:00;0.0;122.70981038092543;;127.8908957915384;;;;
2022-03-27 08:00:00;0.0;122.70981038092543;;138.9297685913164;;;;
2022-03-27 09:00:00;0.0;122.70981038092543;;149.1085754968849;;;;
2022-03-27 10:00:00;0.0;122.70981038092543;;157.7130547106736;;;;
2022-03-27 11:00:00;0.0;122.70981038092543;;164.1355113174965;;;;
2022-03-27 12:00:00;0.0;122.70981038092543;;167.9275926714301;;;;
2022-03-27 13:00:00;0.0;122.70981038092543;;168.8194238006041;;;;
2022-03-27 14:00:00;0.0;122.70981038092543;;166.7645890152704;;;;
2022-03-27 15:00:00;0.0;122.70981038092543;;161.8835248044946;;;;
2022-03-27 16:00:00;0.0;122.70981038092543;;154.5075970501418;;;;
2022-03-27 17:00:00;0.0;122.70981038092543;;145.1142681421691;;;;
2022-03-27 18:00:00;0.0;122.70981038092543;;134.3417844369674;;;;
2022-03-27 19:00:00;0.0;122.70981038092543;;122.9007671034324;;;;
2022-03-27 20:00:00;0.0;122.70981038092543;;111.5497719866009;;;;
2022-03-27 21:00:00;0.0;122.70981038092543;;101.0246727096839;;;;
2022-03-27 22:00:00;0.0;122.70981038092543;;92.01157939696556;;;;
2022-03-27 23:00:00;0.0;122.70981038092543;;83.8530720814602;;;;
2022-03-28 00:00:00;0.0;122.70981038092543;;78.23565043436435;;;;
2022-03-28 01:00:00;0.0;122.70981038092543;;75.37723126117683;;;;
2022-03-28 02:00:00;0.0;122.70981038092543;;76.53701157174422;;;;
2022-03-28 03:00:00;0.0;122.70981038092543;;80.3092604817323;;;;
2022-03-28 04:00:00;0.0;122.70981038092543;;86.41173754259563;;;;
2022-03-28 05:00:00;0.0;122.70981038092543;;94.41013571469432;;;;
2022-03-28 06:00:00;0.0;122.70981038092543;;103.7498487973972;;;;
2022-03-28 07:00:00;0.0;122.70981038092543;;113.7879822101519;;;;
2022-03-28 08:00:00;0.0;122.70981038092543;;123.8396759028359;;;;
2022-03-28 09:00:00;0.0;122.70981038092543;;133.2221894648631;;;;
2022-03-28 10:00:00;0.0;122.70981038092543;;141.294377976384;;;;
2022-03-28 11:00:00;0.0;122.70981038092543;;147.5125854612845;;;;
2022-03-28 12:00:00;0.0;122.70981038092543;;151.4526358354625;;;;
2022-03-28 13:00:00;0.0;122.70981038092543;;152.8562223897161;;;;
2022-03-28 14:00:00;0.0;122.70981038092543;;151.6274159395402;;;;
2022-03-28 15:00:00;0.0;122.70981038092543;;147.8459449297004;;;;
2022-03-28 16:00:00;0.0;122.70981038092543;;141.7581786252067;;;;
2022-03-28 17:00:00;0.0;122.70981038092543;;133.7804006905442;;;;
2022-03-28 18:00:00;0.0;122.70981038092543;;124.4586517138475;;;;
2022-03-28 19:00:00;0.0;122.70981038092543;;114.4280737700419;;;;
2022-03-28 20:00:00;0.0;122.70981038092543;;104.3766610364677;;;;
2022-03-28 21:00:00;0.0;122.70981038092543;;94.99233165989882;;;;
2022-03-28 22:00:00;0.0;122.70981038092543;;86.93761119111517;;;;
2022-03-28 23:00:00;0.0;122.70981038092543;;79.77378067784498;;;;
2022-03-29 00:00:00;0.0;122.70981038092543;;74.95615877869886;;;;
2022-03-29 01:00:00;0.0;122.70981038092543;;72.72288647912272;;;;
2022-03-29 02:00:00;0.0;122.70981038092543;;74.14389975230492;;;;
2022-03-29 03:00:00;0.0;122.70981038092543;;78.08770529942295;;;;
2022-03-29 04:00:00;0.0;122.70981038092543;;84.30028686484133;;;;
2022-03-29 05:00:00;0.0;122.70981038092543;;92.36510809044891;;;;
2022-03-29 06:00:00;0.0;122.70981038092543;;101.743196490277;;;;
2022-03-29 07:00:00;0.0;122.70981038092543;;111.794873596184;;;;
2022-03-29 08:00:00;0.0;122.70981038092543;;121.8307694170691;;;;
2022-03-29 09:00:00;0.0;122.70981038092543;;131.1600510781378;;;;
2022-03-29 10:00:00;0.0;122.70981038092543;;139.1437422379585;;;;
2022-03-29 11:00:00;0.0;122.70981038092543;;145.2297267086454;;;;
2022-03-29 12:00:00;0.0;122.70981038092543;;148.9900036941363;;;;
2022-03-29 13:00:00;0.0;122.70981038092543;;150.1626304993612;;;;
2022-03-29 14:00:00;0.0;122.70981038092543;;148.6611079565834;;;;
2022-03-29 15:00:00;0.0;122.70981038092543;;144.5840789713182;;;;
2022-03-29 16:00:00;0.0;122.70981038092543;;138.2080808689731;;;;
2022-03-29 17:00:00;0.0;122.70981038092543;;129.9678482271013;;;;
2022-03-29 18:00:00;0.0;122.70981038092543;;120.4247951136842;;;;
2022-03-29 19:00:00;0.0;122.70981038092543;;110.2212469066104;;;;
2022-03-29 20:00:00;0.0;122.70981038092543;;100.0428872985858;;;;
2022-03-29 21:00:00;0.0;122.70981038092543;;90.56990232625628;;;;
2022-03-29 22:00:00;0.0;122.70981038092543;;82.41672388402559;;;;
2022-03-29 23:00:00;0.0;122.70981038092543;;76.02816929032699;;;;
2022-03-30 00:00:00;0.0;122.70981038092543;;71.86784818986074;;;;
2022-03-30 01:00:00;0.0;122.70981038092543;;70.16250805009277;;;;
2022-03-30 02:00:00;0.0;122.70981038092543;;71.03918395719175;;;;
2022-03-30 03:00:00;0.0;122.70981038092543;;74.28949267243767;;;;
2022-03-30 04:00:00;0.0;122.70981038092543;;79.62688942621878;;;;
2022-03-30 05:00:00;0.0;122.70981038092543;;86.62611380901564;;;;
2022-03-30 06:00:00;0.0;122.70981038092543;;94.74883497832396;;;;
2022-03-30 07:00:00;0.0;122.70981038092543;;103.3842449703764;;;;
2022-03-30 08:00:00;0.0;122.70981038092543;;111.8903280746615;;;;
2022-03-30 09:00:00;0.0;122.70981038092543;;119.6539142100823;;;;
2022-03-30 10:00:00;0.0;122.70981038092543;;126.1117040102693;;;;
2022-03-30 11:00:00;0.0;122.70981038092543;;130.7995661105416;;;;
2022-03-30 12:00:00;0.0;122.70981038092543;;133.3849839797697;;;;
2022-03-30 13:00:00;0.0;122.70981038092543;;133.683116968479;;;;
2022-03-30 14:00:00;0.0;122.70981038092543;;131.6702300415323;;;;
2022-03-30 15:00:00;0.0;122.70981038092543;;127.4622878024911;;;;
2022-03-30 16:00:00;0.0;122.70981038092543;;121.3374822608742;;;;
2022-03-30 17:00:00;0.0;122.70981038092543;;113.6870771467043;;;;
2022-03-30 18:00:00;0.0;122.70981038092543;;105.0154648918589;;;;
2022-03-30 19:00:00;0.0;122.70981038092543;;95.88390443553092;;;;
2022-03-30 20:00:00;0.0;122.70981038092543;;86.87577397220652;;;;
2022-03-30 21:00:00;0.0;122.70981038092543;;78.56156354730868;;;;
2022-03-30 22:00:00;0.0;122.70981038092543;;71.4606077124933;;;;
2022-03-30 23:00:00;0.0;122.70981038092543;;66.7149412315404;;;;
2022-03-31 00:00:00;0.0;122.70981038092543;;63.93699343617509;;;;
2022-03-31 01:00:00;0.0;122.70981038092543;;63.3423011919505;;;;
2022-03-31 02:00:00;0.0;122.70981038092543;;64.3166913513242;;;;
2022-03-31 03:00:00;0.0;122.70981038092543;;67.50628428865404;;;;
2022-03-31 04:00:00;0.0;122.70981038092543;;72.68390693931813;;;;
2022-03-31 05:00:00;0.0;122.70981038092543;;79.4876215559932;;;;
2022-03-31 06:00:00;0.0;122.70981038092543;;87.45917396963183;;;;
2022-03-31 07:00:00;0.0;122.70981038092543;;96.06317845240731;;;;
2022-03-31 08:00:00;0.0;122.70981038092543;;104.7268050027553;;;;
2022-03-31 09:00:00;0.0;122.70981038092543;;112.8802857904637;;;;
2022-03-31 10:00:00;0.0;122.70981038092543;;119.9827903058067;;;;
2022-03-31 11:00:00;0.0;122.70981038092543;;125.5730718642609;;;;
2022-03-31 12:00:00;0.0;122.70981038092543;;129.2761494450209;;;;
2022-03-31 13:00:00;0.0;122.70981038092543;;130.8578340574042;;;;
2022-03-31 14:00:00;0.0;122.70981038092543;;130.2164116396716;;;;
2022-03-31 15:00:00;0.0;122.70981038092543;;127.4023167994895;;;;
2022-03-31 16:00:00;0.0;122.70981038092543;;122.603463332954;;;;
2022-03-31 17:00:00;0.0;122.70981038092543;;116.1481413243124;;;;
2022-03-31 18:00:00;0.0;122.70981038092543;;108.4888043655551;;;;
2022-03-31 19:00:00;0.0;122.70981038092543;;100.1622545137988;;;;
2022-03-31 20:00:00;0.0;122.70981038092543;;91.76276281434644;;;;
2022-03-31 21:00:00;0.0;122.70981038092543;;83.89451475109813;;;;
2022-03-31 22:00:00;0.0;122.70981038092543;;77.1437652152408;;;;
2022-03-31 23:00:00;0.0;122.70981038092543;;72.9620773156682;;;;
2022-04-01 00:00:00;0.0;122.70981038092543;;70.81375459757997;;;;
2022-04-01 01:00:00;0.0;122.70981038092543;;71.01162588339449;;;;
2022-04-01 02:00:00;0.0;122.70981038092543;;72.77769305483794;;;;
2022-04-01 03:00:00;0.0;122.70981038092543;;77.05773245098277;;;;
2022-04-01 04:00:00;0.0;122.70981038092543;;83.63411892236005;;;;
2022-04-01 05:00:00;0.0;122.70981038092543;;92.13032018035238;;;;
2022-04-01 06:00:00;0.0;122.70981038092543;;102.0318943325854;;;;
2022-04-01 07:00:00;0.0;122.70981038092543;;112.722887775259;;;;
2022-04-01 08:00:00;0.0;122.70981038092543;;123.5227559575763;;;;
2022-04-01 09:00:00;0.0;122.70981038092543;;133.7192615892695;;;;
2022-04-01 10:00:00;0.0;122.70981038092543;;142.646311015054;;;;
2022-04-01 11:00:00;0.0;122.70981038092543;;149.7090880544103;;;;
2022-04-01 12:00:00;0.0;122.70981038092543;;154.4427593908228;;;;
2022-04-01 13:00:00;0.0;122.70981038092543;;156.5280512742143;;;;
2022-04-01 14:00:00;0.0;122.70981038092543;;155.8280410383193;;;;
2022-04-01 15:00:00;0.0;122.70981038092543;;152.4003144872957;;;;
2022-04-01 16:00:00;0.0;122.70981038092543;;146.5025954992484;;;;
2022-04-01 17:00:00;0.0;122.70981038092543;;138.5512566607322;;;;
2022-04-01 18:00:00;0.0;122.70981038092543;;129.1143276987438;;;;
2022-04-01 19:00:00;0.0;122.70981038092543;;118.8480011331208;;;;
2022-04-01 20:00:00;0.0;122.70981038092543;;108.4919591033423;;;;
2022-04-01 21:00:00;0.0;122.70981038092543;;98.77612688058706;;;;
2022-04-01 22:00:00;0.0;122.70981038092543;;90.39845813615574;;;;
2022-04-01 23:00:00;0.0;122.70981038092543;;84.36424203925755;;;;
2022-04-02 00:00:00;0.0;122.70981038092543;;80.7214174818356;;;;
2022-04-02 01:00:00;0.0;122.70981038092543;;79.77741647932163;;;;
2022-04-02 02:00:00;0.0;122.70981038092543;;81.23847829801187;;;;
2022-04-02 03:00:00;0.0;122.70981038092543;;85.44132276578326;;;;
2022-04-02 04:00:00;0.0;122.70981038092543;;92.09852414999936;;;;
2022-04-02 05:00:00;0.0;122.70981038092543;;100.7533635049002;;;;
2022-04-02 06:00:00;0.0;122.70981038092543;;110.8045790073065;;;;
2022-04-02 07:00:00;0.0;122.70981038092543;;121.559419823405;;;;
2022-04-02 08:00:00;0.0;122.70981038092543;;132.2694763314528;;;;
2022-04-02 09:00:00;0.0;122.70981038092543;;142.1959099916008;;;;
2022-04-02 10:00:00;0.0;122.70981038092543;;150.6471275954892;;;;
2022-04-02 11:00:00;0.0;122.70981038092543;;157.0537153072614;;;;
2022-04-02 12:00:00;0.0;122.70981038092543;;160.965948626956;;;;
2022-04-02 13:00:00;0.0;122.70981038092543;;162.1225442355891;;;;
2022-04-02 14:00:00;0.0;122.70981038092543;;160.4369739502603;;;;
2022-04-02 15:00:00;0.0;122.70981038092543;;156.0327976429281;;;;
2022-04-02 16:00:00;0.0;122.70981038092543;;149.2051519009482;;;;
2022-04-02 17:00:00;0.0;122.70981038092543;;140.4143941713767;;;;
2022-04-02 18:00:00;0.0;122.70981038092543;;130.2545746536812;;;;
2022-04-02 19:00:00;0.0;122.70981038092543;;119.4154338733643;;;;
2022-04-02 20:00:00;0.0;122.70981038092543;;108.6227454687568;;;;
2022-04-02 21:00:00;0.0;122.70981038092543;;98.59858837037484;;;;
2022-04-02 22:00:00;0.0;122.70981038092543;;90.00989993222733;;;;
2022-04-02 23:00:00;0.0;122.70981038092543;;82.84931939423103;;;;
2022-04-03 00:00:00;0.0;122.70981038092543;;78.14767571373349;;;;
2022-04-03 01:00:00;0.0;122.70981038092543;;76.16036786506972;;;;
2022-04-03 02:00:00;0.0;122.70981038092543;;77.53579637874496;;;;
2022-04-03 03:00:00;0.0;122.70981038092543;;81.56983291741538;;;;
2022-04-03 04:00:00;0.0;122.70981038092543;;87.99573469979467;;;;
2022-04-03 05:00:00;0.0;122.70981038092543;;96.3945285351668;;;;
2022-04-03 06:00:00;0.0;122.70981038092543;;106.215547218735;;;;
2022-04-03 07:00:00;0.0;122.70981038092543;;116.7990817082975;;;;
2022-04-03 08:00:00;0.0;122.70981038092543;;127.4404055913669;;;;
2022-04-03 09:00:00;0.0;122.70981038092543;;137.4375662472569;;;;
2022-04-03 10:00:00;0.0;122.70981038092543;;146.1281092728951;;;;
2022-04-03 11:00:00;0.0;122.70981038092543;;152.9348660390281;;;;
2022-04-03 12:00:00;0.0;122.70981038092543;;157.401609544242;;;;
2022-04-03 13:00:00;0.0;122.70981038092543;;159.2313229328877;;;;
2022-04-03 14:00:00;0.0;122.70981038092543;;158.3067832710871;;;;
2022-04-03 15:00:00;0.0;122.70981038092543;;154.6887569964751;;;;
2022-04-03 16:00:00;0.0;122.70981038092543;;148.6440076115788;;;;
2022-04-03 17:00:00;0.0;122.70981038092543;;140.5805988908519;;;;
2022-04-03 18:00:00;0.0;122.70981038092543;;131.0635672440202;;;;
2022-04-03 19:00:00;0.0;122.70981038092543;;120.7476251919122;;;;
2022-04-03 20:00:00;0.0;122.70981038092543;;110.3664020194864;;;;
2022-04-03 21:00:00;0.0;122.70981038092543;;100.6534781399975;;;;
2022-04-03 22:00:00;0.0;122.70981038092543;;92.30084697350588;;;;
2022-04-03 23:00:00;0.0;122.70981038092543;;84.66289390664352;;;;
2022-04-04 00:00:00;0.0;122.70981038092543;;79.49013679153873;;;;
2022-04-04 01:00:00;0.0;122.70981038092543;;77.05659496457866;;;;
2022-04-04 02:00:00;0.0;122.70981038092543;;78.69507942325782;;;;
2022-04-04 03:00:00;0.0;122.70981038092543;;83.01980460166529;;;;
2022-04-04 04:00:00;0.0;122.70981038092543;;89.76333318079423;;;;
2022-04-04 05:00:00;0.0;122.70981038092543;;98.5006585878469;;;;
2022-04-04 06:00:00;0.0;122.70981038092543;;108.6608449370307;;;;
2022-04-04 07:00:00;0.0;122.70981038092543;;119.5684317069284;;;;
2022-04-04 08:00:00;0.0;122.70981038092543;;130.4848431529714;;;;
2022-04-04 09:00:00;0.0;122.70981038092543;;140.6665939886007;;;;
2022-04-04 10:00:00;0.0;122.70981038092543;;149.4140081129381;;;;
2022-04-04 11:00:00;0.0;122.70981038092543;;156.1302744355224;;;;
2022-04-04 12:00:00;0.0;122.70981038092543;;160.3455426417206;;;;
2022-04-04 13:00:00;0.0;122.70981038092543;;161.7716406630939;;;;
2022-04-04 14:00:00;0.0;122.70981038092543;;160.3043396670151;;;;
2022-04-04 15:00:00;0.0;122.70981038092543;;156.0478980303981;;;;
2022-04-04 16:00:00;0.0;122.70981038092543;;149.2951427239776;;;;
2022-04-04 17:00:00;0.0;122.70981038092543;;140.5134719317701;;;;
2022-04-04 18:00:00;0.0;122.70981038092543;;130.3040944515329;;;;
2022-04-04 19:00:00;0.0;122.70981038092543;;119.3571894593823;;;;
2022-04-04 20:00:00;0.0;122.70981038092543;;108.4135259480575;;;;
2022-04-04 21:00:00;0.0;122.70981038092543;;98.20220209299752;;;;
2022-04-04 22:00:00;0.0;122.70981038092543;;89.40538797091214;;;;
2022-04-04 23:00:00;0.0;122.70981038092543;;81.57187018685433;;;;
2022-04-05 00:00:00;0.0;122.70981038092543;;76.16828233876114;;;;
2022-04-05 01:00:00;0.0;122.70981038092543;;73.41061412183323;;;;
2022-04-05 02:00:00;0.0;122.70981038092543;;74.34103112712954;;;;
2022-04-05 03:00:00;0.0;122.70981038092543;;77.75277969451496;;;;
2022-04-05 04:00:00;0.0;122.70981038092543;;83.34703636275063;;;;
2022-04-05 05:00:00;0.0;122.70981038092543;;90.6666250557818;;;;
2022-04-05 06:00:00;0.0;122.70981038092543;;99.157887108107;;;;
2022-04-05 07:00:00;0.0;122.70981038092543;;108.1701019114243;;;;
2022-04-05 08:00:00;0.0;122.70981038092543;;117.038446818912;;;;
2022-04-05 09:00:00;0.0;122.70981038092543;;125.1086952628921;;;;
2022-04-05 10:00:00;0.0;122.70981038092543;;131.7967379718427;;;;
2022-04-05 11:00:00;0.0;122.70981038092543;;136.6209662295395;;;;
2022-04-05 12:00:00;0.0;122.70981038092543;;139.2224951964876;;;;
2022-04-05 13:00:00;0.0;122.70981038092543;;139.4180995766468;;;;
2022-04-05 14:00:00;0.0;122.70981038092543;;137.1863269520458;;;;
2022-04-05 15:00:00;0.0;122.70981038092543;;132.6724772329394;;;;
2022-04-05 16:00:00;0.0;122.70981038092543;;126.1616202466336;;;;
2022-04-05 17:00:00;0.0;122.70981038092543;;118.070840315607;;;;
2022-04-05 18:00:00;0.0;122.70981038092543;;108.9256163432012;;;;
2022-04-05 19:00:00;0.0;122.70981038092543;;99.31381658890538;;;;
2022-04-05 20:00:00;0.0;122.70981038092543;;89.84413583210724;;;;
2022-04-05 21:00:00;0.0;122.70981038092543;;81.11170672943565;;;;
2022-04-05 22:00:00;0.0;122.70981038092543;;73.6482325825894;;;;
2022-04-05 23:00:00;0.0;122.70981038092543;;67.83004431266625;;;;
2022-04-06 00:00:00;0.0;122.70981038092543;;64.05747647921918;;;;
2022-04-06 01:00:00;0.0;122.70981038092543;;62.52343086624134;;;;
2022-04-06 02:00:00;0.0;122.70981038092543;;63.34435659596739;;;;
2022-04-06 03:00:00;0.0;122.70981038092543;;66.3331462102536;;;;
2022-04-06 04:00:00;0.0;122.70981038092543;;71.2451466243069;;;;
2022-04-06 05:00:00;0.0;122.70981038092543;;77.71354193361722;;;;
2022-04-06 06:00:00;0.0;122.70981038092543;;85.28304297114255;;;;
2022-04-06 07:00:00;0.0;122.70981038092543;;93.42845256523098;;;;
2022-04-06 08:00:00;0.0;122.70981038092543;;101.5920698498593;;;;
2022-04-06 09:00:00;0.0;122.70981038092543;;109.2118348164269;;;;
2022-04-06 10:00:00;0.0;122.70981038092543;;115.7718974761306;;;;
2022-04-06 11:00:00;0.0;122.70981038092543;;120.8302574360542;;;;
2022-04-06 12:00:00;0.0;122.70981038092543;;124.0492760007807;;;;
2022-04-06 13:00:00;0.0;122.70981038092543;;125.2146008391267;;;;
2022-04-06 14:00:00;0.0;122.70981038092543;;124.2448301805486;;;;
2022-04-06 15:00:00;0.0;122.70981038092543;;121.2059763462476;;;;
2022-04-06 16:00:00;0.0;122.70981038092543;;116.3032787340995;;;;
2022-04-06 17:00:00;0.0;122.70981038092543;;109.8709204960581;;;;
2022-04-06 18:00:00;0.0;122.70981038092543;;102.3427460085305;;;;
2022-04-06 19:00:00;0.0;122.70981038092543;;94.22924008289128;;;;
2022-04-06 20:00:00;0.0;122.70981038092543;;86.08718675071438;;;;
2022-04-06 21:00:00;0.0;122.70981038092543;;78.48959669348362;;;;
2022-04-06 22:00:00;0.0;122.70981038092543;;71.9736749901094;;;;
2022-04-06 23:00:00;0.0;122.70981038092543;;67.7217550109023;;;;
2022-04-07 00:00:00;0.0;122.70981038092543;;65.3835838738406;;;;
2022-04-07 01:00:00;0.0;122.70981038092543;;65.23196198400291;;;;
2022-04-07 02:00:00;0.0;122.70981038092543;;66.68259841232134;;;;
2022-04-07 03:00:00;0.0;122.70981038092543;;70.42690191441413;;;;
2022-04-07 04:00:00;0.0;122.70981038092543;;76.25362375192788;;;;
2022-04-07 05:00:00;0.0;122.70981038092543;;83.80716021567494;;;;
2022-04-07 06:00:00;0.0;122.70981038092543;;92.6111596272829;;;;
2022-04-07 07:00:00;0.0;122.70981038092543;;102.0929744903418;;;;
2022-04-07 08:00:00;0.0;122.70981038092543;;111.6320674324631;;;;
2022-04-07 09:00:00;0.0;122.70981038092543;;120.5910661642297;;;;
2022-04-07 10:00:00;0.0;122.70981038092543;;128.3789736306941;;;;
2022-04-07 11:00:00;0.0;122.70981038092543;;134.4710091398346;;;;
2022-04-07 12:00:00;0.0;122.70981038092543;;138.4598621937274;;;;
2022-04-07 13:00:00;0.0;122.70981038092543;;140.0741113878939;;;;
2022-04-07 14:00:00;0.0;122.70981038092543;;139.2085091602982;;;;
2022-04-07 15:00:00;0.0;122.70981038092543;;135.9262270039136;;;;
2022-04-07 16:00:00;0.0;122.70981038092543;;130.4547797198657;;;;
2022-04-07 17:00:00;0.0;122.70981038092543;;123.1738158117524;;;;
2022-04-07 18:00:00;0.0;122.70981038092543;;114.5982601338964;;;;
2022-04-07 19:00:00;0.0;122.70981038092543;;105.3297420899759;;;;
2022-04-07 20:00:00;0.0;122.70981038092543;;96.01653942612695;;;;
2022-04-07 21:00:00;0.0;122.70981038092543;;87.30362948597912;;;;
2022-04-07 22:00:00;0.0;122.70981038092543;;79.7948522999123;;;;
2022-04-07 23:00:00;0.0;122.70981038092543;;74.97113890927352;;;;
2022-04-08 00:00:00;0.0;122.70981038092543;;72.25886371696647;;;;
2022-04-08 01:00:00;0.0;122.70981038092543;;71.94315171349577;;;;
2022-04-08 02:00:00;0.0;122.70981038092543;;73.18439428561612;;;;
2022-04-08 03:00:00;0.0;122.70981038092543;;76.8944793827864;;;;
2022-04-08 04:00:00;0.0;122.70981038092543;;82.81098682298567;;;;
2022-04-08 05:00:00;0.0;122.70981038092543;;90.51685409002906;;;;
2022-04-08 06:00:00;0.0;122.70981038092543;;99.47198455630944;;;;
2022-04-08 07:00:00;0.0;122.70981038092543;;109.0488122436425;;;;
2022-04-08 08:00:00;0.0;122.70981038092543;;118.5838154888245;;;;
2022-04-08 09:00:00;0.0;122.70981038092543;;127.4157764105311;;;;
2022-04-08 10:00:00;0.0;122.70981038092543;;134.9396359230215;;;;
2022-04-08 11:00:00;0.0;122.70981038092543;;140.6400505244877;;;;
2022-04-08 12:00:00;0.0;122.70981038092543;;144.1250332000376;;;;
2022-04-08 13:00:00;0.0;122.70981038092543;;145.1623713508116;;;;
2022-04-08 14:00:00;0.0;122.70981038092543;;143.6697575281771;;;;
2022-04-08 15:00:00;0.0;122.70981038092543;;139.755789150501;;;;
2022-04-08 16:00:00;0.0;122.70981038092543;;133.6786774442933;;;;
2022-04-08 17:00:00;0.0;122.70981038092543;;125.8545490291065;;;;
2022-04-08 18:00:00;0.0;122.70981038092543;;116.8110235290456;;;;
2022-04-08 19:00:00;0.0;122.70981038092543;;107.1553166292025;;;;
2022-04-08 20:00:00;0.0;122.70981038092543;;97.54121821064902;;;;
2022-04-08 21:00:00;0.0;122.70981038092543;;88.61033094799326;;;;
2022-04-08 22:00:00;0.0;122.70981038092543;;80.96842108819256;;;;
2022-04-08 23:00:00;0.0;122.70981038092543;;75.48907494144737;;;;
2022-04-09 00:00:00;0.0;122.70981038092543;;72.20577187570672;;;;
2022-04-09 01:00:00;0.0;122.70981038092543;;71.38230981634482;;;;
2022-04-09 02:00:00;0.0;122.70981038092543;;72.76668187718855;;;;
2022-04-09 03:00:00;0.0;122.70981038092543;;76.66279244616138;;;;
2022-04-09 04:00:00;0.0;122.70981038092543;;82.83204075243592;;;;
2022-04-09 05:00:00;0.0;122.70981038092543;;90.8800742327388;;;;
2022-04-09 06:00:00;0.0;122.70981038092543;;100.29863375753;;;;
2022-04-09 07:00:00;0.0;122.70981038092543;;110.4787747812929;;;;
2022-04-09 08:00:00;0.0;122.70981038092543;;120.7639913983186;;;;
2022-04-09 09:00:00;0.0;122.70981038092543;;130.4824721670398;;;;
2022-04-09 10:00:00;0.0;122.70981038092543;;139.0036422379449;;;;
2022-04-09 11:00:00;0.0;122.70981038092543;;145.7740363681705;;;;
2022-04-09 12:00:00;0.0;122.70981038092543;;150.3564416792935;;;;
2022-04-09 13:00:00;0.0;122.70981038092543;;152.4454117416856;;;;
2022-04-09 14:00:00;0.0;122.70981038092543;;151.9091069857785;;;;
2022-04-09 15:00:00;0.0;122.70981038092543;;148.7895144544671;;;;
2022-04-09 16:00:00;0.0;122.70981038092543;;143.3130665880317;;;;
2022-04-09 17:00:00;0.0;122.70981038092543;;135.8648882417092;;;;
2022-04-09 18:00:00;0.0;122.70981038092543;;126.9654845473248;;;;
2022-04-09 19:00:00;0.0;122.70981038092543;;117.2559329273974;;;;
2022-04-09 20:00:00;0.0;122.70981038092543;;107.4292288710055;;;;
2022-04-09 21:00:00;0.0;122.70981038092543;;98.20616699352036;;;;
2022-04-09 22:00:00;0.0;122.70981038092543;;90.27113728915056;;;;
2022-04-09 23:00:00;0.0;122.70981038092543;;83.64025014959083;;;;
2022-04-10 00:00:00;0.0;122.70981038092543;;79.39653705726711;;;;
2022-04-10 01:00:00;0.0;122.70981038092543;;77.84242362789436;;;;
2022-04-10 02:00:00;0.0;122.70981038092543;;79.69573344743698;;;;
2022-04-10 03:00:00;0.0;122.70981038092543;;84.28222066093154;;;;
2022-04-10 04:00:00;0.0;122.70981038092543;;91.35332178042682;;;;
2022-04-10 05:00:00;0.0;122.70981038092543;;100.4860596795282;;;;
2022-04-10 06:00:00;0.0;122.70981038092543;;111.1097911727619;;;;
2022-04-10 07:00:00;0.0;122.70981038092543;;122.5386461085887;;;;
2022-04-10 08:00:00;0.0;122.70981038092543;;134.0213012734751;;;;
2022-04-10 09:00:00;0.0;122.70981038092543;;144.7969393855949;;;;
2022-04-10 10:00:00;0.0;122.70981038092543;;154.1394286576679;;;;
2022-04-10 11:00:00;0.0;122.70981038092543;;161.4191096215916;;;;
2022-04-10 12:00:00;0.0;122.70981038092543;;166.1407569923649;;;;
2022-04-10 13:00:00;0.0;122.70981038092543;;167.9922942952854;;;;
2022-04-10 14:00:00;0.0;122.70981038092543;;166.8444184087118;;;;
2022-04-10 15:00:00;0.0;122.70981038092543;;162.7774536947568;;;;
2022-04-10 16:00:00;0.0;122.70981038092543;;156.0761382762084;;;;
2022-04-10 17:00:00;0.0;122.70981038092543;;147.2129563473209;;;;
2022-04-10 18:00:00;0.0;122.70981038092543;;136.8029175507256;;;;
2022-04-10 19:00:00;0.0;122.70981038092543;;125.5681816868214;;;;
2022-04-10 20:00:00;0.0;122.70981038092543;;114.2858334341076;;;;
2022-04-10 21:00:00;0.0;122.70981038092543;;103.7354828232791;;;;
2022-04-10 22:00:00;0.0;122.70981038092543;;94.6384295397898;;;;
2022-04-10 23:00:00;0.0;122.70981038092543;;86.32990356320144;;;;
2022-04-11 00:00:00;0.0;122.70981038092543;;80.57623079063863;;;;
2022-04-11 01:00:00;0.0;122.70981038092543;;77.61223260678312;;;;
2022-04-11 02:00:00;0.0;122.70981038092543;;78.75126624815852;;;;
2022-04-11 03:00:00;0.0;122.70981038092543;;82.52478466292102;;;;
2022-04-11 04:00:00;0.0;122.70981038092543;;88.62791186292041;;;;
2022-04-11 05:00:00;0.0;122.70981038092543;;96.59112905561534;;;;
2022-04-11 06:00:00;0.0;122.70981038092543;;105.8226075246611;;;;
2022-04-11 07:00:00;0.0;122.70981038092543;;115.643752849717;;;;
2022-04-11 08:00:00;0.0;122.70981038092543;;125.3401327908767;;;;
2022-04-11 09:00:00;0.0;122.70981038092543;;134.2124795632084;;;;
2022-04-11 10:00:00;0.0;122.70981038092543;;141.621255344869;;;;
2022-04-11 11:00:00;0.0;122.70981038092543;;147.0461572854362;;;;
2022-04-11 12:00:00;0.0;122.70981038092543;;150.0881861357321;;;;
2022-04-11 13:00:00;0.0;122.70981038092543;;150.5321485821177;;;;
2022-04-11 14:00:00;0.0;122.70981038092543;;148.335504714428;;;;
2022-04-11 15:00:00;0.0;122.70981038092543;;143.6472318212226;;;;
2022-04-11 16:00:00;0.0;122.70981038092543;;136.7695067983686;;;;
2022-04-11 17:00:00;0.0;122.70981038092543;;128.1476422883545;;;;
2022-04-11 18:00:00;0.0;122.70981038092543;;118.3480185703903;;;;
2022-04-11 19:00:00;0.0;122.70981038092543;;108.0075468274998;;;;
2022-04-11 20:00:00;0.0;122.70981038092543;;97.79304702502692;;;;
2022-04-11 21:00:00;0.0;122.70981038092543;;88.35315889489158;;;;
2022-04-11 22:00:00;0.0;122.70981038092543;;80.27790852818781;;;;
2022-04-11 23:00:00;0.0;122.70981038092543;;73.14412602588885;;;;
2022-04-12 00:00:00;0.0;122.70981038092543;;68.25012539230524;;;;
2022-04-12 01:00:00;0.0;122.70981038092543;;65.77218323781317;;;;
2022-04-12 02:00:00;0.0;122.70981038092543;;66.64502086971648;;;;
2022-04-12 03:00:00;0.0;122.70981038092543;;69.79256905272348;;;;
2022-04-12 04:00:00;0.0;122.70981038092543;;74.95846453404599;;;;
2022-04-12 05:00:00;0.0;122.70981038092543;;81.7566634204387;;;;
2022-04-12 06:00:00;0.0;122.70981038092543;;89.69494842111921;;;;
2022-04-12 07:00:00;0.0;122.70981038092543;;98.21611533823204;;;;
2022-04-12 08:00:00;0.0;122.70981038092543;;106.7237901621688;;;;
2022-04-12 09:00:00;0.0;122.70981038092543;;114.6340285316462;;;;
2022-04-12 10:00:00;0.0;122.70981038092543;;121.4052948446168;;;;
2022-04-12 11:00:00;0.0;122.70981038092543;;126.5826257195054;;;;
2022-04-12 12:00:00;0.0;122.70981038092543;;129.8078039742737;;;;
2022-04-12 13:00:00;0.0;122.70981038092543;;130.8679421343708;;;;
2022-04-12 14:00:00;0.0;122.70981038092543;;129.682283422881;;;;
2022-04-12 15:00:00;0.0;122.70981038092543;;126.3286305159135;;;;
2022-04-12 16:00:00;0.0;122.70981038092543;;121.0268883793557;;;;
2022-04-12 17:00:00;0.0;122.70981038092543;;114.1333202273465;;;;
2022-04-12 18:00:00;0.0;122.70981038092543;;106.116061961742;;;;
2022-04-12 19:00:00;0.0;122.70981038092543;;97.51451731346953;;;;
2022-04-12 20:00:00;0.0;122.70981038092543;;88.91575820323409;;;;
2022-04-12 21:00:00;0.0;122.70981038092543;;80.90499701721252;;;;
2022-04-12 22:00:00;0.0;122.70981038092543;;74.03636980472803;;;;
2022-04-12 23:00:00;0.0;122.70981038092543;;68.702560341542;;;;
2022-04-13 00:00:00;0.0;122.70981038092543;;65.35782979435905;;;;
2022-04-13 01:00:00;0.0;122.70981038092543;;64.23553675116281;;;;
2022-04-13 02:00:00;0.0;122.70981038092543;;65.5060265619408;;;;
2022-04-13 03:00:00;0.0;122.70981038092543;;69.01504722672955;;;;
2022-04-13 04:00:00;0.0;122.70981038092543;;74.53830343088548;;;;
2022-04-13 05:00:00;0.0;122.70981038092543;;81.71230640425046;;;;
2022-04-13 06:00:00;0.0;122.70981038092543;;90.05848345875339;;;;
2022-04-13 07:00:00;0.0;122.70981038092543;;99.01694140572586;;;;
2022-04-13 08:00:00;0.0;122.70981038092543;;107.9823030929835;;;;
2022-04-13 09:00:00;0.0;122.70981038092543;;116.3522066419342;;;;
2022-04-13 10:00:00;0.0;122.70981038092543;;123.5516253973557;;;;
2022-04-13 11:00:00;0.0;122.70981038092543;;129.0886157185147;;;;
2022-04-13 12:00:00;0.0;122.70981038092543;;132.5716895504158;;;;
2022-04-13 13:00:00;0.0;122.70981038092543;;133.7676738529563;;;;
2022-04-13 14:00:00;0.0;122.70981038092543;;132.5945452741248;;;;
2022-04-13 15:00:00;0.0;122.70981038092543;;129.1297517608304;;;;
2022-04-13 16:00:00;0.0;122.70981038092543;;123.6096196360266;;;;
2022-04-13 17:00:00;0.0;122.70981038092543;;116.4090121677436;;;;
2022-04-13 18:00:00;0.0;122.70981038092543;;108.0254139791209;;;;
2022-04-13 19:00:00;0.0;122.70981038092543;;99.02458775500608;;;;
2022-04-13 20:00:00;0.0;122.70981038092543;;90.02341368919164;;;;
2022-04-13 21:00:00;0.0;122.70981038092543;;81.63144639009538;;;;
2022-04-13 22:00:00;0.0;122.70981038092543;;74.4113533808379;;;;
2022-04-13 23:00:00;0.0;122.70981038092543;;69.55893677133922;;;;
2022-04-14 00:00:00;0.0;122.70981038092543;;66.69455019639739;;;;
2022-04-14 01:00:00;0.0;122.70981038092543;;66.06206481726312;;;;
2022-04-14 02:00:00;0.0;122.70981038092543;;67.02320040423507;;;;
2022-04-14 03:00:00;0.0;122.70981038092543;;70.23761173548978;;;;
2022-04-14 04:00:00;0.0;122.70981038092543;;75.44686490923391;;;;
2022-04-14 05:00:00;0.0;122.70981038092543;;82.25437612807711;;;;
2022-04-14 06:00:00;0.0;122.70981038092543;;90.16581077992856;;;;
2022-04-14 07:00:00;0.0;122.70981038092543;;98.6042835784726;;;;
2022-04-14 08:00:00;0.0;122.70981038092543;;106.9712344752861;;;;
2022-04-14 09:00:00;0.0;122.70981038092543;;114.668409828926;;;;
2022-04-14 10:00:00;0.0;122.70981038092543;;121.1602475214309;;;;
2022-04-14 11:00:00;0.0;122.70981038092543;;125.98649497104;;;;
2022-04-14 12:00:00;0.0;122.70981038092543;;128.8131546372658;;;;
2022-04-14 13:00:00;0.0;122.70981038092543;;129.44039290437;;;;
2022-04-14 14:00:00;0.0;122.70981038092543;;127.8269292742562;;;;
2022-04-14 15:00:00;0.0;122.70981038092543;;124.0753148432113;;;;
2022-04-14 16:00:00;0.0;122.70981038092543;;118.4361095043421;;;;
2022-04-14 17:00:00;0.0;122.70981038092543;;111.280162087134;;;;
2022-04-14 18:00:00;0.0;122.70981038092543;;103.0845421404632;;;;
2022-04-14 19:00:00;0.0;122.70981038092543;;94.3915435489962;;;;
2022-04-14 20:00:00;0.0;122.70981038092543;;85.76983493276225;;;;
2022-04-14 21:00:00;0.0;122.70981038092543;;77.78508968325366;;;;
2022-04-14 22:00:00;0.0;122.70981038092543;;70.96150837266882;;;;
2022-04-14 23:00:00;0.0;122.70981038092543;;66.59447164630276;;;;
2022-04-15 00:00:00;0.0;122.70981038092543;;64.15858934940593;;;;
2022-04-15 01:00:00;0.0;122.70981038092543;;63.89648233468216;;;;
2022-04-15 02:00:00;0.0;122.70981038092543;;65.067030261491;;;;
2022-04-15 03:00:00;0.0;122.70981038092543;;68.49090066941062;;;;
2022-04-15 04:00:00;0.0;122.70981038092543;;73.94448752676757;;;;
2022-04-15 05:00:00;0.0;122.70981038092543;;81.07881531897988;;;;
2022-04-15 06:00:00;0.0;122.70981038092543;;89.43359171388603;;;;
2022-04-15 07:00:00;0.0;122.70981038092543;;98.4743235997355;;;;
2022-04-15 08:00:00;0.0;122.70981038092543;;107.6188654769527;;;;
2022-04-15 09:00:00;0.0;122.70981038092543;;116.2777871046522;;;;
2022-04-15 10:00:00;0.0;122.70981038092543;;123.8854799300157;;;;
2022-04-15 11:00:00;0.0;122.70981038092543;;129.9510072126164;;;;
2022-04-15 12:00:00;0.0;122.70981038092543;;134.074546840699;;;;
2022-04-15 13:00:00;0.0;122.70981038092543;;135.996103087819;;;;
2022-04-15 14:00:00;0.0;122.70981038092543;;135.5894761216941;;;;
2022-04-15 15:00:00;0.0;122.70981038092543;;132.8868391149813;;;;
2022-04-15 16:00:00;0.0;122.70981038092543;;128.0824240149447;;;;
2022-04-15 17:00:00;0.0;122.70981038092543;;121.5169441662906;;;;
2022-04-15 18:00:00;0.0;122.70981038092543;;113.663224747897;;;;
2022-04-15 19:00:00;0.0;122.70981038092543;;105.079695105131;;;;
2022-04-15 20:00:00;0.0;122.70981038092543;;96.3867851893074;;;;
2022-04-15 21:00:00;0.0;122.70981038092543;;88.22555389110597;;;;
2022-04-15 22:00:00;0.0;122.70981038092543;;81.21046222412312;;;;
2022-04-15 23:00:00;0.0;122.70981038092543;;76.25515607399186;;;;
2022-04-16 00:00:00;0.0;122.70981038092543;;73.429372881508;;;;
2022-04-16 01:00:00;0.0;122.70981038092543;;73.05209198673533;;;;
2022-04-16 02:00:00;0.0;122.70981038092543;;74.91012352262305;;;;
2022-04-16 03:00:00;0.0;122.70981038092543;;79.35086260600991;;;;
2022-04-16 04:00:00;0.0;122.70981038092543;;86.15309409023833;;;;
2022-04-16 05:00:00;0.0;122.70981038092543;;94.93176397549485;;;;
2022-04-16 06:00:00;0.0;122.70981038092543;;105.1583856634952;;;;
2022-04-16 07:00:00;0.0;122.70981038092543;;116.1965162518071;;;;
2022-04-16 08:00:00;0.0;122.70981038092543;;127.3327919238972;;;;
2022-04-16 09:00:00;0.0;122.70981038092543;;137.8357342782085;;;;
2022-04-16 10:00:00;0.0;122.70981038092543;;147.0115061130595;;;;
2022-04-16 11:00:00;0.0;122.70981038092543;;154.2561639977332;;;;
2022-04-16 12:00:00;0.0;122.70981038092543;;159.0889104708392;;;;
2022-04-16 13:00:00;0.0;122.70981038092543;;161.1808237143985;;;;
2022-04-16 14:00:00;0.0;122.70981038092543;;160.3965359283758;;;;
2022-04-16 15:00:00;0.0;122.70981038092543;;156.8025405247633;;;;
2022-04-16 16:00:00;0.0;122.70981038092543;;150.6617259875409;;;;
2022-04-16 17:00:00;0.0;122.70981038092543;;142.4059263965894;;;;
2022-04-16 18:00:00;0.0;122.70981038092543;;132.6142464354133;;;;
2022-04-16 19:00:00;0.0;122.70981038092543;;121.9833001826499;;;;
2022-04-16 20:00:00;0.0;122.70981038092543;;111.2671257453921;;;;
2022-04-16 21:00:00;0.0;122.70981038092543;;101.2250296234014;;;;
2022-04-16 22:00:00;0.0;122.70981038092543;;92.56201590461094;;;;
2022-04-16 23:00:00;0.0;122.70981038092543;;85.27834544097168;;;;
2022-04-17 00:00:00;0.0;122.70981038092543;;80.45809149724712;;;;
2022-04-17 01:00:00;0.0;122.70981038092543;;78.37276570671935;;;;
2022-04-17 02:00:00;0.0;122.70981038092543;;79.70956532982395;;;;
2022-04-17 03:00:00;0.0;122.70981038092543;;83.72811782184404;;;;
2022-04-17 04:00:00;0.0;122.70981038092543;;90.134208056401;;;;
2022-04-17 05:00:00;0.0;122.70981038092543;;98.4642942184006;;;;
2022-04-17 06:00:00;0.0;122.70981038092543;;108.1228277052679;;;;
2022-04-17 07:00:00;0.0;122.70981038092543;;118.4273327934989;;;;
2022-04-17 08:00:00;0.0;122.70981038092543;;128.6531343323536;;;;
2022-04-17 09:00:00;0.0;122.70981038092543;;138.0815629512868;;;;
2022-04-17 10:00:00;0.0;122.70981038092543;;146.0499053640805;;;;
2022-04-17 11:00:00;0.0;122.70981038092543;;151.9944840680086;;;;
2022-04-17 12:00:00;0.0;122.70981038092543;;155.5001524024032;;;;
2022-04-17 13:00:00;0.0;122.70981038092543;;156.3217115833352;;;;
2022-04-17 14:00:00;0.0;122.70981038092543;;154.3988768290505;;;;
2022-04-17 15:00:00;0.0;122.70981038092543;;149.8647455413852;;;;
2022-04-17 16:00:00;0.0;122.70981038092543;;143.0182172914757;;;;
2022-04-17 17:00:00;0.0;122.70981038092543;;134.3233401664496;;;;
2022-04-17 18:00:00;0.0;122.70981038092543;;124.3480804796161;;;;
2022-04-17 19:00:00;0.0;122.70981038092543;;113.7579122862676;;;;
2022-04-17 20:00:00;0.0;122.70981038092543;;103.2430872219739;;;;
2022-04-17 21:00:00;0.0;122.70981038092543;;93.49524541019876;;;;
2022-04-17 22:00:00;0.0;122.70981038092543;;85.14576074506023;;;;
2022-04-17 23:00:00;0.0;122.70981038092543;;77.5782944258937;;;;
2022-04-18 00:00:00;0.0;122.70981038092543;;72.36632349530882;;;;
2022-04-18 01:00:00;0.0;122.70981038092543;;69.70559664373403;;;;
2022-04-18 02:00:00;0.0;122.70981038092543;;70.77759212252097;;;;
2022-04-18 03:00:00;0.0;122.70981038092543;;74.26599354040877;;;;
2022-04-18 04:00:00;0.0;122.70981038092543;;79.91386555036334;;;;
2022-04-18 05:00:00;0.0;122.70981038092543;;87.3176973523532;;;;
2022-04-18 06:00:00;0.0;122.70981038092543;;95.96406407650842;;;;
2022-04-18 07:00:00;0.0;122.70981038092543;;105.2561884853216;;;;
2022-04-18 08:00:00;0.0;122.70981038092543;;114.5579476311199;;;;
2022-04-18 09:00:00;0.0;122.70981038092543;;123.2416979184406;;;;
2022-04-18 10:00:00;0.0;122.70981038092543;;130.7127515605058;;;;
2022-04-18 11:00:00;0.0;122.70981038092543;;136.4742866383617;;;;
2022-04-18 12:00:00;0.0;122.70981038092543;;140.1203154686671;;;;
2022-04-18 13:00:00;0.0;122.70981038092543;;141.4133899206461;;;;
2022-04-18 14:00:00;0.0;122.70981038092543;;140.2604843893544;;;;
2022-04-18 15:00:00;0.0;122.70981038092543;;136.7495451911895;;;;
2022-04-18 16:00:00;0.0;122.70981038092543;;131.1134345476909;;;;
2022-04-18 17:00:00;0.0;122.70981038092543;;123.729742935319;;;;
2022-04-18 18:00:00;0.0;122.70981038092543;;115.1001716778899;;;;
2022-04-18 19:00:00;0.0;122.70981038092543;;105.8191807192634;;;;
2022-04-18 20:00:00;0.0;122.70981038092543;;96.52365935199252;;;;
2022-04-18 21:00:00;0.0;122.70981038092543;;87.85609430931812;;;;
2022-04-18 22:00:00;0.0;122.70981038092543;;80.40864834434103;;;;
2022-04-18 23:00:00;0.0;122.70981038092543;;73.77252229290634;;;;
2022-04-19 00:00:00;0.0;122.70981038092543;;69.29869496428162;;;;
2022-04-19 01:00:00;0.0;122.70981038092543;;67.21866281314169;;;;
2022-04-19 02:00:00;0.0;122.70981038092543;;68.52543271211307;;;;
2022-04-19 03:00:00;0.0;122.70981038092543;;72.16581135988541;;;;
2022-04-19 04:00:00;0.0;122.70981038092543;;77.89854329643725;;;;
2022-04-19 05:00:00;0.0;122.70981038092543;;85.35171676621574;;;;
2022-04-19 06:00:00;0.0;122.70981038092543;;94.01707213411392;;;;
2022-04-19 07:00:00;0.0;122.70981038092543;;103.3088607888834;;;;
2022-04-19 08:00:00;0.0;122.70981038092543;;112.5830081513311;;;;
2022-04-19 09:00:00;0.0;122.70981038092543;;121.1989654538858;;;;
2022-04-19 10:00:00;0.0;122.70981038092543;;128.5716962054531;;;;
2022-04-19 11:00:00;0.0;122.70981038092543;;134.1920818501028;;;;
2022-04-19 12:00:00;0.0;122.70981038092543;;137.6683507269257;;;;
2022-04-19 13:00:00;0.0;122.70981038092543;;138.7524416114277;;;;
2022-04-19 14:00:00;0.0;122.70981038092543;;137.3659050857347;;;;
2022-04-19 15:00:00;0.0;122.70981038092543;;133.6088270821643;;;;
2022-04-19 16:00:00;0.0;122.70981038092543;;127.7271465601175;;;;
2022-04-19 17:00:00;0.0;122.70981038092543;;120.1189762052394;;;;
2022-04-19 18:00:00;0.0;122.70981038092543;;111.3006635835948;;;;
2022-04-19 19:00:00;0.0;122.70981038092543;;101.871394311489;;;;
2022-04-19 20:00:00;0.0;122.70981038092543;;92.4680704343554;;;;
2022-04-19 21:00:00;0.0;122.70981038092543;;83.71253948769785;;;;
2022-04-19 22:00:00;0.0;122.70981038092543;;76.17627577346083;;;;
2022-04-19 23:00:00;0.0;122.70981038092543;;70.2582895934972;;;;
2022-04-20 00:00:00;0.0;122.70981038092543;;66.4015841274703;;;;
2022-04-20 01:00:00;0.0;122.70981038092543;;64.81628983275183;;;;
2022-04-20 02:00:00;0.0;122.70981038092543;;65.62781878975613;;;;
2022-04-20 03:00:00;0.0;122.70981038092543;;68.63282247836179;;;;
2022-04-20 04:00:00;0.0;122.70981038092543;;73.56753705229431;;;;
2022-04-20 05:00:00;0.0;122.70981038092543;;80.03561456218117;;;;
2022-04-20 06:00:00;0.0;122.70981038092543;;87.54205514878589;;;;
2022-04-20 07:00:00;0.0;122.70981038092543;;95.51909582297073;;;;
2022-04-20 08:00:00;0.0;122.70981038092543;;103.3790364497965;;;;
2022-04-20 09:00:00;0.0;122.70981038092543;;110.5472606734607;;;;
2022-04-20 10:00:00;0.0;122.70981038092543;;116.5157965833895;;;;
2022-04-20 11:00:00;0.0;122.70981038092543;;120.8507497096846;;;;
2022-04-20 12:00:00;0.0;122.70981038092543;;123.2419397540157;;;;
2022-04-20 13:00:00;0.0;122.70981038092543;;123.5187152467459;;;;
2022-04-20 14:00:00;0.0;122.70981038092543;;121.6513991969511;;;;
2022-04-20 15:00:00;0.0;122.70981038092543;;117.761271028123;;;;
2022-04-20 16:00:00;0.0;122.70981038092543;;112.0946192235311;;;;
2022-04-20 17:00:00;0.0;122.70981038092543;;105.0290489231609;;;;
2022-04-20 18:00:00;0.0;122.70981038092543;;97.02429466972389;;;;
2022-04-20 19:00:00;0.0;122.70981038092543;;88.59158888113448;;;;
2022-04-20 20:00:00;0.0;122.70981038092543;;80.2714544244965;;;;
2022-04-20 21:00:00;0.0;122.70981038092543;;72.5880858839206;;;;
2022-04-20 22:00:00;0.0;122.70981038092543;;66.02554267252629;;;;
2022-04-20 23:00:00;0.0;122.70981038092543;;61.62800941718466;;;;
2022-04-21 00:00:00;0.0;122.70981038092543;;59.04958412764741;;;;
2022-04-21 01:00:00;0.0;122.70981038092543;;58.4938026593087;;;;
2022-04-21 02:00:00;0.0;122.70981038092543;;59.3952098896553;;;;
2022-04-21 03:00:00;0.0;122.70981038092543;;62.34092864219907;;;;
2022-04-21 04:00:00;0.0;122.70981038092543;;67.12022563374688;;;;
2022-04-21 05:00:00;0.0;122.70981038092543;;73.40244628363789;;;;
2022-04-21 06:00:00;0.0;122.70981038092543;;80.76292617483429;;;;
2022-04-21 07:00:00;0.0;122.70981038092543;;88.70913425326727;;;;
2022-04-21 08:00:00;0.0;122.70981038092543;;96.71238751101484;;;;
2022-04-21 09:00:00;0.0;122.70981038092543;;104.2492631838918;;;;
2022-04-21 10:00:00;0.0;122.70981038092543;;110.818535574488;;;;
2022-04-21 11:00:00;0.0;122.70981038092543;;115.9932170181315;;;;
2022-04-21 12:00:00;0.0;122.70981038092543;;119.4228236990375;;;;
2022-04-21 13:00:00;0.0;122.70981038092543;;120.8886584408743;;;;
2022-04-21 14:00:00;0.0;122.70981038092543;;120.2936748986543;;;;
2022-04-21 15:00:00;0.0;122.70981038092543;;117.6838238180531;;;;
2022-04-21 16:00:00;0.0;122.70981038092543;;113.2410372622232;;;;
2022-04-21 17:00:00;0.0;122.70981038092543;;107.2729950459576;;;;
2022-04-21 18:00:00;0.0;122.70981038092543;;100.1988028443458;;;;
2022-04-21 19:00:00;0.0;122.70981038092543;;92.51203034387515;;;;
2022-04-21 20:00:00;0.0;122.70981038092543;;84.75883168031393;;;;
2022-04-21 21:00:00;0.0;122.70981038092543;;77.49760540039527;;;;
2022-04-21 22:00:00;0.0;122.70981038092543;;71.26441261850306;;;;
2022-04-21 23:00:00;0.0;122.70981038092543;;67.39414987919565;;;;
2022-04-22 00:00:00;0.0;122.70981038092543;;65.40133634992532;;;;
2022-04-22 01:00:00;0.0;122.70981038092543;;65.57672603965936;;;;
2022-04-22 02:00:00;0.0;122.70981038092543;;67.21055550968723;;;;
2022-04-22 03:00:00;0.0;122.70981038092543;;71.16365767190173;;;;
2022-04-22 04:00:00;0.0;122.70981038092543;;77.23989212165372;;;;
2022-04-22 05:00:00;0.0;122.70981038092543;;85.09069390829777;;;;
2022-04-22 06:00:00;0.0;122.70981038092543;;94.24331514333844;;;;
2022-04-22 07:00:00;0.0;122.70981038092543;;104.1197264159258;;;;
2022-04-22 08:00:00;0.0;122.70981038092543;;114.0874804433756;;;;
2022-04-22 09:00:00;0.0;122.70981038092543;;123.500405261457;;;;
2022-04-22 10:00:00;0.0;122.70981038092543;;131.7398210883525;;;;
2022-04-22 11:00:00;0.0;122.70981038092543;;138.2599988003565;;;;
2022-04-22 12:00:00;0.0;122.70981038092543;;142.6271607443157;;;;
2022-04-22 13:00:00;0.0;122.70981038092543;;144.5559114716165;;;;
2022-04-22 14:00:00;0.0;122.70981038092543;;143.9144139326453;;;;
2022-04-22 15:00:00;0.0;122.70981038092543;;140.7565611051122;;;;
2022-04-22 16:00:00;0.0;122.70981038092543;;135.3067396903437;;;;
2022-04-22 17:00:00;0.0;122.70981038092543;;127.9579301792683;;;;
2022-04-22 18:00:00;0.0;122.70981038092543;;119.2341021118511;;;;
2022-04-22 19:00:00;0.0;122.70981038092543;;109.7527821251807;;;;
2022-04-22 20:00:00;0.0;122.70981038092543;;100.1897740793206;;;;
2022-04-22 21:00:00;0.0;122.70981038092543;;91.21632645793537;;;;
2022-04-22 22:00:00;0.0;122.70981038092543;;83.47650398505533;;;;
2022-04-22 23:00:00;0.0;122.70981038092543;;77.89414415915178;;;;
2022-04-23 00:00:00;0.0;122.70981038092543;;74.52018761883635;;;;
2022-04-23 01:00:00;0.0;122.70981038092543;;73.64027066905776;;;;
2022-04-23 02:00:00;0.0;122.70981038092543;;74.98732837171997;;;;
2022-04-23 03:00:00;0.0;122.70981038092543;;78.86847534685629;;;;
2022-04-23 04:00:00;0.0;122.70981038092543;;85.0107185572486;;;;
2022-04-23 05:00:00;0.0;122.70981038092543;;92.99515261756072;;;;
2022-04-23 06:00:00;0.0;122.70981038092543;;102.2664105449998;;;;
2022-04-23 07:00:00;0.0;122.70981038092543;;112.1878785357017;;;;
2022-04-23 08:00:00;0.0;122.70981038092543;;122.0695595077754;;;;
2022-04-23 09:00:00;0.0;122.70981038092543;;131.2291614211836;;;;
2022-04-23 10:00:00;0.0;122.70981038092543;;139.0341821076207;;;;
2022-04-23 11:00:00;0.0;122.70981038092543;;144.9442792884645;;;;
2022-04-23 12:00:00;0.0;122.70981038092543;;148.5564065622505;;;;
2022-04-23 13:00:00;0.0;122.70981038092543;;149.6162561855912;;;;
2022-04-23 14:00:00;0.0;122.70981038092543;;148.0674410200475;;;;
2022-04-23 15:00:00;0.0;122.70981038092543;;144.0035340615895;;;;
2022-04-23 16:00:00;0.0;122.70981038092543;;137.70740111072;;;;
2022-04-23 17:00:00;0.0;122.70981038092543;;129.5953082290018;;;;
2022-04-23 18:00:00;0.0;122.70981038092543;;120.223143080954;;;;
2022-04-23 19:00:00;0.0;122.70981038092543;;110.2186469032635;;;;
2022-04-23 20:00:00;0.0;122.70981038092543;;100.2547978414522;;;;
2022-04-23 21:00:00;0.0;122.70981038092543;;90.99790769559225;;;;
2022-04-23 22:00:00;0.0;122.70981038092543;;83.07018355221136;;;;
2022-04-23 23:00:00;0.0;122.70981038092543;;76.45062400354448;;;;
2022-04-24 00:00:00;0.0;122.70981038092543;;72.09860458220338;;;;
2022-04-24 01:00:00;0.0;122.70981038092543;;70.24856966243607;;;;
2022-04-24 02:00:00;0.0;122.70981038092543;;71.51329816671114;;;;
2022-04-24 03:00:00;0.0;122.70981038092543;;75.23382984476763;;;;
2022-04-24 04:00:00;0.0;122.70981038092543;;81.16141031010494;;;;
2022-04-24 05:00:00;0.0;122.70981038092543;;88.90784865114475;;;;
2022-04-24 06:00:00;0.0;122.70981038092543;;97.9544452372502;;;;
2022-04-24 07:00:00;0.0;122.70981038092543;;107.7068059709416;;;;
2022-04-24 08:00:00;0.0;122.70981038092543;;117.5177837818465;;;;
2022-04-24 09:00:00;0.0;122.70981038092543;;126.7342860634519;;;;
2022-04-24 10:00:00;0.0;122.70981038092543;;134.7461326152008;;;;
2022-04-24 11:00:00;0.0;122.70981038092543;;141.0193326536205;;;;
2022-04-24 12:00:00;0.0;122.70981038092543;;145.1405570042988;;;;
2022-04-24 13:00:00;0.0;122.70981038092543;;146.8339437584757;;;;
2022-04-24 14:00:00;0.0;122.70981038092543;;145.9842890187722;;;;
2022-04-24 15:00:00;0.0;122.70981038092543;;142.6549106384605;;;;
2022-04-24 16:00:00;0.0;122.70981038092543;;137.0801079781001;;;;
2022-04-24 17:00:00;0.0;122.70981038092543;;129.6416540185045;;;;
2022-04-24 18:00:00;0.0;122.70981038092543;;120.8607906767858;;;;
2022-04-24 19:00:00;0.0;122.70981038092543;;111.342310810157;;;;
2022-04-24 20:00:00;0.0;122.70981038092543;;101.7637509446778;;;;
2022-04-24 21:00:00;0.0;122.70981038092543;;92.8009695572066;;;;
2022-04-24 22:00:00;0.0;122.70981038092543;;85.09337857319169;;;;
2022-04-24 23:00:00;0.0;122.70981038092543;;78.03720401650948;;;;
2022-04-25 00:00:00;0.0;122.70981038092543;;73.25959820789285;;;;
2022-04-25 01:00:00;0.0;122.70981038092543;;71.01019779652734;;;;
2022-04-25 02:00:00;0.0;122.70981038092543;;72.52159787787977;;;;
2022-04-25 03:00:00;0.0;122.70981038092543;;76.50405762077247;;;;
2022-04-25 04:00:00;0.0;122.70981038092543;;82.71964847635276;;;;
2022-04-25 05:00:00;0.0;122.70981038092543;;90.77669633638403;;;;
2022-04-25 06:00:00;0.0;122.70981038092543;;100.1452393826621;;;;
2022-04-25 07:00:00;0.0;122.70981038092543;;110.194279500418;;;;
2022-04-25 08:00:00;0.0;122.70981038092543;;120.2442500352952;;;;
2022-04-25 09:00:00;0.0;122.70981038092543;;129.6128076478683;;;;
2022-04-25 10:00:00;0.0;122.70981038092543;;137.6654305167784;;;;
2022-04-25 11:00:00;0.0;122.70981038092543;;143.8455825528842;;;;
2022-04-25 12:00:00;0.0;122.70981038092543;;147.7272476606859;;;;
2022-04-25 13:00:00;0.0;122.70981038092543;;149.0369817248551;;;;
2022-04-25 14:00:00;0.0;122.70981038092543;;147.6904481758506;;;;
2022-04-25 15:00:00;0.0;122.70981038092543;;143.7722090857133;;;;
2022-04-25 16:00:00;0.0;122.70981038092543;;137.5573972650338;;;;
2022-04-25 17:00:00;0.0;122.70981038092543;;129.4647767002984;;;;
2022-04-25 18:00:00;0.0;122.70981038092543;;120.0490550305133;;;;
2022-04-25 19:00:00;0.0;122.70981038092543;;109.9508166238064;;;;
2022-04-25 20:00:00;0.0;122.70981038092543;;99.86084906657683;;;;
2022-04-25 21:00:00;0.0;122.70981038092543;;90.45651381353876;;;;
2022-04-25 22:00:00;0.0;122.70981038092543;;82.35473339048949;;;;
2022-04-25 23:00:00;0.0;122.70981038092543;;75.13221474113593;;;;
2022-04-26 00:00:00;0.0;122.70981038092543;;70.14884793082211;;;;
2022-04-26 01:00:00;0.0;122.70981038092543;;67.60306133931107;;;;
2022-04-26 02:00:00;0.0;122.70981038092543;;68.45849067797255;;;;
2022-04-26 03:00:00;0.0;122.70981038092543;;71.59859678857784;;;;
2022-04-26 04:00:00;0.0;122.70981038092543;;76.74724080805707;;;;
2022-04-26 05:00:00;0.0;122.70981038092543;;83.49085420680488;;;;
2022-04-26 06:00:00;0.0;122.70981038092543;;91.30797622074056;;;;
2022-04-26 07:00:00;0.0;122.70981038092543;;99.60510383052454;;;;
2022-04-26 08:00:00;0.0;122.70981038092543;;107.7759670140447;;;;
2022-04-26 09:00:00;0.0;122.70981038092543;;115.2173669639203;;;;
2022-04-26 10:00:00;0.0;122.70981038092543;;121.3879017233129;;;;
2022-04-26 11:00:00;0.0;122.70981038092543;;125.8392506098679;;;;
2022-04-26 12:00:00;0.0;122.70981038092543;;128.2500947412998;;;;
2022-04-26 13:00:00;0.0;122.70981038092543;;128.4500247311694;;;;
2022-04-26 14:00:00;0.0;122.70981038092543;;126.4044144642249;;;;
2022-04-26 15:00:00;0.0;122.70981038092543;;122.247593047944;;;;
2022-04-26 16:00:00;0.0;122.70981038092543;;116.2448105562834;;;;
2022-04-26 17:00:00;0.0;122.70981038092543;;108.7916138663178;;;;
2022-04-26 18:00:00;0.0;122.70981038092543;;100.3681293789613;;;;
2022-04-26 19:00:00;0.0;122.70981038092543;;91.51484400398428;;;;
2022-04-26 20:00:00;0.0;122.70981038092543;;82.79461024668396;;;;
2022-04-26 21:00:00;0.0;122.70981038092543;;74.75179584204199;;;;
2022-04-26 22:00:00;0.0;122.70981038092543;;67.87805644745843;;;;
2022-04-26 23:00:00;0.0;122.70981038092543;;62.50913833855932;;;;
2022-04-27 00:00:00;0.0;122.70981038092543;;59.02542187481677;;;;
2022-04-27 01:00:00;0.0;122.70981038092543;;57.60346239389632;;;;
2022-04-27 02:00:00;0.0;122.70981038092543;;58.35589278751564;;;;
2022-04-27 03:00:00;0.0;122.70981038092543;;61.10859057181928;;;;
2022-04-27 04:00:00;0.0;122.70981038092543;;65.63458526072776;;;;
2022-04-27 05:00:00;0.0;122.70981038092543;;71.59787209248043;;;;
2022-04-27 06:00:00;0.0;122.70981038092543;;78.57340135517178;;;;
2022-04-27 07:00:00;0.0;122.70981038092543;;86.07908391167828;;;;
2022-04-27 08:00:00;0.0;122.70981038092543;;93.59247692985618;;;;
2022-04-27 09:00:00;0.0;122.70981038092543;;100.6046768236183;;;;
2022-04-27 10:00:00;0.0;122.70981038092543;;106.6445087936062;;;;
2022-04-27 11:00:00;0.0;122.70981038092543;;111.308991184968;;;;
2022-04-27 12:00:00;0.0;122.70981038092543;;114.2829895069753;;;;
2022-04-27 13:00:00;0.0;122.70981038092543;;115.3610883462353;;;;
2022-04-27 14:00:00;0.0;122.70981038092543;;114.4738749689678;;;;
2022-04-27 15:00:00;0.0;122.70981038092543;;111.6748748103549;;;;
2022-04-27 16:00:00;0.0;122.70981038092543;;107.1558387154456;;;;
2022-04-27 17:00:00;0.0;122.70981038092543;;101.2237394016955;;;;
2022-04-27 18:00:00;0.0;122.70981038092543;;94.28255533425263;;;;
2022-04-27 19:00:00;0.0;122.70981038092543;;86.80436113557722;;;;
2022-04-27 20:00:00;0.0;122.70981038092543;;79.3009368972362;;;;
2022-04-27 21:00:00;0.0;122.70981038092543;;72.29952030123276;;;;
2022-04-27 22:00:00;0.0;122.70981038092543;;66.2975546584111;;;;
2022-04-27 23:00:00;0.0;122.70981038092543;;62.37749941485902;;;;
2022-04-28 00:00:00;0.0;122.70981038092543;;60.22265817303897;;;;
2022-04-28 01:00:00;0.0;122.70981038092543;;60.07854844577107;;;;
2022-04-28 02:00:00;0.0;122.70981038092543;;61.4132646440317;;;;
2022-04-28 03:00:00;0.0;122.70981038092543;;64.85607073884924;;;;
2022-04-28 04:00:00;0.0;122.70981038092543;;70.21728126299004;;;;
2022-04-28 05:00:00;0.0;122.70981038092543;;77.16890127065844;;;;
2022-04-28 06:00:00;0.0;122.70981038092543;;85.27101034215282;;;;
2022-04-28 07:00:00;0.0;122.70981038092543;;93.99770093309084;;;;
2022-04-28 08:00:00;0.0;122.70981038092543;;102.7774958944001;;;;
2022-04-28 09:00:00;0.0;122.70981038092543;;111.0275081036753;;;;
2022-04-28 10:00:00;0.0;122.70981038092543;;118.1961155539917;;;;
2022-04-28 11:00:00;0.0;122.70981038092543;;123.8007659274574;;;;
2022-04-28 12:00:00;0.0;122.70981038092543;;127.4692323795617;;;;
2022-04-28 13:00:00;0.0;122.70981038092543;;128.9544436540675;;;;
2022-04-28 14:00:00;0.0;122.70981038092543;;128.1581531767052;;;;
2022-04-28 15:00:00;0.0;122.70981038092543;;125.1321071544564;;;;
2022-04-28 16:00:00;0.0;122.70981038092543;;120.0918673830218;;;;
2022-04-28 17:00:00;0.0;122.70981038092543;;113.3898845020969;;;;
2022-04-28 18:00:00;0.0;122.70981038092543;;105.4971362663807;;;;
2022-04-28 19:00:00;0.0;122.70981038092543;;96.9645734479112;;;;
2022-04-28 20:00:00;0.0;122.70981038092543;;88.389196416563;;;;
2022-04-28 21:00:00;0.0;122.70981038092543;;80.36562756755171;;;;
2022-04-28 22:00:00;0.0;122.70981038092543;;73.45160425897024;;;;
2022-04-28 23:00:00;0.0;122.70981038092543;;69.00211104689419;;;;
2022-04-29 00:00:00;0.0;122.70981038092543;;66.49674498954883;;;;
2022-04-29 01:00:00;0.0;122.70981038092543;;66.19680705710141;;;;
2022-04-29 02:00:00;0.0;122.70981038092543;;67.33613034067757;;;;
2022-04-29 03:00:00;0.0;122.70981038092543;;70.75234854088356;;;;
2022-04-29 04:00:00;0.0;122.70981038092543;;76.20140983079882;;;;
2022-04-29 05:00:00;0.0;122.70981038092543;;83.29679559373821;;;;
2022-04-29 06:00:00;0.0;122.70981038092543;;91.5413589230532;;;;
2022-04-29 07:00:00;0.0;122.70981038092543;;100.3603486702664;;;;
2022-04-29 08:00:00;0.0;122.70981038092543;;109.1395922229737;;;;
2022-04-29 09:00:00;0.0;122.70981038092543;;117.2730115508479;;;;
2022-04-29 10:00:00;0.0;122.70981038092543;;124.2045635929762;;;;
2022-04-29 11:00:00;0.0;122.70981038092543;;129.4603952281362;;;;
2022-04-29 12:00:00;0.0;122.70981038092543;;132.6788238748912;;;;
2022-04-29 13:00:00;0.0;122.70981038092543;;133.6292478465221;;;;
2022-04-29 14:00:00;0.0;122.70981038092543;;132.2515190011367;;;;
2022-04-29 15:00:00;0.0;122.70981038092543;;128.6363994909649;;;;
2022-04-29 16:00:00;0.0;122.70981038092543;;123.0372914894798;;;;
2022-04-29 17:00:00;0.0;122.70981038092543;;115.8302723906318;;;;
2022-04-29 18:00:00;0.0;122.70981038092543;;107.5043870540008;;;;
2022-04-29 19:00:00;0.0;122.70981038092543;;98.6156275402215;;;;
2022-04-29 20:00:00;0.0;122.70981038092543;;89.7608549424581;;;;
2022-04-29 21:00:00;0.0;122.70981038092543;;81.53525399163296;;;;
2022-04-29 22:00:00;0.0;122.70981038092543;;74.49559064043461;;;;
2022-04-29 23:00:00;0.0;122.70981038092543;;69.4464485924352;;;;
2022-04-30 00:00:00;0.0;122.70981038092543;;66.41743306720639;;;;
2022-04-30 01:00:00;0.0;122.70981038092543;;65.65482872560246;;;;
2022-04-30 02:00:00;0.0;122.70981038092543;;66.92679102069216;;;;
2022-04-30 03:00:00;0.0;122.70981038092543;;70.51121641051047;;;;
2022-04-30 04:00:00;0.0;122.70981038092543;;76.19011639342739;;;;
2022-04-30 05:00:00;0.0;122.70981038092543;;83.60241739715448;;;;
2022-04-30 06:00:00;0.0;122.70981038092543;;92.27541035950657;;;;
2022-04-30 07:00:00;0.0;122.70981038092543;;101.6505510857218;;;;
2022-04-30 08:00:00;0.0;122.70981038092543;;111.1184405543052;;;;
2022-04-30 09:00:00;0.0;122.70981038092543;;120.0650997831043;;;;
2022-04-30 10:00:00;0.0;122.70981038092543;;127.9046680684231;;;;
2022-04-30 11:00:00;0.0;122.70981038092543;;134.1346306556343;;;;
2022-04-30 12:00:00;0.0;122.70981038092543;;138.3412493177165;;;;
2022-04-30 13:00:00;0.0;122.70981038092543;;140.2561834733271;;;;
2022-04-30 14:00:00;0.0;122.70981038092543;;139.7501513776987;;;;
2022-04-30 15:00:00;0.0;122.70981038092543;;136.876319723881;;;;
2022-04-30 16:00:00;0.0;122.70981038092543;;131.8298742519759;;;;
2022-04-30 17:00:00;0.0;122.70981038092543;;124.9736251485128;;;;
2022-04-30 18:00:00;0.0;122.70981038092543;;116.7863101259474;;;;
2022-04-30 19:00:00;0.0;122.70981038092543;;107.8537894149447;;;;
2022-04-30 20:00:00;0.0;122.70981038092543;;98.8169026426329;;;;
2022-04-30 21:00:00;0.0;122.70981038092543;;90.3373201157588;;;;
2022-04-30 22:00:00;0.0;122.70981038092543;;83.04637768701923;;;;
2022-04-30 23:00:00;0.0;122.70981038092543;;76.94603990422311;;;;
2022-05-01 00:00:00;0.0;122.70981038092543;;73.0409976625439;;;;
2022-05-01 01:00:00;0.0;122.70981038092543;;71.6097391662635;;;;
2022-05-01 02:00:00;0.0;122.70981038092543;;73.31785559249973;;;;
2022-05-01 03:00:00;0.0;122.70981038092543;;77.53883346899701;;;;
2022-05-01 04:00:00;0.0;122.70981038092543;;84.0450940704066;;;;
2022-05-01 05:00:00;0.0;122.70981038092543;;92.45370171497912;;;;
2022-05-01 06:00:00;0.0;122.70981038092543;;102.235671809272;;;;
2022-05-01 07:00:00;0.0;122.70981038092543;;112.7609334013705;;;;
2022-05-01 08:00:00;0.0;122.70981038092543;;123.3310254166349;;;;
2022-05-01 09:00:00;0.0;122.70981038092543;;133.2480076937822;;;;
2022-05-01 10:00:00;0.0;122.70981038092543;;141.8495336108895;;;;
2022-05-01 11:00:00;0.0;122.70981038092543;;148.5544115115752;;;;
2022-05-01 12:00:00;0.0;122.70981038092543;;152.904658399922;;;;
2022-05-01 13:00:00;0.0;122.70981038092543;;154.6123178603121;;;;
2022-05-01 14:00:00;0.0;122.70981038092543;;153.5586392627775;;;;
2022-05-01 15:00:00;0.0;122.70981038092543;;149.8190883937782;;;;
2022-05-01 16:00:00;0.0;122.70981038092543;;143.6507103246894;;;;
2022-05-01 17:00:00;0.0;122.70981038092543;;135.4914479430965;;;;
2022-05-01 18:00:00;0.0;122.70981038092543;;125.9117437346045;;;;
2022-05-01 19:00:00;0.0;122.70981038092543;;115.5714782787881;;;;
2022-05-01 20:00:00;0.0;122.70981038092543;;105.1858923409693;;;;
2022-05-01 21:00:00;0.0;122.70981038092543;;95.47083545246524;;;;
2022-05-01 22:00:00;0.0;122.70981038092543;;87.09511879730384;;;;
2022-05-01 23:00:00;0.0;122.70981038092543;;79.44451951150751;;;;
2022-05-02 00:00:00;0.0;122.70981038092543;;74.14739555998523;;;;
2022-05-02 01:00:00;0.0;122.70981038092543;;71.41456713129226;;;;
2022-05-02 02:00:00;0.0;122.70981038092543;;72.45802009062133;;;;
2022-05-02 03:00:00;0.0;122.70981038092543;;75.9238594484464;;;;
2022-05-02 04:00:00;0.0;122.70981038092543;;81.53427960220051;;;;
2022-05-02 05:00:00;0.0;122.70981038092543;;88.85987705201418;;;;
2022-05-02 06:00:00;0.0;122.70981038092543;;97.34997004822398;;;;
2022-05-02 07:00:00;0.0;122.70981038092543;;106.3857566552827;;;;
2022-05-02 08:00:00;0.0;122.70981038092543;;115.3031469131937;;;;
2022-05-02 09:00:00;0.0;122.70981038092543;;123.4642399437848;;;;
2022-05-02 10:00:00;0.0;122.70981038092543;;130.2792923576515;;;;
2022-05-02 11:00:00;0.0;122.70981038092543;;135.2652901041448;;;;
2022-05-02 12:00:00;0.0;122.70981038092543;;138.0589999089847;;;;
2022-05-02 13:00:00;0.0;122.70981038092543;;138.4582307012643;;;;
2022-05-02 14:00:00;0.0;122.70981038092543;;136.4286849564336;;;;
2022-05-02 15:00:00;0.0;122.70981038092543;;132.1011298242382;;;;
2022-05-02 16:00:00;0.0;122.70981038092543;;125.7644553131525;;;;
2022-05-02 17:00:00;0.0;122.70981038092543;;117.8316596257643;;;;
2022-05-02 18:00:00;0.0;122.70981038092543;;108.81983373797;;;;
2022-05-02 19:00:00;0.0;122.70981038092543;;99.3072875804116;;;;
2022-05-02 20:00:00;0.0;122.70981038092543;;89.91137039059603;;;;
2022-05-02 21:00:00;0.0;122.70981038092543;;81.23230119585574;;;;
2022-05-02 22:00:00;0.0;122.70981038092543;;73.80878783308432;;;;
2022-05-02 23:00:00;0.0;122.70981038092543;;67.24554305916348;;;;
2022-05-03 00:00:00;0.0;122.70981038092543;;62.73988084352404;;;;
2022-05-03 01:00:00;0.0;122.70981038092543;;60.4580123240331;;;;
2022-05-03 02:00:00;0.0;122.70981038092543;;61.25833149394499;;;;
2022-05-03 03:00:00;0.0;122.70981038092543;;64.1473269023831;;;;
2022-05-03 04:00:00;0.0;122.70981038092543;;68.88841145268367;;;;
2022-05-03 05:00:00;0.0;122.70981038092543;;75.12975841124457;;;;
2022-05-03 06:00:00;0.0;122.70981038092543;;82.41572702818871;;;;
2022-05-03 07:00:00;0.0;122.70981038092543;;90.23850400738333;;;;
2022-05-03 08:00:00;0.0;122.70981038092543;;98.04971057456612;;;;
2022-05-03 09:00:00;0.0;122.70981038092543;;105.3200064790463;;;;
2022-05-03 10:00:00;0.0;122.70981038092543;;111.5461275563758;;;;
2022-05-03 11:00:00;0.0;122.70981038092543;;116.3094994784954;;;;
2022-05-03 12:00:00;0.0;122.70981038092543;;119.2793411577269;;;;
2022-05-03 13:00:00;0.0;122.70981038092543;;120.2516308439344;;;;
2022-05-03 14:00:00;0.0;122.70981038092543;;119.1610134367573;;;;
2022-05-03 15:00:00;0.0;122.70981038092543;;116.0758764275485;;;;
2022-05-03 16:00:00;0.0;122.70981038092543;;111.2067514323907;;;;
2022-05-03 17:00:00;0.0;122.70981038092543;;104.870390445361;;;;
2022-05-03 18:00:00;0.0;122.70981038092543;;97.50166630501364;;;;
2022-05-03 19:00:00;0.0;122.70981038092543;;89.59696488012172;;;;
2022-05-03 20:00:00;0.0;122.70981038092543;;81.69757191487199;;;;
2022-05-03 21:00:00;0.0;122.70981038092543;;74.33673460143407;;;;
2022-05-03 22:00:00;0.0;122.70981038092543;;68.02018351249272;;;;
2022-05-03 23:00:00;0.0;122.70981038092543;;63.11088883119152;;;;
2022-05-04 00:00:00;0.0;122.70981038092543;;60.0300464620663;;;;
2022-05-04 01:00:00;0.0;122.70981038092543;;58.99583872924661;;;;
2022-05-04 02:00:00;0.0;122.70981038092543;;60.15930115031654;;;;
2022-05-04 03:00:00;0.0;122.70981038092543;;63.37947338949192;;;;
2022-05-04 04:00:00;0.0;122.70981038092543;;68.44932750138052;;;;
2022-05-04 05:00:00;0.0;122.70981038092543;;75.04058001716115;;;;
2022-05-04 06:00:00;0.0;122.70981038092543;;82.71063853969756;;;;
2022-05-04 07:00:00;0.0;122.70981038092543;;90.94401331720805;;;;
2022-05-04 08:00:00;0.0;122.70981038092543;;99.18640122064689;;;;
2022-05-04 09:00:00;0.0;122.70981038092543;;106.8769785133423;;;;
2022-05-04 10:00:00;0.0;122.70981038092543;;113.4902746055845;;;;
2022-05-04 11:00:00;0.0;122.70981038092543;;118.5676010584031;;;;
2022-05-04 12:00:00;0.0;122.70981038092543;;121.7643749640417;;;;
2022-05-04 13:00:00;0.0;122.70981038092543;;122.858015799455;;;;
2022-05-04 14:00:00;0.0;122.70981038092543;;121.775797395222;;;;
2022-05-04 15:00:00;0.0;122.70981038092543;;118.5883021384849;;;;
2022-05-04 16:00:00;0.0;122.70981038092543;;113.5155973171535;;;;
2022-05-04 17:00:00;0.0;122.70981038092543;;106.9034669199938;;;;
2022-05-04 18:00:00;0.0;122.70981038092543;;99.20121292515324;;;;
2022-05-04 19:00:00;0.0;122.70981038092543;;90.93881976567612;;;;
2022-05-04 20:00:00;0.0;122.70981038092543;;82.6766816379358;;;;
2022-05-04 21:00:00;0.0;122.70981038092543;;74.97589040594097;;;;
2022-05-04 22:00:00;0.0;122.70981038092543;;68.34729563477372;;;;
2022-05-04 23:00:00;0.0;122.70981038092543;;63.8907498908593;;;;
2022-05-05 00:00:00;0.0;122.70981038092543;;61.26084701630087;;;;
2022-05-05 01:00:00;0.0;122.70981038092543;;60.67959183435882;;;;
2022-05-05 02:00:00;0.0;122.70981038092543;;61.5617589074895;;;;
2022-05-05 03:00:00;0.0;122.70981038092543;;64.51160617309631;;;;
2022-05-05 04:00:00;0.0;122.70981038092543;;69.2933620841988;;;;
2022-05-05 05:00:00;0.0;122.70981038092543;;75.54648960962257;;;;
2022-05-05 06:00:00;0.0;122.70981038092543;;82.81246511309182;;;;
2022-05-05 07:00:00;0.0;122.70981038092543;;90.56388656380696;;;;
2022-05-05 08:00:00;0.0;122.70981038092543;;98.2460768431946;;;;
2022-05-05 09:00:00;0.0;122.70981038092543;;105.3119597723221;;;;
2022-05-05 10:00:00;0.0;122.70981038092543;;111.2694378911494;;;;
2022-05-05 11:00:00;0.0;122.70981038092543;;115.7020478550446;;;;
2022-05-05 12:00:00;0.0;122.70981038092543;;118.3013847561045;;;;
2022-05-05 13:00:00;0.0;122.70981038092543;;118.8826090016056;;;;
2022-05-05 14:00:00;0.0;122.70981038092543;;117.4026171137288;;;;
2022-05-05 15:00:00;0.0;122.70981038092543;;113.9591302205088;;;;
2022-05-05 16:00:00;0.0;122.70981038092543;;108.7821996746454;;;;
2022-05-05 17:00:00;0.0;122.70981038092543;;102.215563845263;;;;
2022-05-05 18:00:00;0.0;122.70981038092543;;94.69229086384948;;;;
2022-05-05 19:00:00;0.0;122.70981038092543;;86.70837849861805;;;;
2022-05-05 20:00:00;0.0;122.70981038092543;;78.78965549413289;;;;
2022-05-05 21:00:00;0.0;122.70981038092543;;71.4516621629914;;;;
2022-05-05 22:00:00;0.0;122.70981038092543;;65.17888664147492;;;;
2022-05-05 23:00:00;0.0;122.70981038092543;;61.15557839975043;;;;
2022-05-06 00:00:00;0.0;122.70981038092543;;58.91004804788004;;;;
2022-05-06 01:00:00;0.0;122.70981038092543;;58.66352617732409;;;;
2022-05-06 02:00:00;0.0;122.70981038092543;;59.73728139416122;;;;
2022-05-06 03:00:00;0.0;122.70981038092543;;62.88087623939707;;;;
2022-05-06 04:00:00;0.0;122.70981038092543;;67.89056523444052;;;;
2022-05-06 05:00:00;0.0;122.70981038092543;;74.44848708459739;;;;
2022-05-06 06:00:00;0.0;122.70981038092543;;82.13061559859122;;;;
2022-05-06 07:00:00;0.0;122.70981038092543;;90.44260389345988;;;;
2022-05-06 08:00:00;0.0;122.70981038092543;;98.8432862719372;;;;
2022-05-06 09:00:00;0.0;122.70981038092543;;106.7931953517064;;;;
2022-05-06 10:00:00;0.0;122.70981038092543;;113.7776261393164;;;;
2022-05-06 11:00:00;0.0;122.70981038092543;;119.3434265317035;;;;
2022-05-06 12:00:00;0.0;122.70981038092543;;123.1284091005769;;;;
2022-05-06 13:00:00;0.0;122.70981038092543;;124.8914883523218;;;;
2022-05-06 14:00:00;0.0;122.70981038092543;;124.5173191033823;;;;
2022-05-06 15:00:00;0.0;122.70981038092543;;122.03519743207;;;;
2022-05-06 16:00:00;0.0;122.70981038092543;;117.6214754325518;;;;
2022-05-06 17:00:00;0.0;122.70981038092543;;111.5941566216706;;;;
2022-05-06 18:00:00;0.0;122.70981038092543;;104.38270777415;;;;
2022-05-06 19:00:00;0.0;122.70981038092543;;96.50236014529102;;;;
2022-05-06 20:00:00;0.0;122.70981038092543;;88.52089681101324;;;;
2022-05-06 21:00:00;0.0;122.70981038092543;;81.02533722041602;;;;
2022-05-06 22:00:00;0.0;122.70981038092543;;74.58128272191094;;;;
2022-05-06 23:00:00;0.0;122.70981038092543;;70.02734124477858;;;;
2022-05-07 00:00:00;0.0;122.70981038092543;;67.4326689871545;;;;
2022-05-07 01:00:00;0.0;122.70981038092543;;67.0846790556448;;;;
2022-05-07 02:00:00;0.0;122.70981038092543;;68.7948647980314;;;;
2022-05-07 03:00:00;0.0;122.70981038092543;;72.87573078243295;;;;
2022-05-07 04:00:00;0.0;122.70981038092543;;79.12831977771275;;;;
2022-05-07 05:00:00;0.0;122.70981038092543;;87.19425338938359;;;;
2022-05-07 06:00:00;0.0;122.70981038092543;;96.58655075008431;;;;
2022-05-07 07:00:00;0.0;122.70981038092543;;106.7186995158247;;;;
2022-05-07 08:00:00;0.0;122.70981038092543;;116.9358969586451;;;;
2022-05-07 09:00:00;0.0;122.70981038092543;;126.5777982731055;;;;
2022-05-07 10:00:00;0.0;122.70981038092543;;135.0038948254228;;;;
2022-05-07 11:00:00;0.0;122.70981038092543;;141.6628240092724;;;;
2022-05-07 12:00:00;0.0;122.70981038092543;;146.0961837303091;;;;
2022-05-07 13:00:00;0.0;122.70981038092543;;148.017851736948;;;;
2022-05-07 14:00:00;0.0;122.70981038092543;;147.2978374333109;;;;
2022-05-07 15:00:00;0.0;122.70981038092543;;143.9988645609765;;;;
2022-05-07 16:00:00;0.0;122.70981038092543;;138.3518796639809;;;;
2022-05-07 17:00:00;0.0;122.70981038092543;;130.7601215829679;;;;
2022-05-07 18:00:00;0.0;122.70981038092543;;121.7669726891373;;;;
2022-05-07 19:00:00;0.0;122.70981038092543;;112.0034121861877;;;;
2022-05-07 20:00:00;0.0;122.70981038092543;;102.1623720453866;;;;
2022-05-07 21:00:00;0.0;122.70981038092543;;92.93450316805576;;;;
2022-05-07 22:00:00;0.0;122.70981038092543;;84.97485759446532;;;;
2022-05-07 23:00:00;0.0;122.70981038092543;;78.28040947572283;;;;
2022-05-08 00:00:00;0.0;122.70981038092543;;73.85059004830154;;;;
2022-05-08 01:00:00;0.0;122.70981038092543;;71.93475718492206;;;;
2022-05-08 02:00:00;0.0;122.70981038092543;;73.15897043880173;;;;
2022-05-08 03:00:00;0.0;122.70981038092543;;76.84549344500255;;;;
2022-05-08 04:00:00;0.0;122.70981038092543;;82.72207041404505;;;;
2022-05-08 05:00:00;0.0;122.70981038092543;;90.36877463536916;;;;
2022-05-08 06:00:00;0.0;122.70981038092543;;99.23820019837008;;;;
2022-05-08 07:00:00;0.0;122.70981038092543;;108.7064968544286;;;;
2022-05-08 08:00:00;0.0;122.70981038092543;;118.1039973302224;;;;
2022-05-08 09:00:00;0.0;122.70981038092543;;126.7654860836124;;;;
2022-05-08 10:00:00;0.0;122.70981038092543;;134.0863603522365;;;;
2022-05-08 11:00:00;0.0;122.70981038092543;;139.5573748483905;;;;
2022-05-08 12:00:00;0.0;122.70981038092543;;142.7945651858038;;;;
2022-05-08 13:00:00;0.0;122.70981038092543;;143.5682757031913;;;;
2022-05-08 14:00:00;0.0;122.70981038092543;;141.8131897739807;;;;
2022-05-08 15:00:00;0.0;122.70981038092543;;137.653325351335;;;;
2022-05-08 16:00:00;0.0;122.70981038092543;;131.3665883467296;;;;
2022-05-08 17:00:00;0.0;122.70981038092543;;123.3778655944548;;;;
2022-05-08 18:00:00;0.0;122.70981038092543;;114.2157141663822;;;;
2022-05-08 19:00:00;0.0;122.70981038092543;;104.487342603427;;;;
2022-05-08 20:00:00;0.0;122.70981038092543;;94.83172800113756;;;;
2022-05-08 21:00:00;0.0;122.70981038092543;;85.88113673826456;;;;
2022-05-08 22:00:00;0.0;122.70981038092543;;78.21371214956167;;;;
2022-05-08 23:00:00;0.0;122.70981038092543;;71.26407852561775;;;;
2022-05-09 00:00:00;0.0;122.70981038092543;;66.47773575138962;;;;
2022-05-09 01:00:00;0.0;122.70981038092543;;64.03572577368162;;;;
2022-05-09 02:00:00;0.0;122.70981038092543;;65.02559757903556;;;;
2022-05-09 03:00:00;0.0;122.70981038092543;;68.23939026619834;;;;
2022-05-09 04:00:00;0.0;122.70981038092543;;73.43665224643644;;;;
2022-05-09 05:00:00;0.0;122.70981038092543;;80.2470987050703;;;;
2022-05-09 06:00:00;0.0;122.70981038092543;;88.19243177017549;;;;
2022-05-09 07:00:00;0.0;122.70981038092543;;96.72850549186045;;;;
2022-05-09 08:00:00;0.0;122.70981038092543;;105.2755212619183;;;;
2022-05-09 09:00:00;0.0;122.70981038092543;;113.2540128513596;;;;
2022-05-09 10:00:00;0.0;122.70981038092543;;120.1185924951219;;;;
2022-05-09 11:00:00;0.0;122.70981038092543;;125.4008631964153;;;;
2022-05-09 12:00:00;0.0;122.70981038092543;;128.7445366302276;;;;
2022-05-09 13:00:00;0.0;122.70981038092543;;129.9302566573487;;;;
2022-05-09 14:00:00;0.0;122.70981038092543;;128.8728495724065;;;;
2022-05-09 15:00:00;0.0;122.70981038092543;;125.6474623598673;;;;
2022-05-09 16:00:00;0.0;122.70981038092543;;120.4668483604516;;;;
2022-05-09 17:00:00;0.0;122.70981038092543;;113.6846569111188;;;;
2022-05-09 18:00:00;0.0;122.70981038092543;;105.7560596362577;;;;
2022-05-09 19:00:00;0.0;122.70981038092543;;97.2276677227634;;;;
2022-05-09 20:00:00;0.0;122.70981038092543;;88.67982162272263;;;;
2022-05-09 21:00:00;0.0;122.70981038092543;;80.70479410223976;;;;
2022-05-09 22:00:00;0.0;122.70981038092543;;73.85531427518545;;;;
2022-05-09 23:00:00;0.0;122.70981038092543;;67.75415146284988;;;;
2022-05-10 00:00:00;0.0;122.70981038092543;;63.64463275384733;;;;
2022-05-10 01:00:00;0.0;122.70981038092543;;61.73348665637612;;;;
2022-05-10 02:00:00;0.0;122.70981038092543;;62.93819953597293;;;;
2022-05-10 03:00:00;0.0;122.70981038092543;;66.28717610947467;;;;
2022-05-10 04:00:00;0.0;122.70981038092543;;71.56161210767893;;;;
2022-05-10 05:00:00;0.0;122.70981038092543;;78.4102148416221;;;;
2022-05-10 06:00:00;0.0;122.70981038092543;;86.3717237429932;;;;
2022-05-10 07:00:00;0.0;122.70981038092543;;94.90433964172698;;;;
2022-05-10 08:00:00;0.0;122.70981038092543;;103.4267303067272;;;;
2022-05-10 09:00:00;0.0;122.70981038092543;;111.3521762373998;;;;
2022-05-10 10:00:00;0.0;122.70981038092543;;118.1358793164406;;;;
2022-05-10 11:00:00;0.0;122.70981038092543;;123.301257514387;;;;
2022-05-10 12:00:00;0.0;122.70981038092543;;126.4878605965216;;;;
2022-05-10 13:00:00;0.0;122.70981038092543;;127.4797250952703;;;;
2022-05-10 14:00:00;0.0;122.70981038092543;;126.205122909953;;;;
2022-05-10 15:00:00;0.0;122.70981038092543;;122.7550130674915;;;;
2022-05-10 16:00:00;0.0;122.70981038092543;;117.3513855142929;;;;
2022-05-10 17:00:00;0.0;122.70981038092543;;110.3672086195983;;;;
2022-05-10 18:00:00;0.0;122.70981038092543;;102.269076851107;;;;
2022-05-10 19:00:00;0.0;122.70981038092543;;93.60654904978078;;;;
2022-05-10 20:00:00;0.0;122.70981038092543;;84.96202203681159;;;;
2022-05-10 21:00:00;0.0;122.70981038092543;;76.91419515911404;;;;
2022-05-10 22:00:00;0.0;122.70981038092543;;69.99125360261951;;;;
2022-05-10 23:00:00;0.0;122.70981038092543;;64.5560915749308;;;;
2022-05-11 00:00:00;0.0;122.70981038092543;;61.01369695749227;;;;
2022-05-11 01:00:00;0.0;122.70981038092543;;59.55364386937681;;;;
2022-05-11 02:00:00;0.0;122.70981038092543;;60.29613849324905;;;;
2022-05-11 03:00:00;0.0;122.70981038092543;;63.05699875925924;;;;
2022-05-11 04:00:00;0.0;122.70981038092543;;67.5916267378429;;;;
2022-05-11 05:00:00;0.0;122.70981038092543;;73.53600709520447;;;;
2022-05-11 06:00:00;0.0;122.70981038092543;;80.43127625831869;;;;
2022-05-11 07:00:00;0.0;122.70981038092543;;87.76205891417706;;;;
2022-05-11 08:00:00;0.0;122.70981038092543;;94.98759938161048;;;;
2022-05-11 09:00:00;0.0;122.70981038092543;;101.5808879083834;;;;
2022-05-11 10:00:00;0.0;122.70981038092543;;107.0712231918167;;;;
2022-05-11 11:00:00;0.0;122.70981038092543;;111.0633716130507;;;;
2022-05-11 12:00:00;0.0;122.70981038092543;;113.27625576381;;;;
2022-05-11 13:00:00;0.0;122.70981038092543;;113.5393380928226;;;;
2022-05-11 14:00:00;0.0;122.70981038092543;;111.8354657010427;;;;
2022-05-11 15:00:00;0.0;122.70981038092543;;108.2670319139501;;;;
2022-05-11 16:00:00;0.0;122.70981038092543;;103.0704056413467;;;;
2022-05-11 17:00:00;0.0;122.70981038092543;;96.57973726353195;;;;
2022-05-11 18:00:00;0.0;122.70981038092543;;89.21712530050758;;;;
2022-05-11 19:00:00;0.0;122.70981038092543;;81.45760299998531;;;;
2022-05-11 20:00:00;0.0;122.70981038092543;;73.80011278717119;;;;
2022-05-11 21:00:00;0.0;122.70981038092543;;66.73681272952723;;;;
2022-05-11 22:00:00;0.0;122.70981038092543;;60.70828481023642;;;;
2022-05-11 23:00:00;0.0;122.70981038092543;;56.67065483163157;;;;
2022-05-12 00:00:00;0.0;122.70981038092543;;54.2980560294948;;;;
2022-05-12 01:00:00;0.0;122.70981038092543;;53.78514567933981;;;;
2022-05-12 02:00:00;0.0;122.70981038092543;;54.61101007015362;;;;
2022-05-12 03:00:00;0.0;122.70981038092543;;57.3209587763309;;;;
2022-05-12 04:00:00;0.0;122.70981038092543;;61.7179717674008;;;;
2022-05-12 05:00:00;0.0;122.70981038092543;;67.49794150689254;;;;
2022-05-12 06:00:00;0.0;122.70981038092543;;74.26781085160982;;;;
2022-05-12 07:00:00;0.0;122.70981038092543;;81.57585135367573;;;;
2022-05-12 08:00:00;0.0;122.70981038092543;;88.93787847328213;;;;
2022-05-12 09:00:00;0.0;122.70981038092543;;95.86733349955918;;;;
2022-05-12 10:00:00;0.0;122.70981038092543;;101.9138032352366;;;;
2022-05-12 11:00:00;0.0;122.70981038092543;;106.6708604770448;;;;
2022-05-12 12:00:00;0.0;122.70981038092543;;109.8339881067645;;;;
2022-05-12 13:00:00;0.0;122.70981038092543;;111.1828479132332;;;;
2022-05-12 14:00:00;0.0;122.70981038092543;;110.6398406390617;;;;
2022-05-12 15:00:00;0.0;122.70981038092543;;108.244296402963;;;;
2022-05-12 16:00:00;0.0;122.70981038092543;;104.166202494413;;;;
2022-05-12 17:00:00;0.0;122.70981038092543;;98.68867555196633;;;;
2022-05-12 18:00:00;0.0;122.70981038092543;;92.18719415642548;;;;
2022-05-12 19:00:00;0.0;122.70981038092543;;85.11765744867586;;;;
2022-05-12 20:00:00;0.0;122.70981038092543;;77.98417860039106;;;;
2022-05-12 21:00:00;0.0;122.70981038092543;;71.30067963192104;;;;
2022-05-12 22:00:00;0.0;122.70981038092543;;65.56456819380286;;;;
2022-05-12 23:00:00;0.0;122.70981038092543;;62.00456559193044;;;;
2022-05-13 00:00:00;0.0;122.70981038092543;;60.17025717216727;;;;
2022-05-13 01:00:00;0.0;122.70981038092543;;60.33095906734919;;;;
2022-05-13 02:00:00;0.0;122.70981038092543;;61.8326499991732;;;;
2022-05-13 03:00:00;0.0;122.70981038092543;;65.47177512291583;;;;
2022-05-13 04:00:00;0.0;122.70981038092543;;71.05935260315884;;;;
2022-05-13 05:00:00;0.0;122.70981038092543;;78.27578753226254;;;;
2022-05-13 06:00:00;0.0;122.70981038092543;;86.68522098812883;;;;
2022-05-13 07:00:00;0.0;122.70981038092543;;95.768027951146;;;;
2022-05-13 08:00:00;0.0;122.70981038092543;;104.9424814458471;;;;
2022-05-13 09:00:00;0.0;122.70981038092543;;113.6098826862407;;;;
2022-05-13 10:00:00;0.0;122.70981038092543;;121.1983827178725;;;;
2022-05-13 11:00:00;0.0;122.70981038092543;;127.2020599810378;;;;
2022-05-13 12:00:00;0.0;122.70981038092543;;131.2253259131098;;;;
2022-05-13 13:00:00;0.0;122.70981038092543;;132.9933943442568;;;;
2022-05-13 14:00:00;0.0;122.70981038092543;;132.3968470647157;;;;
2022-05-13 15:00:00;0.0;122.70981038092543;;129.4798518387559;;;;
2022-05-13 16:00:00;0.0;122.70981038092543;;124.4662783123946;;;;
2022-05-13 17:00:00;0.0;122.70981038092543;;117.7079497537473;;;;
2022-05-13 18:00:00;0.0;122.70981038092543;;109.6888719259794;;;;
2022-05-13 19:00:00;0.0;122.70981038092543;;100.966082148014;;;;
2022-05-13 20:00:00;0.0;122.70981038092543;;92.1640223924401;;;;
2022-05-13 21:00:00;0.0;122.70981038092543;;83.90809424097937;;;;
2022-05-13 22:00:00;0.0;122.70981038092543;;76.79229209696318;;;;
2022-05-13 23:00:00;0.0;122.70981038092543;;71.66292764434192;;;;
2022-05-14 00:00:00;0.0;122.70981038092543;;68.56229087309129;;;;
2022-05-14 01:00:00;0.0;122.70981038092543;;67.75167495443787;;;;
2022-05-14 02:00:00;0.0;122.70981038092543;;68.99118069540444;;;;
2022-05-14 03:00:00;0.0;122.70981038092543;;72.55825479468731;;;;
2022-05-14 04:00:00;0.0;122.70981038092543;;78.2108754471927;;;;
2022-05-14 05:00:00;0.0;122.70981038092543;;85.55652795450354;;;;
2022-05-14 06:00:00;0.0;122.70981038092543;;94.08985746825267;;;;
2022-05-14 07:00:00;0.0;122.70981038092543;;103.217187895844;;;;
2022-05-14 08:00:00;0.0;122.70981038092543;;112.3065218177124;;;;
2022-05-14 09:00:00;0.0;122.70981038092543;;120.7285900578288;;;;
2022-05-14 10:00:00;0.0;122.70981038092543;;127.901394474663;;;;
2022-05-14 11:00:00;0.0;122.70981038092543;;133.3372939960104;;;;
2022-05-14 12:00:00;0.0;122.70981038092543;;136.6621912873363;;;;
2022-05-14 13:00:00;0.0;122.70981038092543;;137.651413695631;;;;
2022-05-14 14:00:00;0.0;122.70981038092543;;136.229391712241;;;;
2022-05-14 15:00:00;0.0;122.70981038092543;;132.4943506486896;;;;
2022-05-14 16:00:00;0.0;122.70981038092543;;126.6960422491983;;;;
2022-05-14 17:00:00;0.0;122.70981038092543;;119.2335191443354;;;;
2022-05-14 18:00:00;0.0;122.70981038092543;;110.6075010799497;;;;
2022-05-14 19:00:00;0.0;122.70981038092543;;101.4046141937406;;;;
2022-05-14 20:00:00;0.0;122.70981038092543;;92.24054893113816;;;;
2022-05-14 21:00:00;0.0;122.70981038092543;;83.73131398900094;;;;
2022-05-14 22:00:00;0.0;122.70981038092543;;76.44077924987766;;;;
2022-05-14 23:00:00;0.0;122.70981038092543;;70.35454023438089;;;;
2022-05-15 00:00:00;0.0;122.70981038092543;;66.35307407279146;;;;
2022-05-15 01:00:00;0.0;122.70981038092543;;64.6521040914372;;;;
2022-05-15 02:00:00;0.0;122.70981038092543;;65.81489837138943;;;;
2022-05-15 03:00:00;0.0;122.70981038092543;;69.23930649581186;;;;
2022-05-15 04:00:00;0.0;122.70981038092543;;74.69705263633442;;;;
2022-05-15 05:00:00;0.0;122.70981038092543;;81.82739588472174;;;;
2022-05-15 06:00:00;0.0;122.70981038092543;;90.16230941317092;;;;
2022-05-15 07:00:00;0.0;122.70981038092543;;99.14993519085064;;;;
2022-05-15 08:00:00;0.0;122.70981038092543;;108.1913015234264;;;;
2022-05-15 09:00:00;0.0;122.70981038092543;;116.6823088455056;;;;
2022-05-15 10:00:00;0.0;122.70981038092543;;124.057768269168;;;;
2022-05-15 11:00:00;0.0;122.70981038092543;;129.8320246938265;;;;
2022-05-15 12:00:00;0.0;122.70981038092543;;133.6186628103901;;;;
2022-05-15 13:00:00;0.0;122.70981038092543;;135.1703197685064;;;;
2022-05-15 14:00:00;0.0;122.70981038092543;;134.3880999070175;;;;
2022-05-15 15:00:00;0.0;122.70981038092543;;131.3288236355418;;;;
2022-05-15 16:00:00;0.0;122.70981038092543;;126.2046309907571;;;;
2022-05-15 17:00:00;0.0;122.70981038092543;;119.3633938959366;;;;
2022-05-15 18:00:00;0.0;122.70981038092543;;111.2817306269579;;;;
2022-05-15 19:00:00;0.0;122.70981038092543;;102.5225606628843;;;;
2022-05-15 20:00:00;0.0;122.70981038092543;;93.70525432119165;;;;
2022-05-15 21:00:00;0.0;122.70981038092543;;85.45527957741916;;;;
2022-05-15 22:00:00;0.0;122.70981038092543;;78.3605886787555;;;;
2022-05-15 23:00:00;0.0;122.70981038092543;;71.86851135211904;;;;
2022-05-16 00:00:00;0.0;122.70981038092543;;67.4730649035561;;;;
2022-05-16 01:00:00;0.0;122.70981038092543;;65.40523346669465;;;;
2022-05-16 02:00:00;0.0;122.70981038092543;;66.80071924173302;;;;
2022-05-16 03:00:00;0.0;122.70981038092543;;70.47453415156264;;;;
2022-05-16 04:00:00;0.0;122.70981038092543;;76.20309557073818;;;;
2022-05-16 05:00:00;0.0;122.70981038092543;;83.61999245928249;;;;
2022-05-16 06:00:00;0.0;122.70981038092543;;92.2461394069414;;;;
2022-05-16 07:00:00;0.0;122.70981038092543;;101.5028402829198;;;;
2022-05-16 08:00:00;0.0;122.70981038092543;;110.7660376933214;;;;
2022-05-16 09:00:00;0.0;122.70981038092543;;119.3973035136546;;;;
2022-05-16 10:00:00;0.0;122.70981038092543;;126.8108024256655;;;;
2022-05-16 11:00:00;0.0;122.70981038092543;;132.4994666311053;;;;
2022-05-16 12:00:00;0.0;122.70981038092543;;136.0724582122229;;;;
2022-05-16 13:00:00;0.0;122.70981038092543;;137.2824062192216;;;;
2022-05-16 14:00:00;0.0;122.70981038092543;;136.0426655275427;;;;
2022-05-16 15:00:00;0.0;122.70981038092543;;132.4327778992587;;;;
2022-05-16 16:00:00;0.0;122.70981038092543;;126.7025015338771;;;;
2022-05-16 17:00:00;0.0;122.70981038092543;;119.2476909924626;;;;
2022-05-16 18:00:00;0.0;122.70981038092543;;110.5806876451206;;;;
2022-05-16 19:00:00;0.0;122.70981038092543;;101.2909362499358;;;;
2022-05-16 20:00:00;0.0;122.70981038092543;;92.0041425074651;;;;
2022-05-16 21:00:00;0.0;122.70981038092543;;83.34314292098524;;;;
2022-05-16 22:00:00;0.0;122.70981038092543;;75.88014500218154;;;;
2022-05-16 23:00:00;0.0;122.70981038092543;;69.23024626905502;;;;
2022-05-17 00:00:00;0.0;122.70981038092543;;64.64345758435434;;;;
2022-05-17 01:00:00;0.0;122.70981038092543;;62.30162890522165;;;;
2022-05-17 02:00:00;0.0;122.70981038092543;;63.09323324086721;;;;
2022-05-17 03:00:00;0.0;122.70981038092543;;65.99041761431675;;;;
2022-05-17 04:00:00;0.0;122.70981038092543;;70.73489130733333;;;;
2022-05-17 05:00:00;0.0;122.70981038092543;;76.94783098376845;;;;
2022-05-17 06:00:00;0.0;122.70981038092543;;84.14906530076028;;;;
2022-05-17 07:00:00;0.0;122.70981038092543;;91.79903817664156;;;;
2022-05-17 08:00:00;0.0;122.70981038092543;;99.3262241340428;;;;
2022-05-17 09:00:00;0.0;122.70981038092543;;106.180851356233;;;;
2022-05-17 10:00:00;0.0;122.70981038092543;;111.8643528900844;;;;
2022-05-17 11:00:00;0.0;122.70981038092543;;115.9647613906477;;;;
2022-05-17 12:00:00;0.0;122.70981038092543;;118.1880260441739;;;;
2022-05-17 13:00:00;0.0;122.70981038092543;;118.3669219973444;;;;
2022-05-17 14:00:00;0.0;122.70981038092543;;116.4851668236022;;;;
2022-05-17 15:00:00;0.0;122.70981038092543;;112.6507292034445;;;;
2022-05-17 16:00:00;0.0;122.70981038092543;;107.1216396832564;;;;
2022-05-17 17:00:00;0.0;122.70981038092543;;100.2518214107307;;;;
2022-05-17 18:00:00;0.0;122.70981038092543;;92.4928023133935;;;;
2022-05-17 19:00:00;0.0;122.70981038092543;;84.33573994511832;;;;
2022-05-17 20:00:00;0.0;122.70981038092543;;76.29927800636123;;;;
2022-05-17 21:00:00;0.0;122.70981038092543;;68.88449054990805;;;;
2022-05-17 22:00:00;0.0;122.70981038092543;;62.54770616535048;;;;
2022-05-17 23:00:00;0.0;122.70981038092543;;57.60285439427857;;;;
2022-05-18 00:00:00;0.0;122.70981038092543;;54.4020481744427;;;;
2022-05-18 01:00:00;0.0;122.70981038092543;;53.10133374283208;;;;
2022-05-18 02:00:00;0.0;122.70981038092543;;53.80176628237722;;;;
2022-05-18 03:00:00;0.0;122.70981038092543;;56.33913295481093;;;;
2022-05-18 04:00:00;0.0;122.70981038092543;;60.51282413608253;;;;
2022-05-18 05:00:00;0.0;122.70981038092543;;66.01268330878756;;;;
2022-05-18 06:00:00;0.0;122.70981038092543;;72.44804522363329;;;;
2022-05-18 07:00:00;0.0;122.70981038092543;;79.36885225128168;;;;
2022-05-18 08:00:00;0.0;122.70981038092543;;86.301422454022;;;;
2022-05-18 09:00:00;0.0;122.70981038092543;;92.77379575122936;;;;
2022-05-18 10:00:00;0.0;122.70981038092543;;98.34552489689662;;;;
2022-05-18 11:00:00;0.0;122.70981038092543;;102.642409307282;;;;
2022-05-18 12:00:00;0.0;122.70981038092543;;105.3770022534086;;;;
2022-05-18 13:00:00;0.0;122.70981038092543;;106.3675550165919;;;;
2022-05-18 14:00:00;0.0;122.70981038092543;;105.5468666273601;;;;
2022-05-18 15:00:00;0.0;122.70981038092543;;102.9684479991303;;;;
2022-05-18 16:00:00;0.0;122.70981038092543;;98.80197327771766;;;;
2022-05-18 17:00:00;0.0;122.70981038092543;;93.33015745372154;;;;
2022-05-18 18:00:00;0.0;122.70981038092543;;86.92226615829782;;;;
2022-05-18 19:00:00;0.0;122.70981038092543;;80.02416705849281;;;;
2022-05-18 20:00:00;0.0;122.70981038092543;;73.10743650889195;;;;
2022-05-18 21:00:00;0.0;122.70981038092543;;66.6576618371123;;;;
2022-05-18 22:00:00;0.0;122.70981038092543;;61.12469667644429;;;;
2022-05-18 23:00:00;0.0;122.70981038092543;;57.51333057006507;;;;
2022-05-19 00:00:00;0.0;122.70981038092543;;55.52583777518007;;;;
2022-05-19 01:00:00;0.0;122.70981038092543;;55.39626373034372;;;;
2022-05-19 02:00:00;0.0;122.70981038092543;;56.62608597636788;;;;
2022-05-19 03:00:00;0.0;122.70981038092543;;59.80388840823137;;;;
2022-05-19 04:00:00;0.0;122.70981038092543;;64.74779945921807;;;;
2022-05-19 05:00:00;0.0;122.70981038092543;;71.15815904196121;;;;
2022-05-19 06:00:00;0.0;122.70981038092543;;78.62709968081835;;;;
2022-05-19 07:00:00;0.0;122.70981038092543;;86.6741775180695;;;;
2022-05-19 08:00:00;0.0;122.70981038092543;;94.76862199094006;;;;
2022-05-19 09:00:00;0.0;122.70981038092543;;102.3763860000832;;;;
2022-05-19 10:00:00;0.0;122.70981038092543;;108.9887033739248;;;;
2022-05-19 11:00:00;0.0;122.70981038092543;;114.1627091628204;;;;
2022-05-19 12:00:00;0.0;122.70981038092543;;117.547467392026;;;;
2022-05-19 13:00:00;0.0;122.70981038092543;;118.9137775392156;;;;
2022-05-19 14:00:00;0.0;122.70981038092543;;118.1693734138773;;;;
2022-05-19 15:00:00;0.0;122.70981038092543;;115.3732947889965;;;;
2022-05-19 16:00:00;0.0;122.70981038092543;;110.7231061007569;;;;
2022-05-19 17:00:00;0.0;122.70981038092543;;104.5486509953556;;;;
2022-05-19 18:00:00;0.0;122.70981038092543;;97.27751626096426;;;;
2022-05-19 19:00:00;0.0;122.70981038092543;;89.41537163616883;;;;
2022-05-19 20:00:00;0.0;122.70981038092543;;81.50817546661757;;;;
2022-05-19 21:00:00;0.0;122.70981038092543;;74.11012144428507;;;;
2022-05-19 22:00:00;0.0;122.70981038092543;;67.73449501278077;;;;
2022-05-19 23:00:00;0.0;122.70981038092543;;63.63989458970151;;;;
2022-05-20 00:00:00;0.0;122.70981038092543;;61.33645288103618;;;;
2022-05-20 01:00:00;0.0;122.70981038092543;;61.06905691663883;;;;
2022-05-20 02:00:00;0.0;122.70981038092543;;62.12226932911774;;;;
2022-05-20 03:00:00;0.0;122.70981038092543;;65.2749312992236;;;;
2022-05-20 04:00:00;0.0;122.70981038092543;;70.30088464224316;;;;
2022-05-20 05:00:00;0.0;122.70981038092543;;76.84712182897495;;;;
2022-05-20 06:00:00;0.0;122.70981038092543;;84.45073431653867;;;;
2022-05-20 07:00:00;0.0;122.70981038092543;;92.5815910098797;;;;
2022-05-20 08:00:00;0.0;122.70981038092543;;100.6812139333876;;;;
2022-05-20 09:00:00;0.0;122.70981038092543;;108.1875672541894;;;;
2022-05-20 10:00:00;0.0;122.70981038092543;;114.5852133443956;;;;
2022-05-20 11:00:00;0.0;122.70981038092543;;119.426353165443;;;;
2022-05-20 12:00:00;0.0;122.70981038092543;;122.3838319822493;;;;
2022-05-20 13:00:00;0.0;122.70981038092543;;123.2498715333535;;;;
2022-05-20 14:00:00;0.0;122.70981038092543;;121.9723611337492;;;;
2022-05-20 15:00:00;0.0;122.70981038092543;;118.6361599412558;;;;
2022-05-20 16:00:00;0.0;122.70981038092543;;113.4731938391253;;;;
2022-05-20 17:00:00;0.0;122.70981038092543;;106.8330813689213;;;;
2022-05-20 18:00:00;0.0;122.70981038092543;;99.15879156011772;;;;
2022-05-20 19:00:00;0.0;122.70981038092543;;90.96718428509324;;;;
2022-05-20 20:00:00;0.0;122.70981038092543;;82.8024865949777;;;;
2022-05-20 21:00:00;0.0;122.70981038092543;;75.22094759409843;;;;
2022-05-20 22:00:00;0.0;122.70981038092543;;68.73003891995737;;;;
2022-05-20 23:00:00;0.0;122.70981038092543;;64.07808739485023;;;;
2022-05-21 00:00:00;0.0;122.70981038092543;;61.2888525229044;;;;
2022-05-21 01:00:00;0.0;122.70981038092543;;60.59284485677463;;;;
2022-05-21 02:00:00;0.0;122.70981038092543;;61.76921581755273;;;;
2022-05-21 03:00:00;0.0;122.70981038092543;;65.07904225847017;;;;
2022-05-21 04:00:00;0.0;122.70981038092543;;70.31884422212627;;;;
2022-05-21 05:00:00;0.0;122.70981038092543;;77.15808063411538;;;;
2022-05-21 06:00:00;0.0;122.70981038092543;;85.15719990961799;;;;
2022-05-21 07:00:00;0.0;122.70981038092543;;93.799226943758;;;;
2022-05-21 08:00:00;0.0;122.70981038092543;;102.5275719615043;;;;
2022-05-21 09:00:00;0.0;122.70981038092543;;110.7816301800578;;;;
2022-05-21 10:00:00;0.0;122.70981038092543;;118.0203909940677;;;;
2022-05-21 11:00:00;0.0;122.70981038092543;;123.7715013499937;;;;
2022-05-21 12:00:00;0.0;122.70981038092543;;127.6548858125707;;;;
2022-05-21 13:00:00;0.0;122.70981038092543;;129.4192687589352;;;;
2022-05-21 14:00:00;0.0;122.70981038092543;;128.9525918236186;;;;
2022-05-21 15:00:00;0.0;122.70981038092543;;126.2920542211413;;;;
2022-05-21 16:00:00;0.0;122.70981038092543;;121.6307446104507;;;;
2022-05-21 17:00:00;0.0;122.70981038092543;;115.2985136891758;;;;
2022-05-21 18:00:00;0.0;122.70981038092543;;107.7461383502254;;;;
2022-05-21 19:00:00;0.0;122.70981038092543;;99.50780089617938;;;;
2022-05-21 20:00:00;0.0;122.70981038092543;;91.1726008807908;;;;
2022-05-21 21:00:00;0.0;122.70981038092543;;83.34747258722933;;;;
2022-05-21 22:00:00;0.0;122.70981038092543;;76.61572978153238;;;;
2022-05-21 23:00:00;0.0;122.70981038092543;;70.99174051179337;;;;
2022-05-22 00:00:00;0.0;122.70981038092543;;67.39090894758799;;;;
2022-05-22 01:00:00;0.0;122.70981038092543;;66.07475572553629;;;;
2022-05-22 02:00:00;0.0;122.70981038092543;;67.6464247234151;;;;
2022-05-22 03:00:00;0.0;122.70981038092543;;71.53773903389165;;;;
2022-05-22 04:00:00;0.0;122.70981038092543;;77.54125367621967;;;;
2022-05-22 05:00:00;0.0;122.70981038092543;;85.300309356847;;;;
2022-05-22 06:00:00;0.0;122.70981038092543;;94.32407002745076;;;;
2022-05-22 07:00:00;0.0;122.70981038092543;;104.0297865204318;;;;
2022-05-22 08:00:00;0.0;122.70981038092543;;113.7808703575099;;;;
2022-05-22 09:00:00;0.0;122.70981038092543;;122.9305987710487;;;;
2022-05-22 10:00:00;0.0;122.70981038092543;;130.8630385694308;;;;
2022-05-22 11:00:00;0.0;122.70981038092543;;137.0434552759247;;;;
2022-05-22 12:00:00;0.0;122.70981038092543;;141.0573728941313;;;;
2022-05-22 13:00:00;0.0;122.70981038092543;;142.6294874528573;;;;
2022-05-22 14:00:00;0.0;122.70981038092543;;141.6520366258507;;;;
2022-05-22 15:00:00;0.0;122.70981038092543;;138.1966818618364;;;;
2022-05-22 16:00:00;0.0;122.70981038092543;;132.5043286185826;;;;
2022-05-22 17:00:00;0.0;122.70981038092543;;124.9734655475635;;;;
2022-05-22 18:00:00;0.0;122.70981038092543;;116.1250055010249;;;;
2022-05-22 19:00:00;0.0;122.70981038092543;;106.5815853515238;;;;
2022-05-22 20:00:00;0.0;122.70981038092543;;97.00291489000794;;;;
2022-05-22 21:00:00;0.0;122.70981038092543;;88.04873673043939;;;;
2022-05-22 22:00:00;0.0;122.70981038092543;;80.32816952889182;;;;
2022-05-22 23:00:00;0.0;122.70981038092543;;73.28104973072746;;;;
2022-05-23 00:00:00;0.0;122.70981038092543;;68.40239810064723;;;;
2022-05-23 01:00:00;0.0;122.70981038092543;;65.89233745940079;;;;
2022-05-23 02:00:00;0.0;122.70981038092543;;66.86217965840663;;;;
2022-05-23 03:00:00;0.0;122.70981038092543;;70.06918057163276;;;;
2022-05-23 04:00:00;0.0;122.70981038092543;;75.25246071241423;;;;
2022-05-23 05:00:00;0.0;122.70981038092543;;82.01406323038924;;;;
2022-05-23 06:00:00;0.0;122.70981038092543;;89.85142183803667;;;;
2022-05-23 07:00:00;0.0;122.70981038092543;;98.190864302228;;;;
2022-05-23 08:00:00;0.0;122.70981038092543;;106.4250345878461;;;;
2022-05-23 09:00:00;0.0;122.70981038092543;;113.9567639424723;;;;
2022-05-23 10:00:00;0.0;122.70981038092543;;120.2428890213831;;;;
2022-05-23 11:00:00;0.0;122.70981038092543;;124.8353693469657;;;;
2022-05-23 12:00:00;0.0;122.70981038092543;;127.4079712474092;;;;
2022-05-23 13:00:00;0.0;122.70981038092543;;127.7765417885963;;;;
2022-05-23 14:00:00;0.0;122.70981038092543;;125.90421084416;;;;
2022-05-23 15:00:00;0.0;122.70981038092543;;121.9125260780092;;;;
2022-05-23 16:00:00;0.0;122.70981038092543;;116.0642969122818;;;;
2022-05-23 17:00:00;0.0;122.70981038092543;;108.7468224055368;;;;
2022-05-23 18:00:00;0.0;122.70981038092543;;100.4351835995006;;;;
2022-05-23 19:00:00;0.0;122.70981038092543;;91.66690849998812;;;;
2022-05-23 20:00:00;0.0;122.70981038092543;;83.00465860416834;;;;
2022-05-23 21:00:00;0.0;122.70981038092543;;75.00180272886688;;;;
2022-05-23 22:00:00;0.0;122.70981038092543;;68.15322105316362;;;;
2022-05-23 23:00:00;0.0;122.70981038092543;;62.1019053126924;;;;
2022-05-24 00:00:00;0.0;122.70981038092543;;57.94446854398028;;;;
2022-05-24 01:00:00;0.0;122.70981038092543;;55.8393629804002;;;;
2022-05-24 02:00:00;0.0;122.70981038092543;;56.5769619004071;;;;
2022-05-24 03:00:00;0.0;122.70981038092543;;59.24602726350372;;;;
2022-05-24 04:00:00;0.0;122.70981038092543;;63.62591667768474;;;;
2022-05-24 05:00:00;0.0;122.70981038092543;;69.39270033273297;;;;
2022-05-24 06:00:00;0.0;122.70981038092543;;76.12864128441466;;;;
2022-05-24 07:00:00;0.0;122.70981038092543;;83.36308135187737;;;;
2022-05-24 08:00:00;0.0;122.70981038092543;;90.58939008540456;;;;
2022-05-24 09:00:00;0.0;122.70981038092543;;97.30937629261923;;;;
2022-05-24 10:00:00;0.0;122.70981038092543;;103.0613725264816;;;;
2022-05-24 11:00:00;0.0;122.70981038092543;;107.4563421536294;;;;
2022-05-24 12:00:00;0.0;122.70981038092543;;110.1968968821256;;;;
2022-05-24 13:00:00;0.0;122.70981038092543;;111.0929715881219;;;;
2022-05-24 14:00:00;0.0;122.70981038092543;;110.0859121562658;;;;
2022-05-24 15:00:00;0.0;122.70981038092543;;107.2349806671327;;;;
2022-05-24 16:00:00;0.0;122.70981038092543;;102.7339771764733;;;;
2022-05-24 17:00:00;0.0;122.70981038092543;;96.8790378573501;;;;
2022-05-24 18:00:00;0.0;122.70981038092543;;90.07092855470125;;;;
2022-05-24 19:00:00;0.0;122.70981038092543;;82.7712100754118;;;;
2022-05-24 20:00:00;0.0;122.70981038092543;;75.4717538026959;;;;
2022-05-24 21:00:00;0.0;122.70981038092543;;68.67303539287857;;;;
2022-05-24 22:00:00;0.0;122.70981038092543;;62.8389420971474;;;;
2022-05-24 23:00:00;0.0;122.70981038092543;;58.31331757228497;;;;
2022-05-25 00:00:00;0.0;122.70981038092543;;55.47796181570258;;;;
2022-05-25 01:00:00;0.0;122.70981038092543;;54.53138750507193;;;;
2022-05-25 02:00:00;0.0;122.70981038092543;;55.61202858337729;;;;
2022-05-25 03:00:00;0.0;122.70981038092543;;58.59184783510032;;;;
2022-05-25 04:00:00;0.0;122.70981038092543;;63.28237268629374;;;;
2022-05-25 05:00:00;0.0;122.70981038092543;;69.37556097360051;;;;
2022-05-25 06:00:00;0.0;122.70981038092543;;76.46660569902886;;;;
2022-05-25 07:00:00;0.0;122.70981038092543;;84.08053782519859;;;;
2022-05-25 08:00:00;0.0;122.70981038092543;;91.70112230549104;;;;
2022-05-25 09:00:00;0.0;122.70981038092543;;98.80794398282504;;;;
2022-05-25 10:00:00;0.0;122.70981038092543;;104.9144730393507;;;;
2022-05-25 11:00:00;0.0;122.70981038092543;;109.6055569057218;;;;
2022-05-25 12:00:00;0.0;122.70981038092543;;112.5583344421327;;;;
2022-05-25 13:00:00;0.0;122.70981038092543;;113.5757907955598;;;;
2022-05-25 14:00:00;0.0;122.70981038092543;;112.5780422979265;;;;
2022-05-25 15:00:00;0.0;122.70981038092543;;109.634240145954;;;;
2022-05-25 16:00:00;0.0;122.70981038092543;;104.9438455178167;;;;
2022-05-25 17:00:00;0.0;122.70981038092543;;98.83430023657182;;;;
2022-05-25 18:00:00;0.0;122.70981038092543;;91.7224230661245;;;;
2022-05-25 19:00:00;0.0;122.70981038092543;;84.08755196872883;;;;
2022-05-25 20:00:00;0.0;122.70981038092543;;76.44732123351697;;;;
2022-05-25 21:00:00;0.0;122.70981038092543;;69.31999455345868;;;;
2022-05-25 22:00:00;0.0;122.70981038092543;;63.18563285902797;;;;
2022-05-25 23:00:00;0.0;122.70981038092543;;59.07092524010595;;;;
2022-05-26 00:00:00;0.0;122.70981038092543;;56.64503777872634;;;;
2022-05-26 01:00:00;0.0;122.70981038092543;;56.1146236862777;;;;
2022-05-26 02:00:00;0.0;122.70981038092543;;56.93022490076633;;;;
2022-05-26 03:00:00;0.0;122.70981038092543;;59.66118764670996;;;;
2022-05-26 04:00:00;0.0;122.70981038092543;;64.08790950376579;;;;
2022-05-26 05:00:00;0.0;122.70981038092543;;69.87470681295619;;;;
2022-05-26 06:00:00;0.0;122.70981038092543;;76.5967986706543;;;;
2022-05-26 07:00:00;0.0;122.70981038092543;;83.76649859497259;;;;
2022-05-26 08:00:00;0.0;122.70981038092543;;90.8724533556499;;;;
2022-05-26 09:00:00;0.0;122.70981038092543;;97.41236139784404;;;;
2022-05-26 10:00:00;0.0;122.70981038092543;;102.9253779235394;;;;
2022-05-26 11:00:00;0.0;122.70981038092543;;107.0256828325163;;;;
2022-05-26 12:00:00;0.0;122.70981038092543;;109.4288683956776;;;;
2022-05-26 13:00:00;0.0;122.70981038092543;;109.9652125027868;;;;
2022-05-26 14:00:00;0.0;122.70981038092543;;108.5947320144344;;;;
2022-05-26 15:00:00;0.0;122.70981038092543;;105.403735618738;;;;
2022-05-26 16:00:00;0.0;122.70981038092543;;100.6084655126943;;;;
2022-05-26 17:00:00;0.0;122.70981038092543;;94.5283095764357;;;;
2022-05-26 18:00:00;0.0;122.70981038092543;;87.56911826057129;;;;
2022-05-26 19:00:00;0.0;122.70981038092543;;80.18484312505123;;;;
2022-05-26 20:00:00;0.0;122.70981038092543;;72.8620988296852;;;;
2022-05-26 21:00:00;0.0;122.70981038092543;;66.08137325296437;;;;
2022-05-26 22:00:00;0.0;122.70981038092543;;60.28830869685255;;;;
2022-05-26 23:00:00;0.0;122.70981038092543;;56.58437958049183;;;;
2022-05-27 00:00:00;0.0;122.70981038092543;;54.51846922780675;;;;
2022-05-27 01:00:00;0.0;122.70981038092543;;54.30020653969193;;;;
2022-05-27 02:00:00;0.0;122.70981038092543;;55.29479793813891;;;;
2022-05-27 03:00:00;0.0;122.70981038092543;;58.20358210039006;;;;
2022-05-27 04:00:00;0.0;122.70981038092543;;62.84046841805874;;;;
2022-05-27 05:00:00;0.0;122.70981038092543;;68.90949056166312;;;;
2022-05-27 06:00:00;0.0;122.70981038092543;;76.01964841243947;;;;
2022-05-27 07:00:00;0.0;122.70981038092543;;83.71090754210383;;;;
2022-05-27 08:00:00;0.0;122.70981038092543;;91.4883574133687;;;;
2022-05-27 09:00:00;0.0;122.70981038092543;;98.85030628832864;;;;
2022-05-27 10:00:00;0.0;122.70981038092543;;105.3189058813658;;;;
2022-05-27 11:00:00;0.0;122.70981038092543;;110.4716808350639;;;;
2022-05-27 12:00:00;0.0;122.70981038092543;;113.9736484872981;;;;
2022-05-27 13:00:00;0.0;122.70981038092543;;115.6016250302107;;;;
2022-05-27 14:00:00;0.0;122.70981038092543;;115.2540493030433;;;;
2022-05-27 15:00:00;0.0;122.70981038092543;;112.96041218432;;;;
2022-05-27 16:00:00;0.0;122.70981038092543;;108.8805944537016;;;;
2022-05-27 17:00:00;0.0;122.70981038092543;;103.307749467911;;;;
2022-05-27 18:00:00;0.0;122.70981038092543;;96.63254223235526;;;;
2022-05-27 19:00:00;0.0;122.70981038092543;;89.33885558315434;;;;
2022-05-27 20:00:00;0.0;122.70981038092543;;81.94504644661696;;;;
2022-05-27 21:00:00;0.0;122.70981038092543;;75.00428298305289;;;;
2022-05-27 22:00:00;0.0;122.70981038092543;;69.03775413069245;;;;
2022-05-27 23:00:00;0.0;122.70981038092543;;64.83561312329763;;;;
2022-05-28 00:00:00;0.0;122.70981038092543;;62.44607470193534;;;;
2022-05-28 01:00:00;0.0;122.70981038092543;;62.13760578378002;;;;
2022-05-28 02:00:00;0.0;122.70981038092543;;63.72265064845885;;;;
2022-05-28 03:00:00;0.0;122.70981038092543;;67.50419607343305;;;;
2022-05-28 04:00:00;0.0;122.70981038092543;;73.29498041495249;;;;
2022-05-28 05:00:00;0.0;122.70981038092543;;80.76567645484052;;;;
2022-05-28 06:00:00;0.0;122.70981038092543;;89.46708313404875;;;;
2022-05-28 07:00:00;0.0;122.70981038092543;;98.85547572678212;;;;
2022-05-28 08:00:00;0.0;122.70981038092543;;108.3270337057615;;;;
2022-05-28 09:00:00;0.0;122.70981038092543;;117.2609820736229;;;;
2022-05-28 10:00:00;0.0;122.70981038092543;;125.0654811334691;;;;
2022-05-28 11:00:00;0.0;122.70981038092543;;131.229534800618;;;;
2022-05-28 12:00:00;0.0;122.70981038092543;;135.3400377250468;;;;
2022-05-28 13:00:00;0.0;122.70981038092543;;137.1241680569175;;;;
2022-05-28 14:00:00;0.0;122.70981038092543;;136.4588476738766;;;;
2022-05-28 15:00:00;0.0;122.70981038092543;;133.4009154444034;;;;
2022-05-28 16:00:00;0.0;122.70981038092543;;128.1677508776302;;;;
2022-05-28 17:00:00;0.0;122.70981038092543;;121.1363101658483;;;;
2022-05-28 18:00:00;0.0;122.70981038092543;;112.8026716186834;;;;
2022-05-28 19:00:00;0.0;122.70981038092543;;103.7598755545879;;;;
2022-05-28 20:00:00;0.0;122.70981038092543;;94.6438898710395;;;;
2022-05-28 21:00:00;0.0;122.70981038092543;;86.09670416580767;;;;
2022-05-28 22:00:00;0.0;122.70981038092543;;78.72565531056405;;;;
2022-05-28 23:00:00;0.0;122.70981038092543;;72.53949055150204;;;;
2022-05-29 00:00:00;0.0;122.70981038092543;;68.4541706940862;;;;
2022-05-29 01:00:00;0.0;122.70981038092543;;66.69497221813944;;;;
2022-05-29 02:00:00;0.0;122.70981038092543;;67.83446090450212;;;;
2022-05-29 03:00:00;0.0;122.70981038092543;;71.25316284530325;;;;
2022-05-29 04:00:00;0.0;122.70981038092543;;76.70252920989805;;;;
2022-05-29 05:00:00;0.0;122.70981038092543;;83.79019823604327;;;;
2022-05-29 06:00:00;0.0;122.70981038092543;;92.01122876576278;;;;
2022-05-29 07:00:00;0.0;122.70981038092543;;100.7823803800872;;;;
2022-05-29 08:00:00;0.0;122.70981038092543;;109.4861918517415;;;;
2022-05-29 09:00:00;0.0;122.70981038092543;;117.5055575284395;;;;
2022-05-29 10:00:00;0.0;122.70981038092543;;124.2855083709041;;;;
2022-05-29 11:00:00;0.0;122.70981038092543;;129.3479533125968;;;;
2022-05-29 12:00:00;0.0;122.70981038092543;;132.3421153044603;;;;
2022-05-29 13:00:00;0.0;122.70981038092543;;133.0535657200515;;;;
2022-05-29 14:00:00;0.0;122.70981038092543;;131.4322116054333;;;;
2022-05-29 15:00:00;0.0;122.70981038092543;;127.5878421233183;;;;
2022-05-29 16:00:00;0.0;122.70981038092543;;121.7700264605357;;;;
2022-05-29 17:00:00;0.0;122.70981038092543;;114.3649246446534;;;;
2022-05-29 18:00:00;0.0;122.70981038092543;;105.8681512187921;;;;
2022-05-29 19:00:00;0.0;122.70981038092543;;96.84837512650506;;;;
2022-05-29 20:00:00;0.0;122.70981038092543;;87.90075180525061;;;;
2022-05-29 21:00:00;0.0;122.70981038092543;;79.60426347903964;;;;
2022-05-29 22:00:00;0.0;122.70981038092543;;72.49545825537083;;;;
2022-05-29 23:00:00;0.0;122.70981038092543;;66.06043304024381;;;;
2022-05-30 00:00:00;0.0;122.70981038092543;;61.62978014824245;;;;
2022-05-30 01:00:00;0.0;122.70981038092543;;59.37516022448002;;;;
2022-05-30 02:00:00;0.0;122.70981038092543;;60.28920058328229;;;;
2022-05-30 03:00:00;0.0;122.70981038092543;;63.26401582780325;;;;
2022-05-30 04:00:00;0.0;122.70981038092543;;68.07417408193699;;;;
2022-05-30 05:00:00;0.0;122.70981038092543;;74.38178059004616;;;;
2022-05-30 06:00:00;0.0;122.70981038092543;;81.74150516378013;;;;
2022-05-30 07:00:00;0.0;122.70981038092543;;89.65414258811273;;;;
2022-05-30 08:00:00;0.0;122.70981038092543;;97.57583222715952;;;;
2022-05-30 09:00:00;0.0;122.70981038092543;;104.9705944063494;;;;
2022-05-30 10:00:00;0.0;122.70981038092543;;111.3307718359772;;;;
2022-05-30 11:00:00;0.0;122.70981038092543;;116.2284396872033;;;;
2022-05-30 12:00:00;0.0;122.70981038092543;;119.3324500366275;;;;
2022-05-30 13:00:00;0.0;122.70981038092543;;120.43548622772;;;;
2022-05-30 14:00:00;0.0;122.70981038092543;;119.4610125593362;;;;
2022-05-30 15:00:00;0.0;122.70981038092543;;116.4712761464356;;;;
2022-05-30 16:00:00;0.0;122.70981038092543;;111.6697606771972;;;;
2022-05-30 17:00:00;0.0;122.70981038092543;;105.3789590908;;;;
2022-05-30 18:00:00;0.0;122.70981038092543;;98.0329523900282;;;;
2022-05-30 19:00:00;0.0;122.70981038092543;;90.12553681997971;;;;
2022-05-30 20:00:00;0.0;122.70981038092543;;82.203404445358;;;;
2022-05-30 21:00:00;0.0;122.70981038092543;;74.8113484619121;;;;
2022-05-30 22:00:00;0.0;122.70981038092543;;68.46560777547657;;;;
2022-05-30 23:00:00;0.0;122.70981038092543;;62.82343107037568;;;;
2022-05-31 00:00:00;0.0;122.70981038092543;;59.0275506560498;;;;
2022-05-31 01:00:00;0.0;122.70981038092543;;57.26935392305161;;;;
2022-05-31 02:00:00;0.0;122.70981038092543;;58.38694668857413;;;;
2022-05-31 03:00:00;0.0;122.70981038092543;;61.48727753660864;;;;
2022-05-31 04:00:00;0.0;122.70981038092543;;66.37467668726335;;;;
2022-05-31 05:00:00;0.0;122.70981038092543;;72.72284250718131;;;;
2022-05-31 06:00:00;0.0;122.70981038092543;;80.10641343933167;;;;
2022-05-31 07:00:00;0.0;122.70981038092543;;88.02020606825305;;;;
2022-05-31 08:00:00;0.0;122.70981038092543;;95.920047833431;;;;
2022-05-31 09:00:00;0.0;122.70981038092543;;103.2666785972466;;;;
2022-05-31 10:00:00;0.0;122.70981038092543;;109.5524567651388;;;;
2022-05-31 11:00:00;0.0;122.70981038092543;;114.3466852215582;;;;
2022-05-31 12:00:00;0.0;122.70981038092543;;117.3116288388476;;;;
2022-05-31 13:00:00;0.0;122.70981038092543;;118.2426677643216;;;;
2022-05-31 14:00:00;0.0;122.70981038092543;;117.0660989355632;;;;
2022-05-31 15:00:00;0.0;122.70981038092543;;113.8634375631989;;;;
2022-05-31 16:00:00;0.0;122.70981038092543;;108.849981814174;;;;
2022-05-31 17:00:00;0.0;122.70981038092543;;102.3669664345856;;;;
2022-05-31 18:00:00;0.0;122.70981038092543;;94.85394303728742;;;;
2022-05-31 19:00:00;0.0;122.70981038092543;;86.81672648471132;;;;
2022-05-31 20:00:00;0.0;122.70981038092543;;78.80286644460386;;;;
2022-05-31 21:00:00;0.0;122.70981038092543;;71.340795539916;;;;
2022-05-31 22:00:00;0.0;122.70981038092543;;64.92016063595582;;;;
2022-05-31 23:00:00;0.0;122.70981038092543;;59.89015395548242;;;;
2022-06-01 00:00:00;0.0;122.70981038092543;;56.61538377796871;;;;
2022-06-01 01:00:00;0.0;122.70981038092543;;55.27517608833561;;;;
2022-06-01 02:00:00;0.0;122.70981038092543;;55.96585983091168;;;;
2022-06-01 03:00:00;0.0;122.70981038092543;;58.528877485017;;;;
2022-06-01 04:00:00;0.0;122.70981038092543;;62.73662423215691;;;;
2022-06-01 05:00:00;0.0;122.70981038092543;;68.25162461608443;;;;
2022-06-01 06:00:00;0.0;122.70981038092543;;74.65052609278698;;;;
2022-06-01 07:00:00;0.0;122.70981038092543;;81.45164644812974;;;;
2022-06-01 08:00:00;0.0;122.70981038092543;;88.15512945819435;;;;
2022-06-01 09:00:00;0.0;122.70981038092543;;94.27141625788872;;;;
2022-06-01 10:00:00;0.0;122.70981038092543;;99.35746836473692;;;;
2022-06-01 11:00:00;0.0;122.70981038092543;;103.0480008947937;;;;
2022-06-01 12:00:00;0.0;122.70981038092543;;105.0834144638288;;;;
2022-06-01 13:00:00;0.0;122.70981038092543;;105.3197858484246;;;;
2022-06-01 14:00:00;0.0;122.70981038092543;;103.7342257225763;;;;
2022-06-01 15:00:00;0.0;122.70981038092543;;100.4236382774818;;;;
2022-06-01 16:00:00;0.0;122.70981038092543;;95.59777733307467;;;;
2022-06-01 17:00:00;0.0;122.70981038092543;;89.57481933840432;;;;
2022-06-01 18:00:00;0.0;122.70981038092543;;82.74588745396571;;;;
2022-06-01 19:00:00;0.0;122.70981038092543;;75.55396177083058;;;;
2022-06-01 20:00:00;0.0;122.70981038092543;;68.45767390632177;;;;
2022-06-01 21:00:00;0.0;122.70981038092543;;61.90672789018054;;;;
2022-06-01 22:00:00;0.0;122.70981038092543;;56.31463896386099;;;;
2022-06-01 23:00:00;0.0;122.70981038092543;;52.57956586225572;;;;
2022-06-02 00:00:00;0.0;122.70981038092543;;50.3919162776835;;;;
2022-06-02 01:00:00;0.0;122.70981038092543;;50.0;;;;
2022-06-02 02:00:00;0.0;122.70981038092543;;50.69176503649679;;;;
2022-06-02 03:00:00;0.0;122.70981038092543;;53.20557059305334;;;;
2022-06-02 04:00:00;0.0;122.70981038092543;;57.28407943081761;;;;
2022-06-02 05:00:00;0.0;122.70981038092543;;62.643573966384;;;;
2022-06-02 06:00:00;0.0;122.70981038092543;;68.92273380485544;;;;
2022-06-02 07:00:00;0.0;122.70981038092543;;75.70237298679345;;;;
2022-06-02 08:00:00;0.0;122.70981038092543;;82.53127660203853;;;;
2022-06-02 09:00:00;0.0;122.70981038092543;;88.95764932987977;;;;
2022-06-02 10:00:00;0.0;122.70981038092543;;94.55734078117771;;;;
2022-06-02 11:00:00;0.0;122.70981038092543;;98.96396631979194;;;;
2022-06-02 12:00:00;0.0;122.70981038092543;;101.8887658276121;;;;
2022-06-02 13:00:00;0.0;122.70981038092543;;103.141280238576;;;;
2022-06-02 14:00:00;0.0;122.70981038092543;;102.6381477608025;;;;
2022-06-02 15:00:00;0.0;122.70981038092543;;100.416661518911;;;;
2022-06-02 16:00:00;0.0;122.70981038092543;;96.63262634277076;;;;
2022-06-02 17:00:00;0.0;122.70981038092543;;91.54914296591494;;;;
2022-06-02 18:00:00;0.0;122.70981038092543;;85.52133596790884;;;;
2022-06-02 19:00:00;0.0;122.70981038092543;;78.96668412563079;;;;
2022-06-02 20:00:00;0.0;122.70981038092543;;72.35214398060846;;;;
2022-06-02 21:00:00;0.0;122.70981038092543;;66.15258811780215;;;;
2022-06-02 22:00:00;0.0;122.70981038092543;;60.82989770074931;;;;
2022-06-02 23:00:00;0.0;122.70981038092543;;57.53880614651377;;;;
2022-06-03 00:00:00;0.0;122.70981038092543;;55.85087523786973;;;;
2022-06-03 01:00:00;0.0;122.70981038092543;;56.01517821872906;;;;
2022-06-03 02:00:00;0.0;122.70981038092543;;57.41153850758078;;;;
2022-06-03 03:00:00;0.0;122.70981038092543;;60.787895401262;;;;
2022-06-03 04:00:00;0.0;122.70981038092543;;65.97679419515075;;;;
2022-06-03 05:00:00;0.0;122.70981038092543;;72.68202610955132;;;;
2022-06-03 06:00:00;0.0;122.70981038092543;;80.49905050672191;;;;
2022-06-03 07:00:00;0.0;122.70981038092543;;88.93989597942283;;;;
2022-06-03 08:00:00;0.0;122.70981038092543;;97.46092817273572;;;;
2022-06-03 09:00:00;0.0;122.70981038092543;;105.5054558903254;;;;
2022-06-03 10:00:00;0.0;122.70981038092543;;112.5463468425297;;;;
2022-06-03 11:00:00;0.0;122.70981038092543;;118.1151883313563;;;;
2022-06-03 12:00:00;0.0;122.70981038092543;;121.850552974476;;;;
2022-06-03 13:00:00;0.0;122.70981038092543;;123.4961445740037;;;;
2022-06-03 14:00:00;0.0;122.70981038092543;;122.9524805371805;;;;
2022-06-03 15:00:00;0.0;122.70981038092543;;120.2535858204743;;;;
2022-06-03 16:00:00;0.0;122.70981038092543;;115.6015202490899;;;;
2022-06-03 17:00:00;0.0;122.70981038092543;;109.3273519619752;;;;
2022-06-03 18:00:00;0.0;122.70981038092543;;101.8809553916011;;;;
2022-06-03 19:00:00;0.0;122.70981038092543;;93.78312265283856;;;;
2022-06-03 20:00:00;0.0;122.70981038092543;;85.61034750431529;;;;
2022-06-03 21:00:00;0.0;122.70981038092543;;77.94433421271077;;;;
2022-06-03 22:00:00;0.0;122.70981038092543;;71.33596651037874;;;;
2022-06-03 23:00:00;0.0;122.70981038092543;;66.58557154154546;;;;
2022-06-04 00:00:00;0.0;122.70981038092543;;63.71902730126797;;;;
2022-06-04 01:00:00;0.0;122.70981038092543;;62.97761297652164;;;;
2022-06-04 02:00:00;0.0;122.70981038092543;;64.12708337425616;;;;
2022-06-04 03:00:00;0.0;122.70981038092543;;67.44062649754909;;;;
2022-06-04 04:00:00;0.0;122.70981038092543;;72.6977949133668;;;;
2022-06-04 05:00:00;0.0;122.70981038092543;;79.52591029591976;;;;
2022-06-04 06:00:00;0.0;122.70981038092543;;87.4573059877768;;;;
2022-06-04 07:00:00;0.0;122.70981038092543;;95.93699941558468;;;;
2022-06-04 08:00:00;0.0;122.70981038092543;;104.3892653209317;;;;
2022-06-04 09:00:00;0.0;122.70981038092543;;112.2274151955058;;;;
2022-06-04 10:00:00;0.0;122.70981038092543;;118.916288601461;;;;
2022-06-04 11:00:00;0.0;122.70981038092543;;123.9785026670405;;;;
2022-06-04 12:00:00;0.0;122.70981038092543;;127.0689041205314;;;;
2022-06-04 13:00:00;0.0;122.70981038092543;;127.9757317174564;;;;
2022-06-04 14:00:00;0.0;122.70981038092543;;126.647802990552;;;;
2022-06-04 15:00:00;0.0;122.70981038092543;;123.1721512040117;;;;
2022-06-04 16:00:00;0.0;122.70981038092543;;117.7846656258988;;;;
2022-06-04 17:00:00;0.0;122.70981038092543;;110.8496042517147;;;;
2022-06-04 18:00:00;0.0;122.70981038092543;;102.8332779456703;;;;
2022-06-04 19:00:00;0.0;122.70981038092543;;94.27511770142686;;;;
2022-06-04 20:00:00;0.0;122.70981038092543;;85.75267817008424;;;;
2022-06-04 21:00:00;0.0;122.70981038092543;;77.83557665127236;;;;
2022-06-04 22:00:00;0.0;122.70981038092543;;71.05331336385873;;;;
2022-06-04 23:00:00;0.0;122.70981038092543;;65.40664314875632;;;;
2022-06-05 00:00:00;0.0;122.70981038092543;;61.70200593560944;;;;
2022-06-05 01:00:00;0.0;122.70981038092543;;60.13621102894482;;;;
2022-06-05 02:00:00;0.0;122.70981038092543;;61.21801431677422;;;;
2022-06-05 03:00:00;0.0;122.70981038092543;;64.40291888945767;;;;
2022-06-05 04:00:00;0.0;122.70981038092543;;69.4790935995239;;;;
2022-06-05 05:00:00;0.0;122.70981038092543;;76.11410760733678;;;;
2022-06-05 06:00:00;0.0;122.70981038092543;;83.86787411273441;;;;
2022-06-05 07:00:00;0.0;122.70981038092543;;92.22322754268282;;;;
2022-06-05 08:00:00;0.0;122.70981038092543;;100.6232875142934;;;;
2022-06-05 09:00:00;0.0;122.70981038092543;;108.5132179135771;;;;
2022-06-05 10:00:00;0.0;122.70981038092543;;115.3701056503339;;;;
2022-06-05 11:00:00;0.0;122.70981038092543;;120.7390356919282;;;;
2022-06-05 12:00:00;0.0;122.70981038092543;;124.2629699893765;;;;
2022-06-05 13:00:00;0.0;122.70981038092543;;125.711816644184;;;;
2022-06-05 14:00:00;0.0;122.70981038092543;;124.9862011237094;;;;
2022-06-05 15:00:00;0.0;122.70981038092543;;122.1396664995438;;;;
2022-06-05 16:00:00;0.0;122.70981038092543;;117.3725038123081;;;;
2022-06-05 17:00:00;0.0;122.70981038092543;;111.012804036404;;;;
2022-06-05 18:00:00;0.0;122.70981038092543;;103.5017871732053;;;;
2022-06-05 19:00:00;0.0;122.70981038092543;;95.35959580457978;;;;
2022-06-05 20:00:00;0.0;122.70981038092543;;87.16181930737208;;;;
2022-06-05 21:00:00;0.0;122.70981038092543;;79.49067312201427;;;;
2022-06-05 22:00:00;0.0;122.70981038092543;;72.89627652700027;;;;
2022-06-05 23:00:00;0.0;122.70981038092543;;66.87677558431244;;;;
2022-06-06 00:00:00;0.0;122.70981038092543;;62.8040056635521;;;;
2022-06-06 01:00:00;0.0;122.70981038092543;;60.89184089452825;;;;
2022-06-06 02:00:00;0.0;122.70981038092543;;62.18698766359255;;;;
2022-06-06 03:00:00;0.0;122.70981038092543;;65.60350698940486;;;;
2022-06-06 04:00:00;0.0;122.70981038092543;;70.93638133630131;;;;
2022-06-06 05:00:00;0.0;122.70981038092543;;77.8459624049752;;;;
2022-06-06 06:00:00;0.0;122.70981038092543;;85.8766891990974;;;;
2022-06-06 07:00:00;0.0;122.70981038092543;;94.49462908321902;;;;
2022-06-06 08:00:00;0.0;122.70981038092543;;103.1171606884573;;;;
2022-06-06 09:00:00;0.0;122.70981038092543;;111.1586183066637;;;;
2022-06-06 10:00:00;0.0;122.70981038092543;;118.0684910114792;;;;
2022-06-06 11:00:00;0.0;122.70981038092543;;123.3751809248708;;;;
2022-06-06 12:00:00;0.0;122.70981038092543;;126.7103599964117;;;;
2022-06-06 13:00:00;0.0;122.70981038092543;;127.8395175027641;;;;
2022-06-06 14:00:00;0.0;122.70981038092543;;126.6860656778538;;;;
2022-06-06 15:00:00;0.0;122.70981038092543;;123.3230525957162;;;;
2022-06-06 16:00:00;0.0;122.70981038092543;;117.9879108951841;;;;
2022-06-06 17:00:00;0.0;122.70981038092543;;111.0431283433522;;;;
2022-06-06 18:00:00;0.0;122.70981038092543;;102.9697358304246;;;;
2022-06-06 19:00:00;0.0;122.70981038092543;;94.31510844633956;;;;
2022-06-06 20:00:00;0.0;122.70981038092543;;85.66548290645449;;;;
2022-06-06 21:00:00;0.0;122.70981038092543;;77.60012886694993;;;;
2022-06-06 22:00:00;0.0;122.70981038092543;;70.65136790584648;;;;
2022-06-06 23:00:00;0.0;122.70981038092543;;64.47364734033425;;;;
2022-06-07 00:00:00;0.0;122.70981038092543;;60.21811277419892;;;;
2022-06-07 01:00:00;0.0;122.70981038092543;;58.05210542968005;;;;
2022-06-07 02:00:00;0.0;122.70981038092543;;58.78832167952352;;;;
2022-06-07 03:00:00;0.0;122.70981038092543;;61.4850268142654;;;;
2022-06-07 04:00:00;0.0;122.70981038092543;;65.90358302837691;;;;
2022-06-07 05:00:00;0.0;122.70981038092543;;71.69026531005176;;;;
2022-06-07 06:00:00;0.0;122.70981038092543;;78.39986838171772;;;;
2022-06-07 07:00:00;0.0;122.70981038092543;;85.5264248558253;;;;
2022-06-07 08:00:00;0.0;122.70981038092543;;92.53979507407269;;;;
2022-06-07 09:00:00;0.0;122.70981038092543;;98.92160863151554;;;;
2022-06-07 10:00:00;0.0;122.70981038092543;;104.2115879200485;;;;
2022-06-07 11:00:00;0.0;122.70981038092543;;108.0287524465284;;;;
2022-06-07 12:00:00;0.0;122.70981038092543;;110.0974553773746;;;;
2022-06-07 13:00:00;0.0;122.70981038092543;;110.2609132637246;;;;
2022-06-07 14:00:00;0.0;122.70981038092543;;108.4992039265621;;;;
2022-06-07 15:00:00;0.0;122.70981038092543;;104.9251926478782;;;;
2022-06-07 16:00:00;0.0;122.70981038092543;;99.77259364418076;;;;
2022-06-07 17:00:00;0.0;122.70981038092543;;93.37670761582774;;;;
2022-06-07 18:00:00;0.0;122.70981038092543;;86.14392359300146;;;;
2022-06-07 19:00:00;0.0;122.70981038092543;;78.53915838316772;;;;
2022-06-07 20:00:00;0.0;122.70981038092543;;71.04420472187915;;;;
2022-06-07 21:00:00;0.0;122.70981038092543;;64.13489836605383;;;;
2022-06-07 22:00:00;0.0;122.70981038092543;;58.23251661920936;;;;
2022-06-07 23:00:00;0.0;122.70981038092543;;53.6418299560683;;;;
2022-06-08 00:00:00;0.0;122.70981038092543;;50.66974756404309;;;;
2022-06-08 01:00:00;0.0;122.70981038092543;;50.0;;;;
2022-06-08 02:00:00;0.0;122.70981038092543;;50.11278941279582;;;;
2022-06-08 03:00:00;0.0;122.70981038092543;;52.47506008860422;;;;
2022-06-08 04:00:00;0.0;122.70981038092543;;56.36003303787393;;;;
2022-06-08 05:00:00;0.0;122.70981038092543;;61.4788291710073;;;;
2022-06-08 06:00:00;0.0;122.70981038092543;;67.46780427623699;;;;
2022-06-08 07:00:00;0.0;122.70981038092543;;73.91120708101342;;;;
2022-06-08 08:00:00;0.0;122.70981038092543;;80.36568311766462;;;;
2022-06-08 09:00:00;0.0;122.70981038092543;;86.38975129492768;;;;
2022-06-08 10:00:00;0.0;122.70981038092543;;91.57795316573146;;;;
2022-06-08 11:00:00;0.0;122.70981038092543;;95.58566406775893;;;;
2022-06-08 12:00:00;0.0;122.70981038092543;;98.13747176381686;;;;
2022-06-08 13:00:00;0.0;122.70981038092543;;99.0638353082287;;;;
2022-06-08 14:00:00;0.0;122.70981038092543;;98.29733247843666;;;;
2022-06-08 15:00:00;0.0;122.70981038092543;;95.89601832791264;;;;
2022-06-08 16:00:00;0.0;122.70981038092543;;92.01542860788176;;;;
2022-06-08 17:00:00;0.0;122.70981038092543;;86.92068107912239;;;;
2022-06-08 18:00:00;0.0;122.70981038092543;;80.95748726536434;;;;
2022-06-08 19:00:00;0.0;122.70981038092543;;74.53474738692121;;;;
2022-06-08 20:00:00;0.0;122.70981038092543;;68.0938689861589;;;;
2022-06-08 21:00:00;0.0;122.70981038092543;;62.08412038987914;;;;
2022-06-08 22:00:00;0.0;122.70981038092543;;56.92926794844152;;;;
2022-06-08 23:00:00;0.0;122.70981038092543;;53.58051154848383;;;;
2022-06-09 00:00:00;0.0;122.70981038092543;;51.7451193957081;;;;
2022-06-09 01:00:00;0.0;122.70981038092543;;51.64157007182944;;;;
2022-06-09 02:00:00;0.0;122.70981038092543;;52.79161073295549;;;;
2022-06-09 03:00:00;0.0;122.70981038092543;;55.75645634824841;;;;
2022-06-09 04:00:00;0.0;122.70981038092543;;60.36639206669548;;;;
2022-06-09 05:00:00;0.0;122.70981038092543;;66.34341689494283;;;;
2022-06-09 06:00:00;0.0;122.70981038092543;;73.30904515557815;;;;
2022-06-09 07:00:00;0.0;122.70981038092543;;80.81279290910872;;;;
2022-06-09 08:00:00;0.0;122.70981038092543;;88.36313803022765;;;;
2022-06-09 09:00:00;0.0;122.70981038092543;;95.45979706451936;;;;
2022-06-09 10:00:00;0.0;122.70981038092543;;101.6268388805097;;;;
2022-06-09 11:00:00;0.0;122.70981038092543;;106.4468827890488;;;;
2022-06-09 12:00:00;0.0;122.70981038092543;;109.5951947977045;;;;
2022-06-09 13:00:00;0.0;122.70981038092543;;110.8648583942018;;;;
2022-06-09 14:00:00;0.0;122.70981038092543;;110.1695877463766;;;;
2022-06-09 15:00:00;0.0;122.70981038092543;;107.565737855498;;;;
2022-06-09 16:00:00;0.0;122.70981038092543;;103.2353718231327;;;;
2022-06-09 17:00:00;0.0;122.70981038092543;;97.48271776673508;;;;
2022-06-09 18:00:00;0.0;122.70981038092543;;90.70174302334792;;;;
2022-06-09 19:00:00;0.0;122.70981038092543;;83.36617471970376;;;;
2022-06-09 20:00:00;0.0;122.70981038092543;;75.9926624722631;;;;
2022-06-09 21:00:00;0.0;122.70981038092543;;69.09463446510557;;;;
2022-06-09 22:00:00;0.0;122.70981038092543;;63.15495411085696;;;;
2022-06-09 23:00:00;0.0;122.70981038092543;;59.35388576010799;;;;
2022-06-10 00:00:00;0.0;122.70981038092543;;57.22378163585323;;;;
2022-06-10 01:00:00;0.0;122.70981038092543;;56.98767595434847;;;;
2022-06-10 02:00:00;0.0;122.70981038092543;;57.96888190234391;;;;
2022-06-10 03:00:00;0.0;122.70981038092543;;60.90674830300079;;;;
2022-06-10 04:00:00;0.0;122.70981038092543;;65.59213879775268;;;;
2022-06-10 05:00:00;0.0;122.70981038092543;;71.6931978371893;;;;
2022-06-10 06:00:00;0.0;122.70981038092543;;78.78420939598999;;;;
2022-06-10 07:00:00;0.0;122.70981038092543;;86.37305472351542;;;;
2022-06-10 08:00:00;0.0;122.70981038092543;;93.92927390982403;;;;
2022-06-10 09:00:00;0.0;122.70981038092543;;100.9287952719103;;;;
2022-06-10 10:00:00;0.0;122.70981038092543;;106.8889444684747;;;;
2022-06-10 11:00:00;0.0;122.70981038092543;;111.4051850073992;;;;
2022-06-10 12:00:00;0.0;122.70981038092543;;114.1654650840851;;;;
2022-06-10 13:00:00;0.0;122.70981038092543;;114.9806588744858;;;;
2022-06-10 14:00:00;0.0;122.70981038092543;;113.7906966092149;;;;
2022-06-10 15:00:00;0.0;122.70981038092543;;110.6880849595831;;;;
2022-06-10 16:00:00;0.0;122.70981038092543;;105.8768606135402;;;;
2022-06-10 17:00:00;0.0;122.70981038092543;;99.6845628181102;;;;
2022-06-10 18:00:00;0.0;122.70981038092543;;92.52201640971052;;;;
2022-06-10 19:00:00;0.0;122.70981038092543;;84.8760212964182;;;;
2022-06-10 20:00:00;0.0;122.70981038092543;;77.25789739133901;;;;
2022-06-10 21:00:00;0.0;122.70981038092543;;70.18244265887398;;;;
2022-06-10 22:00:00;0.0;122.70981038092543;;64.12596024110162;;;;
2022-06-10 23:00:00;0.0;122.70981038092543;;59.80590992201319;;;;
2022-06-11 00:00:00;0.0;122.70981038092543;;57.22352454618567;;;;
2022-06-11 01:00:00;0.0;122.70981038092543;;56.59050976577085;;;;
2022-06-11 02:00:00;0.0;122.70981038092543;;57.68618993018904;;;;
2022-06-11 03:00:00;0.0;122.70981038092543;;60.77364523931043;;;;
2022-06-11 04:00:00;0.0;122.70981038092543;;65.66318396157693;;;;
2022-06-11 05:00:00;0.0;122.70981038092543;;72.04896307259372;;;;
2022-06-11 06:00:00;0.0;122.70981038092543;;79.52002520074981;;;;
2022-06-11 07:00:00;0.0;122.70981038092543;;87.59545019716253;;;;
2022-06-11 08:00:00;0.0;122.70981038092543;;95.75054718024498;;;;
2022-06-11 09:00:00;0.0;122.70981038092543;;103.4586160741918;;;;
2022-06-11 10:00:00;0.0;122.70981038092543;;110.2153633604346;;;;
2022-06-11 11:00:00;0.0;122.70981038092543;;115.5792638505612;;;;
2022-06-11 12:00:00;0.0;122.70981038092543;;119.2033837728169;;;;
2022-06-11 13:00:00;0.0;122.70981038092543;;120.8522191798002;;;;
2022-06-11 14:00:00;0.0;122.70981038092543;;120.4209159879998;;;;
2022-06-11 15:00:00;0.0;122.70981038092543;;117.9461437049643;;;;
2022-06-11 16:00:00;0.0;122.70981038092543;;113.6065881018767;;;;
2022-06-11 17:00:00;0.0;122.70981038092543;;107.7036703399576;;;;
2022-06-11 18:00:00;0.0;122.70981038092543;;100.6490477765533;;;;
2022-06-11 19:00:00;0.0;122.70981038092543;;92.94652650560874;;;;
2022-06-11 20:00:00;0.0;122.70981038092543;;85.15495810727057;;;;
2022-06-11 21:00:00;0.0;122.70981038092543;;77.84364167835356;;;;
2022-06-11 22:00:00;0.0;122.70981038092543;;71.55310693318862;;;;
2022-06-11 23:00:00;0.0;122.70981038092543;;66.31316565434237;;;;
2022-06-12 00:00:00;0.0;122.70981038092543;;62.96780150373619;;;;
2022-06-12 01:00:00;0.0;122.70981038092543;;61.75757017332141;;;;
2022-06-12 02:00:00;0.0;122.70981038092543;;63.23127839897816;;;;
2022-06-12 03:00:00;0.0;122.70981038092543;;66.87003591183473;;;;
2022-06-12 04:00:00;0.0;122.70981038092543;;72.48236280561157;;;;
2022-06-12 05:00:00;0.0;122.70981038092543;;79.73358822852484;;;;
2022-06-12 06:00:00;0.0;122.70981038092543;;88.1678063349058;;;;
2022-06-12 07:00:00;0.0;122.70981038092543;;97.24169821804932;;;;
2022-06-12 08:00:00;0.0;122.70981038092543;;106.3599584926228;;;;
2022-06-12 09:00:00;0.0;122.70981038092543;;114.9188047943804;;;;
2022-06-12 10:00:00;0.0;122.70981038092543;;122.3447351716425;;;;
2022-06-12 11:00:00;0.0;122.70981038092543;;128.1311313819092;;;;
2022-06-12 12:00:00;0.0;122.70981038092543;;131.8852366944782;;;;
2022-06-12 13:00:00;0.0;122.70981038092543;;133.3497064181997;;;;
2022-06-12 14:00:00;0.0;122.70981038092543;;132.4300864961678;;;;
2022-06-12 15:00:00;0.0;122.70981038092543;;129.1937174240978;;;;
2022-06-12 16:00:00;0.0;122.70981038092543;;123.8713094554701;;;;
2022-06-12 17:00:00;0.0;122.70981038092543;;116.8275238763338;;;;
2022-06-12 18:00:00;0.0;122.70981038092543;;108.5575994005336;;;;
2022-06-12 19:00:00;0.0;122.70981038092543;;99.63613348089596;;;;
2022-06-12 20:00:00;0.0;122.70981038092543;;90.68434159529768;;;;
2022-06-12 21:00:00;0.0;122.70981038092543;;82.31276404783074;;;;
2022-06-12 22:00:00;0.0;122.70981038092543;;75.08896336232822;;;;
2022-06-12 23:00:00;0.0;122.70981038092543;;68.51308837727035;;;;
2022-06-13 00:00:00;0.0;122.70981038092543;;63.9687308959645;;;;
2022-06-13 01:00:00;0.0;122.70981038092543;;61.64318030996946;;;;
2022-06-13 02:00:00;0.0;122.70981038092543;;62.55347005453591;;;;
2022-06-13 03:00:00;0.0;122.70981038092543;;65.55275962114402;;;;
2022-06-13 04:00:00;0.0;122.70981038092543;;70.40150348269579;;;;
2022-06-13 05:00:00;0.0;122.70981038092543;;76.7305795059793;;;;
2022-06-13 06:00:00;0.0;122.70981038092543;;84.07013183467174;;;;
2022-06-13 07:00:00;0.0;122.70981038092543;;91.87710200666206;;;;
2022-06-13 08:00:00;0.0;122.70981038092543;;99.58320142399104;;;;
2022-06-13 09:00:00;0.0;122.70981038092543;;106.6305986004671;;;;
2022-06-13 10:00:00;0.0;122.70981038092543;;112.5132969934233;;;;
2022-06-13 11:00:00;0.0;122.70981038092543;;116.8165521070992;;;;
2022-06-13 12:00:00;0.0;122.70981038092543;;119.2295236738908;;;;
2022-06-13 13:00:00;0.0;122.70981038092543;;119.5797538335444;;;;
2022-06-13 14:00:00;0.0;122.70981038092543;;117.8313805700956;;;;
2022-06-13 15:00:00;0.0;122.70981038092543;;114.1040482641005;;;;
2022-06-13 16:00:00;0.0;122.70981038092543;;108.6363927610142;;;;
2022-06-13 17:00:00;0.0;122.70981038092543;;101.793202170081;;;;
2022-06-13 18:00:00;0.0;122.70981038092543;;94.01202476962374;;;;
2022-06-13 19:00:00;0.0;122.70981038092543;;85.80418128642066;;;;
2022-06-13 20:00:00;0.0;122.70981038092543;;77.69148623684903;;;;
2022-06-13 21:00:00;0.0;122.70981038092543;;70.19408589327175;;;;
2022-06-13 22:00:00;0.0;122.70981038092543;;63.77975326289685;;;;
2022-06-13 23:00:00;0.0;122.70981038092543;;58.13020072757082;;;;
2022-06-14 00:00:00;0.0;122.70981038092543;;54.26155523928063;;;;
2022-06-14 01:00:00;0.0;122.70981038092543;;52.31250316694429;;;;
2022-06-14 02:00:00;0.0;122.70981038092543;;53.00853070670613;;;;
2022-06-14 03:00:00;0.0;122.70981038092543;;55.50980041647396;;;;
2022-06-14 04:00:00;0.0;122.70981038092543;;59.61644634649885;;;;
2022-06-14 05:00:00;0.0;122.70981038092543;;65.01753284763136;;;;
2022-06-14 06:00:00;0.0;122.70981038092543;;71.32716957401044;;;;
2022-06-14 07:00:00;0.0;122.70981038092543;;78.09907161300808;;;;
2022-06-14 08:00:00;0.0;122.70981038092543;;84.86425534403476;;;;
2022-06-14 09:00:00;0.0;122.70981038092543;;91.1537854075908;;;;
2022-06-14 10:00:00;0.0;122.70981038092543;;96.53856074172828;;;;
2022-06-14 11:00:00;0.0;122.70981038092543;;100.6510940196945;;;;
2022-06-14 12:00:00;0.0;122.70981038092543;;103.2152270710057;;;;
2022-06-14 13:00:00;0.0;122.70981038092543;;104.0529644318039;;;;
2022-06-14 14:00:00;0.0;122.70981038092543;;103.1074088628899;;;;
2022-06-14 15:00:00;0.0;122.70981038092543;;100.4358081294266;;;;
2022-06-14 16:00:00;0.0;122.70981038092543;;96.22185868808825;;;;
2022-06-14 17:00:00;0.0;122.70981038092543;;90.74417116102164;;;;
2022-06-14 18:00:00;0.0;122.70981038092543;;84.3739475751763;;;;
2022-06-14 19:00:00;0.0;122.70981038092543;;77.53711390793262;;;;
2022-06-14 20:00:00;0.0;122.70981038092543;;70.69993381227948;;;;
2022-06-14 21:00:00;0.0;122.70981038092543;;64.32985687844409;;;;
2022-06-14 22:00:00;0.0;122.70981038092543;;58.86500998243318;;;;
2022-06-14 23:00:00;0.0;122.70981038092543;;54.64208291843394;;;;
2022-06-15 00:00:00;0.0;122.70981038092543;;52.00179531783026;;;;
2022-06-15 01:00:00;0.0;122.70981038092543;;51.13287208474207;;;;
2022-06-15 02:00:00;0.0;122.70981038092543;;52.1455593881671;;;;
2022-06-15 03:00:00;0.0;122.70981038092543;;54.93868921095961;;;;
2022-06-15 04:00:00;0.0;122.70981038092543;;59.33430677553187;;;;
2022-06-15 05:00:00;0.0;122.70981038092543;;65.04754312365813;;;;
2022-06-15 06:00:00;0.0;122.70981038092543;;71.69550034993401;;;;
2022-06-15 07:00:00;0.0;122.70981038092543;;78.83650750976504;;;;
2022-06-15 08:00:00;0.0;122.70981038092543;;85.98305223393476;;;;
2022-06-15 09:00:00;0.0;122.70981038092543;;92.65294103984924;;;;
2022-06-15 10:00:00;0.0;122.70981038092543;;98.38548003981693;;;;
2022-06-15 11:00:00;0.0;122.70981038092543;;102.7903752854854;;;;
2022-06-15 12:00:00;0.0;122.70981038092543;;105.5636152982814;;;;
2022-06-15 13:00:00;0.0;122.70981038092543;;106.5165941996742;;;;
2022-06-15 14:00:00;0.0;122.70981038092543;;105.5783270752684;;;;
2022-06-15 15:00:00;0.0;122.70981038092543;;102.8115715941229;;;;
2022-06-15 16:00:00;0.0;122.70981038092543;;98.40643381672076;;;;
2022-06-15 17:00:00;0.0;122.70981038092543;;92.67083594355796;;;;
2022-06-15 18:00:00;0.0;122.70981038092543;;85.99468873017062;;;;
2022-06-15 19:00:00;0.0;122.70981038092543;;78.83266720705812;;;;
2022-06-15 20:00:00;0.0;122.70981038092543;;71.66920270292587;;;;
2022-06-15 21:00:00;0.0;122.70981038092543;;64.99035451450976;;;;
2022-06-15 22:00:00;0.0;122.70981038092543;;59.24379931487967;;;;
2022-06-15 23:00:00;0.0;122.70981038092543;;55.4062546553265;;;;
2022-06-16 00:00:00;0.0;122.70981038092543;;53.15142050034476;;;;
2022-06-16 01:00:00;0.0;122.70981038092543;;52.66989115914552;;;;
2022-06-16 02:00:00;0.0;122.70981038092543;;53.43538820666046;;;;
2022-06-16 03:00:00;0.0;122.70981038092543;;55.99705572220539;;;;
2022-06-16 04:00:00;0.0;122.70981038092543;;60.15127376680064;;;;
2022-06-16 05:00:00;0.0;122.70981038092543;;65.58113922622297;;;;
2022-06-16 06:00:00;0.0;122.70981038092543;;71.88758025118388;;;;
2022-06-16 07:00:00;0.0;122.70981038092543;;78.61384552992986;;;;
2022-06-16 08:00:00;0.0;122.70981038092543;;85.28226615229121;;;;
2022-06-16 09:00:00;0.0;122.70981038092543;;91.41776162259546;;;;
2022-06-16 10:00:00;0.0;122.70981038092543;;96.58899308673968;;;;
2022-06-16 11:00:00;0.0;122.70981038092543;;100.4300432132774;;;;
2022-06-16 12:00:00;0.0;122.70981038092543;;102.6793428256975;;;;
2022-06-16 13:00:00;0.0;122.70981038092543;;103.1812248239212;;;;
2022-06-16 14:00:00;0.0;122.70981038092543;;101.8991963019872;;;;
2022-06-16 15:00:00;0.0;122.70981038092543;;98.91664239875156;;;;
2022-06-16 16:00:00;0.0;122.70981038092543;;94.42636575262078;;;;
2022-06-16 17:00:00;0.0;122.70981038092543;;88.72742040739487;;;;
2022-06-16 18:00:00;0.0;122.70981038092543;;82.19361727061941;;;;
2022-06-16 19:00:00;0.0;122.70981038092543;;75.26231654687822;;;;
2022-06-16 20:00:00;0.0;122.70981038092543;;68.38963430583966;;;;
2022-06-16 21:00:00;0.0;122.70981038092543;;62.02630059441678;;;;
2022-06-16 22:00:00;0.0;122.70981038092543;;56.58713678319216;;;;
2022-06-16 23:00:00;0.0;122.70981038092543;;53.12654734795514;;;;
2022-06-17 00:00:00;0.0;122.70981038092543;;51.20584354593575;;;;
2022-06-17 01:00:00;0.0;122.70981038092543;;51.02145535430591;;;;
2022-06-17 02:00:00;0.0;122.70981038092543;;51.95749796134492;;;;
2022-06-17 03:00:00;0.0;122.70981038092543;;54.69194017946471;;;;
2022-06-17 04:00:00;0.0;122.70981038092543;;59.04935002465903;;;;
2022-06-17 05:00:00;0.0;122.70981038092543;;64.75134194285233;;;;
2022-06-17 06:00:00;0.0;122.70981038092543;;71.42980578521772;;;;
2022-06-17 07:00:00;0.0;122.70981038092543;;78.6574127287478;;;;
2022-06-17 08:00:00;0.0;122.70981038092543;;85.96791918945495;;;;
2022-06-17 09:00:00;0.0;122.70981038092543;;92.88855797350504;;;;
2022-06-17 10:00:00;0.0;122.70981038092543;;98.96768801093454;;;;
2022-06-17 11:00:00;0.0;122.70981038092543;;103.809450452148;;;;
2022-06-17 12:00:00;0.0;122.70981038092543;;107.1013185554495;;;;
2022-06-17 13:00:00;0.0;122.70981038092543;;108.6338049253967;;;;
2022-06-17 14:00:00;0.0;122.70981038092543;;108.3101550337078;;;;
2022-06-17 15:00:00;0.0;122.70981038092543;;106.1562647965173;;;;
2022-06-17 16:00:00;0.0;122.70981038092543;;102.3236953788213;;;;
2022-06-17 17:00:00;0.0;122.70981038092543;;97.08096845109507;;;;
2022-06-17 18:00:00;0.0;122.70981038092543;;90.80475089852844;;;;
2022-06-17 19:00:00;0.0;122.70981038092543;;83.94382674859261;;;;
2022-06-17 20:00:00;0.0;122.70981038092543;;76.99509600019685;;;;
2022-06-17 21:00:00;0.0;122.70981038092543;;70.47171020876436;;;;
2022-06-17 22:00:00;0.0;122.70981038092543;;64.86706558460338;;;;
2022-06-17 23:00:00;0.0;122.70981038092543;;60.94217011278245;;;;
2022-06-18 00:00:00;0.0;122.70981038092543;;58.71962183776423;;;;
2022-06-18 01:00:00;0.0;122.70981038092543;;58.45172781560117;;;;
2022-06-18 02:00:00;0.0;122.70981038092543;;59.94146773484913;;;;
2022-06-18 03:00:00;0.0;122.70981038092543;;63.49785111174083;;;;
2022-06-18 04:00:00;0.0;122.70981038092543;;68.94384007247844;;;;
2022-06-18 05:00:00;0.0;122.70981038092543;;75.9714561733237;;;;
2022-06-18 06:00:00;0.0;122.70981038092543;;84.15457082252173;;;;
2022-06-18 07:00:00;0.0;122.70981038092543;;92.98060706397982;;;;
2022-06-18 08:00:00;0.0;122.70981038092543;;101.8826324695268;;;;
2022-06-18 09:00:00;0.0;122.70981038092543;;110.2793451531553;;;;
2022-06-18 10:00:00;0.0;122.70981038092543;;117.6213279321327;;;;
2022-06-18 11:00:00;0.0;122.70981038092543;;123.4176582156413;;;;
2022-06-18 12:00:00;0.0;122.70981038092543;;127.2793899158343;;;;
2022-06-18 13:00:00;0.0;122.70981038092543;;128.9482854591886;;;;
2022-06-18 14:00:00;0.0;122.70981038092543;;128.3199400692104;;;;
2022-06-18 15:00:00;0.0;122.70981038092543;;125.4456042438275;;;;
2022-06-18 16:00:00;0.0;122.70981038092543;;120.5260876146219;;;;
2022-06-18 17:00:00;0.0;122.70981038092543;;113.9122413622111;;;;
2022-06-18 18:00:00;0.0;122.70981038092543;;106.0759594887828;;;;
2022-06-18 19:00:00;0.0;122.70981038092543;;97.56978211645176;;;;
2022-06-18 20:00:00;0.0;122.70981038092543;;88.99681537534954;;;;
2022-06-18 21:00:00;0.0;122.70981038092543;;80.95888889791313;;;;
2022-06-18 22:00:00;0.0;122.70981038092543;;74.02698679656751;;;;
2022-06-18 23:00:00;0.0;122.70981038092543;;68.22965297857746;;;;
2022-06-19 00:00:00;0.0;122.70981038092543;;64.40520253477811;;;;
2022-06-19 01:00:00;0.0;122.70981038092543;;62.77036877139664;;;;
2022-06-19 02:00:00;0.0;122.70981038092543;;63.84162722082934;;;;
2022-06-19 03:00:00;0.0;122.70981038092543;;67.05919714645395;;;;
2022-06-19 04:00:00;0.0;122.70981038092543;;72.19051604648399;;;;
2022-06-19 05:00:00;0.0;122.70981038092543;;78.86594363215193;;;;
2022-06-19 06:00:00;0.0;122.70981038092543;;86.6130828520858;;;;
2022-06-19 07:00:00;0.0;122.70981038092543;;94.87719614580482;;;;
2022-06-19 08:00:00;0.0;122.70981038092543;;103.0781774338462;;;;
2022-06-19 09:00:00;0.0;122.70981038092543;;110.6350515256192;;;;
2022-06-19 10:00:00;0.0;122.70981038092543;;117.0224071035373;;;;
2022-06-19 11:00:00;0.0;122.70981038092543;;121.7895151787077;;;;
2022-06-19 12:00:00;0.0;122.70981038092543;;124.6028288812141;;;;
2022-06-19 13:00:00;0.0;122.70981038092543;;125.2728709497328;;;;
2022-06-19 14:00:00;0.0;122.70981038092543;;123.744808173261;;;;
2022-06-19 15:00:00;0.0;122.70981038092543;;120.1159906751217;;;;
2022-06-19 16:00:00;0.0;122.70981038092543;;114.6267896411482;;;;
2022-06-19 17:00:00;0.0;122.70981038092543;;107.6544675515783;;;;
2022-06-19 18:00:00;0.0;122.70981038092543;;99.66051180742208;;;;
2022-06-19 19:00:00;0.0;122.70981038092543;;91.173134190817;;;;
2022-06-19 20:00:00;0.0;122.70981038092543;;82.7494770963065;;;;
2022-06-19 21:00:00;0.0;122.70981038092543;;74.94234763198679;;;;
2022-06-19 22:00:00;0.0;122.70981038092543;;68.25444965569363;;;;
2022-06-19 23:00:00;0.0;122.70981038092543;;62.22095846794137;;;;
2022-06-20 00:00:00;0.0;122.70981038092543;;58.07422874953924;;;;
2022-06-20 01:00:00;0.0;122.70981038092543;;55.97418243064314;;;;
2022-06-20 02:00:00;0.0;122.70981038092543;;56.83681785624294;;;;
2022-06-20 03:00:00;0.0;122.70981038092543;;59.64145719124624;;;;
2022-06-20 04:00:00;0.0;122.70981038092543;;64.17803441899149;;;;
2022-06-20 05:00:00;0.0;122.70981038092543;;70.12411365033637;;;;
2022-06-20 06:00:00;0.0;122.70981038092543;;77.0670936570688;;;;
2022-06-20 07:00:00;0.0;122.70981038092543;;84.528589953715;;;;
2022-06-20 08:00:00;0.0;122.70981038092543;;91.99573304303554;;;;
2022-06-20 09:00:00;0.0;122.70981038092543;;98.9609543267789;;;;
2022-06-20 10:00:00;0.0;122.70981038092543;;104.951920913395;;;;
2022-06-20 11:00:00;0.0;122.70981038092543;;109.5699272763539;;;;
2022-06-20 12:00:00;0.0;122.70981038092543;;112.5010971009988;;;;
2022-06-20 13:00:00;0.0;122.70981038092543;;113.544482089067;;;;
2022-06-20 14:00:00;0.0;122.70981038092543;;112.628465583821;;;;
2022-06-20 15:00:00;0.0;122.70981038092543;;109.809558915201;;;;
2022-06-20 16:00:00;0.0;122.70981038092543;;105.2808590129595;;;;
2022-06-20 17:00:00;0.0;122.70981038092543;;99.34785704824256;;;;
2022-06-20 18:00:00;0.0;122.70981038092543;;92.41735018226368;;;;
2022-06-20 19:00:00;0.0;122.70981038092543;;84.964999683111;;;;
2022-06-20 20:00:00;0.0;122.70981038092543;;77.49697805085478;;;;
2022-06-20 21:00:00;0.0;122.70981038092543;;70.53043632146003;;;;
2022-06-20 22:00:00;0.0;122.70981038092543;;64.54590637429857;;;;
2022-06-20 23:00:00;0.0;122.70981038092543;;59.24683247076389;;;;
2022-06-21 00:00:00;0.0;122.70981038092543;;55.68787934733446;;;;
2022-06-21 01:00:00;0.0;122.70981038092543;;54.05077809821738;;;;
2022-06-21 02:00:00;0.0;122.70981038092543;;55.10183097754911;;;;
2022-06-21 03:00:00;0.0;122.70981038092543;;58.02619348715022;;;;
2022-06-21 04:00:00;0.0;122.70981038092543;;62.63485789612979;;;;
2022-06-21 05:00:00;0.0;122.70981038092543;;68.62547701619073;;;;
2022-06-21 06:00:00;0.0;122.70981038092543;;75.58857507768707;;;;
2022-06-21 07:00:00;0.0;122.70981038092543;;83.05282377630843;;;;
2022-06-21 08:00:00;0.0;122.70981038092543;;90.50367331578444;;;;
2022-06-21 09:00:00;0.0;122.70981038092543;;97.43519547687453;;;;
2022-06-21 10:00:00;0.0;122.70981038092543;;103.3651675019324;;;;
2022-06-21 11:00:00;0.0;122.70981038092543;;107.8892038877619;;;;
2022-06-21 12:00:00;0.0;122.70981038092543;;110.684695004953;;;;
2022-06-21 13:00:00;0.0;122.70981038092543;;111.5564713826446;;;;
2022-06-21 14:00:00;0.0;122.70981038092543;;110.4392650058304;;;;
2022-06-21 15:00:00;0.0;122.70981038092543;;107.4113206061201;;;;
2022-06-21 16:00:00;0.0;122.70981038092543;;102.6831185065403;;;;
2022-06-21 17:00:00;0.0;122.70981038092543;;96.57232441135923;;;;
2022-06-21 18:00:00;0.0;122.70981038092543;;89.4896643759122;;;;
2022-06-21 19:00:00;0.0;122.70981038092543;;81.91520368186478;;;;
2022-06-21 20:00:00;0.0;122.70981038092543;;74.35689732663391;;;;
2022-06-21 21:00:00;0.0;122.70981038092543;;67.31979451595937;;;;
2022-06-21 22:00:00;0.0;122.70981038092543;;61.26129508598326;;;;
2022-06-21 23:00:00;0.0;122.70981038092543;;56.53459180218165;;;;
2022-06-22 00:00:00;0.0;122.70981038092543;;53.465910864635;;;;
2022-06-22 01:00:00;0.0;122.70981038092543;;52.22248635977056;;;;
2022-06-22 02:00:00;0.0;122.70981038092543;;52.87478371915709;;;;
2022-06-22 03:00:00;0.0;122.70981038092543;;55.2943378940724;;;;
2022-06-22 04:00:00;0.0;122.70981038092543;;59.26911958882621;;;;
2022-06-22 05:00:00;0.0;122.70981038092543;;64.4792206446227;;;;
2022-06-22 06:00:00;0.0;122.70981038092543;;70.52426680112552;;;;
2022-06-22 07:00:00;0.0;122.70981038092543;;76.94648878957489;;;;
2022-06-22 08:00:00;0.0;122.70981038092543;;83.27548108310413;;;;
2022-06-22 09:00:00;0.0;122.70981038092543;;89.0505500634821;;;;
2022-06-22 10:00:00;0.0;122.70981038092543;;93.85413865845273;;;;
2022-06-22 11:00:00;0.0;122.70981038092543;;97.3431358549646;;;;
2022-06-22 12:00:00;0.0;122.70981038092543;;99.26687466435396;;;;
2022-06-22 13:00:00;0.0;122.70981038092543;;99.48851677660244;;;;
2022-06-22 14:00:00;0.0;122.70981038092543;;97.98922694569347;;;;
2022-06-22 15:00:00;0.0;122.70981038092543;;94.85703403358082;;;;
2022-06-22 16:00:00;0.0;122.70981038092543;;90.29626591487286;;;;
2022-06-22 17:00:00;0.0;122.70981038092543;;84.60195815567349;;;;
2022-06-22 18:00:00;0.0;122.70981038092543;;78.15146910306622;;;;
2022-06-22 19:00:00;0.0;122.70981038092543;;71.36140049798244;;;;
2022-06-22 20:00:00;0.0;122.70981038092543;;64.66176851219817;;;;
2022-06-22 21:00:00;0.0;122.70981038092543;;58.47722410398916;;;;
2022-06-22 22:00:00;0.0;122.70981038092543;;53.19553768536716;;;;
2022-06-22 23:00:00;0.0;122.70981038092543;;50.0;;;;
2022-06-23 00:00:00;0.0;122.70981038092543;;50.0;;;;
2022-06-23 01:00:00;0.0;122.70981038092543;;50.0;;;;
2022-06-23 02:00:00;0.0;122.70981038092543;;50.0;;;;
2022-06-23 03:00:00;0.0;122.70981038092543;;50.32246197154952;;;;
2022-06-23 04:00:00;0.0;122.70981038092543;;54.18288228823441;;;;
2022-06-23 05:00:00;0.0;122.70981038092543;;59.25656852078014;;;;
2022-06-23 06:00:00;0.0;122.70981038092543;;65.19677466226925;;;;
2022-06-23 07:00:00;0.0;122.70981038092543;;71.6086306199775;;;;
2022-06-23 08:00:00;0.0;122.70981038092543;;78.06805204428939;;;;
2022-06-23 09:00:00;0.0;122.70981038092543;;84.15061252860627;;;;
2022-06-23 10:00:00;0.0;122.70981038092543;;89.45339390091118;;;;
2022-06-23 11:00:00;0.0;122.70981038092543;;93.62688070412946;;;;
2022-06-23 12:00:00;0.0;122.70981038092543;;96.39701122424847;;;;
2022-06-23 13:00:00;0.0;122.70981038092543;;97.58026814924165;;;;
2022-06-23 14:00:00;0.0;122.70981038092543;;97.10266647329044;;;;
2022-06-23 15:00:00;0.0;122.70981038092543;;94.999654099574;;;;
2022-06-23 16:00:00;0.0;122.70981038092543;;91.41973101917203;;;;
2022-06-23 17:00:00;0.0;122.70981038092543;;86.60531239356519;;;;
2022-06-23 18:00:00;0.0;122.70981038092543;;80.89536209483467;;;;
2022-06-23 19:00:00;0.0;122.70981038092543;;74.69094091518491;;;;
2022-06-23 20:00:00;0.0;122.70981038092543;;68.43492914659734;;;;
2022-06-23 21:00:00;0.0;122.70981038092543;;62.5740422109328;;;;
2022-06-23 22:00:00;0.0;122.70981038092543;;57.54122297202012;;;;
2022-06-23 23:00:00;0.0;122.70981038092543;;54.45152798923244;;;;
2022-06-24 00:00:00;0.0;122.70981038092543;;52.87771528707325;;;;
2022-06-24 01:00:00;0.0;122.70981038092543;;53.05645854164736;;;;
2022-06-24 02:00:00;0.0;122.70981038092543;;54.37661079133611;;;;
2022-06-24 03:00:00;0.0;122.70981038092543;;57.57340941231573;;;;
2022-06-24 04:00:00;0.0;122.70981038092543;;62.48744999723093;;;;
2022-06-24 05:00:00;0.0;122.70981038092543;;68.83817985067299;;;;
2022-06-24 06:00:00;0.0;122.70981038092543;;76.23636822256037;;;;
2022-06-24 07:00:00;0.0;122.70981038092543;;84.21803189527381;;;;
2022-06-24 08:00:00;0.0;122.70981038092543;;92.276415048582;;;;
2022-06-24 09:00:00;0.0;122.70981038092543;;99.89189321281088;;;;
2022-06-24 10:00:00;0.0;122.70981038092543;;106.5601067437814;;;;
2022-06-24 11:00:00;0.0;122.70981038092543;;111.8357230716943;;;;
2022-06-24 12:00:00;0.0;122.70981038092543;;115.3656395283848;;;;
2022-06-24 13:00:00;0.0;122.70981038092543;;116.9224936397504;;;;
2022-06-24 14:00:00;0.0;122.70981038092543;;116.402453710972;;;;
2022-06-24 15:00:00;0.0;122.70981038092543;;113.8478096732372;;;;
2022-06-24 16:00:00;0.0;122.70981038092543;;109.4376050432587;;;;
2022-06-24 17:00:00;0.0;122.70981038092543;;103.4933706290615;;;;
2022-06-24 18:00:00;0.0;122.70981038092543;;96.43637657250233;;;;
2022-06-24 19:00:00;0.0;122.70981038092543;;88.76945883769577;;;;
2022-06-24 20:00:00;0.0;122.70981038092543;;81.03339691556477;;;;
2022-06-24 21:00:00;0.0;122.70981038092543;;73.778661572364;;;;
2022-06-24 22:00:00;0.0;122.70981038092543;;67.52157953260276;;;;
2022-06-24 23:00:00;0.0;122.70981038092543;;63.0488120019327;;;;
2022-06-25 00:00:00;0.0;122.70981038092543;;60.35996685467472;;;;
2022-06-25 01:00:00;0.0;122.70981038092543;;59.68688135549457;;;;
2022-06-25 02:00:00;0.0;122.70981038092543;;60.77774476019824;;;;
2022-06-25 03:00:00;0.0;122.70981038092543;;63.92034991185577;;;;
2022-06-25 04:00:00;0.0;122.70981038092543;;68.90023713793497;;;;
2022-06-25 05:00:00;0.0;122.70981038092543;;75.37305545498421;;;;
2022-06-25 06:00:00;0.0;122.70981038092543;;82.89256312220164;;;;
2022-06-25 07:00:00;0.0;122.70981038092543;;90.9354441503115;;;;
2022-06-25 08:00:00;0.0;122.70981038092543;;98.94533197855272;;;;
2022-06-25 09:00:00;0.0;122.70981038092543;;106.3709440461572;;;;
2022-06-25 10:00:00;0.0;122.70981038092543;;112.7011768384588;;;;
2022-06-25 11:00:00;0.0;122.70981038092543;;117.5039374461199;;;;
2022-06-25 12:00:00;0.0;122.70981038092543;;120.4442228784707;;;;
2022-06-25 13:00:00;0.0;122.70981038092543;;121.3191687635791;;;;
2022-06-25 14:00:00;0.0;122.70981038092543;;120.0655619222321;;;;
2022-06-25 15:00:00;0.0;122.70981038092543;;116.7714488935077;;;;
2022-06-25 16:00:00;0.0;122.70981038092543;;111.6635326759683;;;;
2022-06-25 17:00:00;0.0;122.70981038092543;;105.090400691957;;;;
2022-06-25 18:00:00;0.0;122.70981038092543;;97.4909162709362;;;;
2022-06-25 19:00:00;0.0;122.70981038092543;;89.38090540708242;;;;
2022-06-25 20:00:00;0.0;122.70981038092543;;81.3022870807404;;;;
2022-06-25 21:00:00;0.0;122.70981038092543;;73.79991258482825;;;;
2022-06-25 22:00:00;0.0;122.70981038092543;;67.37076279421709;;;;
2022-06-25 23:00:00;0.0;122.70981038092543;;62.0421183668255;;;;
2022-06-26 00:00:00;0.0;122.70981038092543;;58.55250216846409;;;;
2022-06-26 01:00:00;0.0;122.70981038092543;;57.09380086868102;;;;
2022-06-26 02:00:00;0.0;122.70981038092543;;58.1244890423662;;;;
2022-06-26 03:00:00;0.0;122.70981038092543;;61.15086171094534;;;;
2022-06-26 04:00:00;0.0;122.70981038092543;;65.9719960364048;;;;
2022-06-26 05:00:00;0.0;122.70981038092543;;72.26743573116184;;;;
2022-06-26 06:00:00;0.0;122.70981038092543;;79.6209306634223;;;;
2022-06-26 07:00:00;0.0;122.70981038092543;;87.54603041690115;;;;
2022-06-26 08:00:00;0.0;122.70981038092543;;95.52414983073363;;;;
2022-06-26 09:00:00;0.0;122.70981038092543;;103.0180935244778;;;;
2022-06-26 10:00:00;0.0;122.70981038092543;;109.5322924393967;;;;
2022-06-26 11:00:00;0.0;122.70981038092543;;114.6296302550834;;;;
2022-06-26 12:00:00;0.0;122.70981038092543;;117.9786566684958;;;;
2022-06-26 13:00:00;0.0;122.70981038092543;;119.3588307623925;;;;
2022-06-26 14:00:00;0.0;122.70981038092543;;118.6738058151156;;;;
2022-06-26 15:00:00;0.0;122.70981038092543;;115.9752302968397;;;;
2022-06-26 16:00:00;0.0;122.70981038092543;;111.4459548970685;;;;
2022-06-26 17:00:00;0.0;122.70981038092543;;105.4056327888887;;;;
2022-06-26 18:00:00;0.0;122.70981038092543;;98.2696297991486;;;;
2022-06-26 19:00:00;0.0;122.70981038092543;;90.53689861947964;;;;
2022-06-26 20:00:00;0.0;122.70981038092543;;82.75220429530282;;;;
2022-06-26 21:00:00;0.0;122.70981038092543;;75.46755323215699;;;;
2022-06-26 22:00:00;0.0;122.70981038092543;;69.20452250133116;;;;
2022-06-26 23:00:00;0.0;122.70981038092543;;63.51424795906997;;;;
2022-06-27 00:00:00;0.0;122.70981038092543;;59.67664684550483;;;;
2022-06-27 01:00:00;0.0;122.70981038092543;;57.89213754451124;;;;
2022-06-27 02:00:00;0.0;122.70981038092543;;59.12535509709771;;;;
2022-06-27 03:00:00;0.0;122.70981038092543;;62.37176086470249;;;;
2022-06-27 04:00:00;0.0;122.70981038092543;;67.4385189557879;;;;
2022-06-27 05:00:00;0.0;122.70981038092543;;74.00181341704464;;;;
2022-06-27 06:00:00;0.0;122.70981038092543;;81.629271944984;;;;
2022-06-27 07:00:00;0.0;122.70981038092543;;89.81695578906343;;;;
2022-06-27 08:00:00;0.0;122.70981038092543;;98.01122228751014;;;;
2022-06-27 09:00:00;0.0;122.70981038092543;;105.6545632999863;;;;
2022-06-27 10:00:00;0.0;122.70981038092543;;112.2179085205918;;;;
2022-06-27 11:00:00;0.0;122.70981038092543;;117.2566089620204;;;;
2022-06-27 12:00:00;0.0;122.70981038092543;;120.4251549902246;;;;
2022-06-27 13:00:00;0.0;122.70981038092543;;121.5028740033798;;;;
2022-06-27 14:00:00;0.0;122.70981038092543;;120.4099571190079;;;;
2022-06-27 15:00:00;0.0;122.70981038092543;;117.2219031896331;;;;
2022-06-27 16:00:00;0.0;122.70981038092543;;112.1572805432802;;;;
2022-06-27 17:00:00;0.0;122.70981038092543;;105.5613115477205;;;;
2022-06-27 18:00:00;0.0;122.70981038092543;;97.8839774703374;;;;
2022-06-27 19:00:00;0.0;122.70981038092543;;89.65092538399418;;;;
2022-06-27 20:00:00;0.0;122.70981038092543;;81.42573941926486;;;;
2022-06-27 21:00:00;0.0;122.70981038092543;;73.7572565354179;;;;
2022-06-27 22:00:00;0.0;122.70981038092543;;67.15454034481655;;;;
2022-06-27 23:00:00;0.0;122.70981038092543;;61.30925777420157;;;;
2022-06-28 00:00:00;0.0;122.70981038092543;;57.29058973408075;;;;
2022-06-28 01:00:00;0.0;122.70981038092543;;55.25688786643936;;;;
2022-06-28 02:00:00;0.0;122.70981038092543;;55.95797340880136;;;;
2022-06-28 03:00:00;0.0;122.70981038092543;;58.52672748546021;;;;
2022-06-28 04:00:00;0.0;122.70981038092543;;62.73407385733891;;;;
2022-06-28 05:00:00;0.0;122.70981038092543;;68.24731144251906;;;;
2022-06-28 06:00:00;0.0;122.70981038092543;;74.63510606471262;;;;
2022-06-28 07:00:00;0.0;122.70981038092543;;81.41940626975146;;;;
2022-06-28 08:00:00;0.0;122.70981038092543;;88.09055708382044;;;;
2022-06-28 09:00:00;0.0;122.70981038092543;;94.16841359160118;;;;
2022-06-28 10:00:00;0.0;122.70981038092543;;99.20950210848991;;;;
2022-06-28 11:00:00;0.0;122.70981038092543;;102.8525263464907;;;;
2022-06-28 12:00:00;0.0;122.70981038092543;;104.8239641865876;;;;
2022-06-28 13:00:00;0.0;122.70981038092543;;104.9815483101554;;;;
2022-06-28 14:00:00;0.0;122.70981038092543;;103.3061942147749;;;;
2022-06-28 15:00:00;0.0;122.70981038092543;;99.9061329112762;;;;
2022-06-28 16:00:00;0.0;122.70981038092543;;94.99851568548712;;;;
2022-06-28 17:00:00;0.0;122.70981038092543;;88.90326125715673;;;;
2022-06-28 18:00:00;0.0;122.70981038092543;;82.01871348165677;;;;
2022-06-28 19:00:00;0.0;122.70981038092543;;74.78585101329668;;;;
2022-06-28 20:00:00;0.0;122.70981038092543;;67.66055362842306;;;;
2022-06-28 21:00:00;0.0;122.70981038092543;;61.08593955537326;;;;
2022-06-28 22:00:00;0.0;122.70981038092543;;55.46775332477846;;;;
2022-06-28 23:00:00;0.0;122.70981038092543;;51.11875898332345;;;;
2022-06-29 00:00:00;0.0;122.70981038092543;;50.0;;;;
2022-06-29 01:00:00;0.0;122.70981038092543;;50.0;;;;
2022-06-29 02:00:00;0.0;122.70981038092543;;50.0;;;;
2022-06-29 03:00:00;0.0;122.70981038092543;;50.05740308818473;;;;
2022-06-29 04:00:00;0.0;122.70981038092543;;53.76260255849003;;;;
2022-06-29 05:00:00;0.0;122.70981038092543;;58.64568290660712;;;;
2022-06-29 06:00:00;0.0;122.70981038092543;;64.3555421113169;;;;
2022-06-29 07:00:00;0.0;122.70981038092543;;70.49846529740138;;;;
2022-06-29 08:00:00;0.0;122.70981038092543;;76.6517554709433;;;;
2022-06-29 09:00:00;0.0;122.70981038092543;;82.39876382663631;;;;
2022-06-29 10:00:00;0.0;122.70981038092543;;87.35028112872638;;;;
2022-06-29 11:00:00;0.0;122.70981038092543;;91.1667344495634;;;;
2022-06-29 12:00:00;0.0;122.70981038092543;;93.59426566953444;;;;
2022-06-29 13:00:00;0.0;122.70981038092543;;94.46693572504856;;;;
2022-06-29 14:00:00;0.0;122.70981038092543;;93.73320500575896;;;;
2022-06-29 15:00:00;0.0;122.70981038092543;;91.4353690942806;;;;
2022-06-29 16:00:00;0.0;122.70981038092543;;87.7314629932458;;;;
2022-06-29 17:00:00;0.0;122.70981038092543;;82.86892260479762;;;;
2022-06-29 18:00:00;0.0;122.70981038092543;;77.18003923787168;;;;
2022-06-29 19:00:00;0.0;122.70981038092543;;71.05313932440109;;;;
2022-06-29 20:00:00;0.0;122.70981038092543;;64.90997951185632;;;;
2022-06-29 21:00:00;0.0;122.70981038092543;;59.18085155447604;;;;
2022-06-29 22:00:00;0.0;122.70981038092543;;54.26725074844202;;;;
2022-06-29 23:00:00;0.0;122.70981038092543;;51.09759158747219;;;;
2022-06-30 00:00:00;0.0;122.70981038092543;;50.0;;;;
2022-06-30 01:00:00;0.0;122.70981038092543;;50.0;;;;
2022-06-30 02:00:00;0.0;122.70981038092543;;50.39566437517944;;;;
2022-06-30 03:00:00;0.0;122.70981038092543;;53.22731168688762;;;;
2022-06-30 04:00:00;0.0;122.70981038092543;;57.62758935133975;;;;
2022-06-30 05:00:00;0.0;122.70981038092543;;63.33215087464881;;;;
2022-06-30 06:00:00;0.0;122.70981038092543;;69.97635840850548;;;;
2022-06-30 07:00:00;0.0;122.70981038092543;;77.13274950628167;;;;
2022-06-30 08:00:00;0.0;122.70981038092543;;84.3327654308576;;;;
2022-06-30 09:00:00;0.0;122.70981038092543;;91.09933427265024;;;;
2022-06-30 10:00:00;0.0;122.70981038092543;;96.98029320293745;;;;
2022-06-30 11:00:00;0.0;122.70981038092543;;101.5807818152186;;;;
2022-06-30 12:00:00;0.0;122.70981038092543;;104.5923824402681;;;;
2022-06-30 13:00:00;0.0;122.70981038092543;;105.8155394349547;;;;
2022-06-30 14:00:00;0.0;122.70981038092543;;105.1637535309712;;;;
2022-06-30 15:00:00;0.0;122.70981038092543;;102.6857840890609;;;;
2022-06-30 16:00:00;0.0;122.70981038092543;;98.55341044531356;;;;
2022-06-30 17:00:00;0.0;122.70981038092543;;93.0580094903203;;;;
2022-06-30 18:00:00;0.0;122.70981038092543;;86.58488166257035;;;;
2022-06-30 19:00:00;0.0;122.70981038092543;;79.5853198398589;;;;
2022-06-30 20:00:00;0.0;122.70981038092543;;72.54734154616281;;;;
2022-06-30 21:00:00;0.0;122.70981038092543;;65.96108543129739;;;;
2022-06-30 22:00:00;0.0;122.70981038092543;;60.28542447423389;;;;
2022-06-30 23:00:00;0.0;122.70981038092543;;56.68136971340888;;;;
2022-07-01 00:00:00;0.0;122.70981038092543;;54.67129760107822;;;;
2022-07-01 01:00:00;0.0;122.70981038092543;;54.47197391911873;;;;
2022-07-01 02:00:00;0.0;122.70981038092543;;55.40881048748652;;;;
2022-07-01 03:00:00;0.0;122.70981038092543;;58.21609825886382;;;;
2022-07-01 04:00:00;0.0;122.70981038092543;;62.69600433349721;;;;
2022-07-01 05:00:00;0.0;122.70981038092543;;68.53103942027903;;;;
2022-07-01 06:00:00;0.0;122.70981038092543;;75.31266884716987;;;;
2022-07-01 07:00:00;0.0;122.70981038092543;;82.56491259893846;;;;
2022-07-01 08:00:00;0.0;122.70981038092543;;89.78633764309453;;;;
2022-07-01 09:00:00;0.0;122.70981038092543;;96.47977893303968;;;;
2022-07-01 10:00:00;0.0;122.70981038092543;;102.1853861951279;;;;
2022-07-01 11:00:00;0.0;122.70981038092543;;106.504087653806;;;;
2022-07-01 12:00:00;0.0;122.70981038092543;;109.1433117555131;;;;
2022-07-01 13:00:00;0.0;122.70981038092543;;109.9254618853965;;;;
2022-07-01 14:00:00;0.0;122.70981038092543;;108.8006005243107;;;;
2022-07-01 15:00:00;0.0;122.70981038092543;;105.8382513534254;;;;
2022-07-01 16:00:00;0.0;122.70981038092543;;101.2381164792642;;;;
2022-07-01 17:00:00;0.0;122.70981038092543;;95.3079868194506;;;;
2022-07-01 18:00:00;0.0;122.70981038092543;;88.45384825745641;;;;
2022-07-01 19:00:00;0.0;122.70981038092543;;81.13966705986573;;;;
2022-07-01 20:00:00;0.0;122.70981038092543;;73.85817140963886;;;;
2022-07-01 21:00:00;0.0;122.70981038092543;;67.09729560373471;;;;
2022-07-01 22:00:00;0.0;122.70981038092543;;61.30701935754809;;;;
2022-07-01 23:00:00;0.0;122.70981038092543;;57.20145372397764;;;;
2022-07-02 00:00:00;0.0;122.70981038092543;;54.75646128783056;;;;
2022-07-02 01:00:00;0.0;122.70981038092543;;54.17716782352067;;;;
2022-07-02 02:00:00;0.0;122.70981038092543;;55.22602080855295;;;;
2022-07-02 03:00:00;0.0;122.70981038092543;;58.18138846075458;;;;
2022-07-02 04:00:00;0.0;122.70981038092543;;62.86185381770326;;;;
2022-07-02 05:00:00;0.0;122.70981038092543;;68.97408131806141;;;;
2022-07-02 06:00:00;0.0;122.70981038092543;;76.1276534843077;;;;
2022-07-02 07:00:00;0.0;122.70981038092543;;83.85978579247958;;;;
2022-07-02 08:00:00;0.0;122.70981038092543;;91.66797240178884;;;;
2022-07-02 09:00:00;0.0;122.70981038092543;;99.0507678945085;;;;
2022-07-02 10:00:00;0.0;122.70981038092543;;105.5249914644524;;;;
2022-07-02 11:00:00;0.0;122.70981038092543;;110.6657081678648;;;;
2022-07-02 12:00:00;0.0;122.70981038092543;;114.1349376816431;;;;
2022-07-02 13:00:00;0.0;122.70981038092543;;115.7126875958559;;;;
2022-07-02 14:00:00;0.0;122.70981038092543;;115.2967184924133;;;;
2022-07-02 15:00:00;0.0;122.70981038092543;;112.9243002958929;;;;
2022-07-02 16:00:00;0.0;122.70981038092543;;108.7597491410526;;;;
2022-07-02 17:00:00;0.0;122.70981038092543;;103.103258609495;;;;
2022-07-02 18:00:00;0.0;122.70981038092543;;96.3475549099768;;;;
2022-07-02 19:00:00;0.0;122.70981038092543;;88.97646982161856;;;;
2022-07-02 20:00:00;0.0;122.70981038092543;;81.51934218041062;;;;
2022-07-02 21:00:00;0.0;122.70981038092543;;74.52047825788749;;;;
2022-07-02 22:00:00;0.0;122.70981038092543;;68.50132437220529;;;;
2022-07-02 23:00:00;0.0;122.70981038092543;;63.51809034950543;;;;
2022-07-03 00:00:00;0.0;122.70981038092543;;60.34547362325613;;;;
2022-07-03 01:00:00;0.0;122.70981038092543;;59.2158469396787;;;;
2022-07-03 02:00:00;0.0;122.70981038092543;;60.62554949683224;;;;
2022-07-03 03:00:00;0.0;122.70981038092543;;64.11243945540886;;;;
2022-07-03 04:00:00;0.0;122.70981038092543;;69.48916915077041;;;;
2022-07-03 05:00:00;0.0;122.70981038092543;;76.43310919165793;;;;
2022-07-03 06:00:00;0.0;122.70981038092543;;84.51342550475663;;;;
2022-07-03 07:00:00;0.0;122.70981038092543;;93.20774924050411;;;;
2022-07-03 08:00:00;0.0;122.70981038092543;;101.9512231331481;;;;
2022-07-03 09:00:00;0.0;122.70981038092543;;110.1593504128329;;;;
2022-07-03 10:00:00;0.0;122.70981038092543;;117.2792881717976;;;;
2022-07-03 11:00:00;0.0;122.70981038092543;;122.8234999291598;;;;
2022-07-03 12:00:00;0.0;122.70981038092543;;126.4166869163333;;;;
2022-07-03 13:00:00;0.0;122.70981038092543;;127.8189733644642;;;;
2022-07-03 14:00:00;0.0;122.70981038092543;;126.93784160064;;;;
2022-07-03 15:00:00;0.0;122.70981038092543;;123.8378758470851;;;;
2022-07-03 16:00:00;0.0;122.70981038092543;;118.7334864553315;;;;
2022-07-03 17:00:00;0.0;122.70981038092543;;111.983975967519;;;;
2022-07-03 18:00:00;0.0;122.70981038092543;;104.0601237483611;;;;
2022-07-03 19:00:00;0.0;122.70981038092543;;95.51656999596972;;;;
2022-07-03 20:00:00;0.0;122.70981038092543;;86.94204433024831;;;;
2022-07-03 21:00:00;0.0;122.70981038092543;;78.92232908437445;;;;
2022-07-03 22:00:00;0.0;122.70981038092543;;72.00651264645545;;;;
2022-07-03 23:00:00;0.0;122.70981038092543;;65.73853954680402;;;;
2022-07-04 00:00:00;0.0;122.70981038092543;;61.41512560181236;;;;
2022-07-04 01:00:00;0.0;122.70981038092543;;59.21108020081179;;;;
2022-07-04 02:00:00;0.0;122.70981038092543;;60.07962923012139;;;;
2022-07-04 03:00:00;0.0;122.70981038092543;;62.95591285329637;;;;
2022-07-04 04:00:00;0.0;122.70981038092543;;67.61122634420283;;;;
2022-07-04 05:00:00;0.0;122.70981038092543;;73.69011542984269;;;;
2022-07-04 06:00:00;0.0;122.70981038092543;;80.73332540850424;;;;
2022-07-04 07:00:00;0.0;122.70981038092543;;88.22541752735421;;;;
2022-07-04 08:00:00;0.0;122.70981038092543;;95.61648832621782;;;;
2022-07-04 09:00:00;0.0;122.70981038092543;;102.3808832908958;;;;
2022-07-04 10:00:00;0.0;122.70981038092543;;108.0299290732846;;;;
2022-07-04 11:00:00;0.0;122.70981038092543;;112.1611184999978;;;;
2022-07-04 12:00:00;0.0;122.70981038092543;;114.4775694560005;;;;
2022-07-04 13:00:00;0.0;122.70981038092543;;114.8144251045816;;;;
2022-07-04 14:00:00;0.0;122.70981038092543;;113.1384374606401;;;;
2022-07-04 15:00:00;0.0;122.70981038092543;;109.5577423365391;;;;
2022-07-04 16:00:00;0.0;122.70981038092543;;104.3059101450358;;;;
2022-07-04 17:00:00;0.0;122.70981038092543;;97.73390211539324;;;;
2022-07-04 18:00:00;0.0;122.70981038092543;;90.26617619868296;;;;
2022-07-04 19:00:00;0.0;122.70981038092543;;82.38572718382673;;;;
2022-07-04 20:00:00;0.0;122.70981038092543;;74.59876216741102;;;;
2022-07-04 21:00:00;0.0;122.70981038092543;;67.40162668653448;;;;
2022-07-04 22:00:00;0.0;122.70981038092543;;61.24252547886925;;;;
2022-07-04 23:00:00;0.0;122.70981038092543;;55.84165414260235;;;;
2022-07-05 00:00:00;0.0;122.70981038092543;;52.14639471240389;;;;
2022-07-05 01:00:00;0.0;122.70981038092543;;50.29658376170741;;;;
2022-07-05 02:00:00;0.0;122.70981038092543;;50.96267074692719;;;;
2022-07-05 03:00:00;0.0;122.70981038092543;;53.36783125749415;;;;
2022-07-05 04:00:00;0.0;122.70981038092543;;57.31540528397845;;;;
2022-07-05 05:00:00;0.0;122.70981038092543;;62.50919617040801;;;;
2022-07-05 06:00:00;0.0;122.70981038092543;;68.57463065439774;;;;
2022-07-05 07:00:00;0.0;122.70981038092543;;75.08578952417177;;;;
2022-07-05 08:00:00;0.0;122.70981038092543;;81.59044702521085;;;;
2022-07-05 09:00:00;0.0;122.70981038092543;;87.64407398088021;;;;
2022-07-05 10:00:00;0.0;122.70981038092543;;92.82619104570132;;;;
2022-07-05 11:00:00;0.0;122.70981038092543;;96.78695453881268;;;;
2022-07-05 12:00:00;0.0;122.70981038092543;;99.25222556655422;;;;
2022-07-05 13:00:00;0.0;122.70981038092543;;100.057937854452;;;;
2022-07-05 14:00:00;0.0;122.70981038092543;;99.14601266431173;;;;
2022-07-05 15:00:00;0.0;122.70981038092543;;96.57723117144324;;;;
2022-07-05 16:00:00;0.0;122.70981038092543;;92.5219650284736;;;;
2022-07-05 17:00:00;0.0;122.70981038092543;;87.25165507579331;;;;
2022-07-05 18:00:00;0.0;122.70981038092543;;81.12016103155622;;;;
2022-07-05 19:00:00;0.0;122.70981038092543;;74.54287085930152;;;;
2022-07-05 20:00:00;0.0;122.70981038092543;;67.96439884105996;;;;
2022-07-05 21:00:00;0.0;122.70981038092543;;61.83667368379524;;;;
2022-07-05 22:00:00;0.0;122.70981038092543;;56.580926373964;;;;
2022-07-05 23:00:00;0.0;122.70981038092543;;52.54722682056922;;;;
2022-07-06 00:00:00;0.0;122.70981038092543;;50.03479986997649;;;;
2022-07-06 01:00:00;0.0;122.70981038092543;;50.0;;;;
2022-07-06 02:00:00;0.0;122.70981038092543;;50.20013394955794;;;;
2022-07-06 03:00:00;0.0;122.70981038092543;;52.88869068153269;;;;
2022-07-06 04:00:00;0.0;122.70981038092543;;57.11903210872337;;;;
2022-07-06 05:00:00;0.0;122.70981038092543;;62.61819647454005;;;;
2022-07-06 06:00:00;0.0;122.70981038092543;;69.01799716469148;;;;
2022-07-06 07:00:00;0.0;122.70981038092543;;75.89364122758478;;;;
2022-07-06 08:00:00;0.0;122.70981038092543;;82.77427027487879;;;;
2022-07-06 09:00:00;0.0;122.70981038092543;;89.19119322944692;;;;
2022-07-06 10:00:00;0.0;122.70981038092543;;94.7057213590199;;;;
2022-07-06 11:00:00;0.0;122.70981038092543;;98.94206506020797;;;;
2022-07-06 12:00:00;0.0;122.70981038092543;;101.6103396677092;;;;
2022-07-06 13:00:00;0.0;122.70981038092543;;102.5228002971622;;;;
2022-07-06 14:00:00;0.0;122.70981038092543;;101.6157695306428;;;;
2022-07-06 15:00:00;0.0;122.70981038092543;;98.95552322910928;;;;
2022-07-06 16:00:00;0.0;122.70981038092543;;94.72001826355836;;;;
2022-07-06 17:00:00;0.0;122.70981038092543;;89.20402677800634;;;;
2022-07-06 18:00:00;0.0;122.70981038092543;;82.77898350229624;;;;
2022-07-06 19:00:00;0.0;122.70981038092543;;75.88805981008389;;;;
2022-07-06 20:00:00;0.0;122.70981038092543;;68.99552717104903;;;;
2022-07-06 21:00:00;0.0;122.70981038092543;;62.56809074205775;;;;
2022-07-06 22:00:00;0.0;122.70981038092543;;57.03591418792131;;;;
2022-07-06 23:00:00;0.0;122.70981038092543;;53.36616603648842;;;;
2022-07-07 00:00:00;0.0;122.70981038092543;;51.21893916374526;;;;
2022-07-07 01:00:00;0.0;122.70981038092543;;50.78222110803276;;;;
2022-07-07 02:00:00;0.0;122.70981038092543;;51.52170774510418;;;;
2022-07-07 03:00:00;0.0;122.70981038092543;;53.99350824025262;;;;
2022-07-07 04:00:00;0.0;122.70981038092543;;57.9992674015288;;;;
2022-07-07 05:00:00;0.0;122.70981038092543;;63.23406722108734;;;;
2022-07-07 06:00:00;0.0;122.70981038092543;;69.31797947944992;;;;
2022-07-07 07:00:00;0.0;122.70981038092543;;75.80721570268994;;;;
2022-07-07 08:00:00;0.0;122.70981038092543;;82.23790458512254;;;;
2022-07-07 09:00:00;0.0;122.70981038092543;;88.15174862986952;;;;
2022-07-07 10:00:00;0.0;122.70981038092543;;93.13448530973083;;;;
2022-07-07 11:00:00;0.0;122.70981038092543;;96.83907409013877;;;;
2022-07-07 12:00:00;0.0;122.70981038092543;;99.00599635865876;;;;
2022-07-07 13:00:00;0.0;122.70981038092543;;99.48627575284452;;;;
2022-07-07 14:00:00;0.0;122.70981038092543;;98.24619814147368;;;;
2022-07-07 15:00:00;0.0;122.70981038092543;;95.36613248861909;;;;
2022-07-07 16:00:00;0.0;122.70981038092543;;91.03644453116216;;;;
2022-07-07 17:00:00;0.0;122.70981038092543;;85.5420993777648;;;;
2022-07-07 18:00:00;0.0;122.70981038092543;;79.24668969226096;;;;
2022-07-07 19:00:00;0.0;122.70981038092543;;72.56681710808496;;;;
2022-07-07 20:00:00;0.0;122.70981038092543;;65.94203457564066;;;;
2022-07-07 21:00:00;0.0;122.70981038092543;;59.80748533943144;;;;
2022-07-07 22:00:00;0.0;122.70981038092543;;54.56228699181341;;;;
2022-07-07 23:00:00;0.0;122.70981038092543;;51.25052027034659;;;;
2022-07-08 00:00:00;0.0;122.70981038092543;;50.0;;;;
2022-07-08 01:00:00;0.0;122.70981038092543;;50.0;;;;
2022-07-08 02:00:00;0.0;122.70981038092543;;50.17491889080867;;;;
2022-07-08 03:00:00;0.0;122.70981038092543;;52.81356896878453;;;;
2022-07-08 04:00:00;0.0;122.70981038092543;;57.01885550020813;;;;
2022-07-08 05:00:00;0.0;122.70981038092543;;62.52361714905192;;;;
2022-07-08 06:00:00;0.0;122.70981038092543;;68.97404255541441;;;;
2022-07-08 07:00:00;0.0;122.70981038092543;;75.95760333147713;;;;
2022-07-08 08:00:00;0.0;122.70981038092543;;83.01555752136082;;;;
2022-07-08 09:00:00;0.0;122.70981038092543;;89.69535215143136;;;;
2022-07-08 10:00:00;0.0;122.70981038092543;;95.56135577906976;;;;
2022-07-08 11:00:00;0.0;122.70981038092543;;100.2387805320652;;;;
2022-07-08 12:00:00;0.0;122.70981038092543;;103.4200325200248;;;;
2022-07-08 13:00:00;0.0;122.70981038092543;;104.8985577783446;;;;
2022-07-08 14:00:00;0.0;122.70981038092543;;104.5846204847292;;;;
2022-07-08 15:00:00;0.0;122.70981038092543;;102.5017494005299;;;;
2022-07-08 16:00:00;0.0;122.70981038092543;;98.8007925632821;;;;
2022-07-08 17:00:00;0.0;122.70981038092543;;93.74245116081404;;;;
2022-07-08 18:00:00;0.0;122.70981038092543;;87.687012636406;;;;
2022-07-08 19:00:00;0.0;122.70981038092543;;81.0648419423338;;;;
2022-07-08 20:00:00;0.0;122.70981038092543;;74.35535726292622;;;;
2022-07-08 21:00:00;0.0;122.70981038092543;;68.05584051018289;;;;
2022-07-08 22:00:00;0.0;122.70981038092543;;62.6440415137578;;;;
2022-07-08 23:00:00;0.0;122.70981038092543;;58.88002690844426;;;;
2022-07-09 00:00:00;0.0;122.70981038092543;;56.76042197282936;;;;
2022-07-09 01:00:00;0.0;122.70981038092543;;56.53176580490664;;;;
2022-07-09 02:00:00;0.0;122.70981038092543;;57.97125443931005;;;;
2022-07-09 03:00:00;0.0;122.70981038092543;;61.40785856937736;;;;
2022-07-09 04:00:00;0.0;122.70981038092543;;66.67166997133967;;;;
2022-07-09 05:00:00;0.0;122.70981038092543;;73.46522222394199;;;;
2022-07-09 06:00:00;0.0;122.70981038092543;;81.37776093935845;;;;
2022-07-09 07:00:00;0.0;122.70981038092543;;89.91313464022605;;;;
2022-07-09 08:00:00;0.0;122.70981038092543;;98.52042317569132;;;;
2022-07-09 09:00:00;0.0;122.70981038092543;;106.6421939955283;;;;
2022-07-09 10:00:00;0.0;122.70981038092543;;113.7400429804826;;;;
2022-07-09 11:00:00;0.0;122.70981038092543;;119.3490540068039;;;;
2022-07-09 12:00:00;0.0;122.70981038092543;;123.0885123444376;;;;
2022-07-09 13:00:00;0.0;122.70981038092543;;124.7090333783279;;;;
2022-07-09 14:00:00;0.0;122.70981038092543;;124.1053836588039;;;;
2022-07-09 15:00:00;0.0;122.70981038092543;;121.3251063071221;;;;
2022-07-09 16:00:00;0.0;122.70981038092543;;116.570557961173;;;;
2022-07-09 17:00:00;0.0;122.70981038092543;;110.1760588958738;;;;
2022-07-09 18:00:00;0.0;122.70981038092543;;102.5976603660231;;;;
2022-07-09 19:00:00;0.0;122.70981038092543;;94.37005542698792;;;;
2022-07-09 20:00:00;0.0;122.70981038092543;;86.07529532481442;;;;
2022-07-09 21:00:00;0.0;122.70981038092543;;78.29706439760533;;;;
2022-07-09 22:00:00;0.0;122.70981038092543;;71.58948413400846;;;;
2022-07-09 23:00:00;0.0;122.70981038092543;;66.01531026720832;;;;
2022-07-10 00:00:00;0.0;122.70981038092543;;62.35082350614795;;;;
2022-07-10 01:00:00;0.0;122.70981038092543;;60.80420960854832;;;;
2022-07-10 02:00:00;0.0;122.70981038092543;;61.84391230898362;;;;
2022-07-10 03:00:00;0.0;122.70981038092543;;64.96123868400305;;;;
2022-07-10 04:00:00;0.0;122.70981038092543;;69.93139746081758;;;;
2022-07-10 05:00:00;0.0;122.70981038092543;;76.39696544022193;;;;
2022-07-10 06:00:00;0.0;122.70981038092543;;83.89843079572398;;;;
2022-07-10 07:00:00;0.0;122.70981038092543;;91.90087612610616;;;;
2022-07-10 08:00:00;0.0;122.70981038092543;;99.84370138520424;;;;
2022-07-10 09:00:00;0.0;122.70981038092543;;107.1669138224463;;;;
2022-07-10 10:00:00;0.0;122.70981038092543;;113.3567405031917;;;;
2022-07-10 11:00:00;0.0;122.70981038092543;;117.9751313479935;;;;
2022-07-10 12:00:00;0.0;122.70981038092543;;120.7027159419293;;;;
2022-07-10 13:00:00;0.0;122.70981038092543;;121.344071811087;;;;
2022-07-10 14:00:00;0.0;122.70981038092543;;119.8578351900199;;;;
2022-07-10 15:00:00;0.0;122.70981038092543;;116.3420961829699;;;;
2022-07-10 16:00:00;0.0;122.70981038092543;;111.0349859652;;;;
2022-07-10 17:00:00;0.0;122.70981038092543;;104.28239465158;;;;
2022-07-10 18:00:00;0.0;122.70981038092543;;96.53481886665102;;;;
2022-07-10 19:00:00;0.0;122.70981038092543;;88.30757896735942;;;;
2022-07-10 20:00:00;0.0;122.70981038092543;;80.14587053015615;;;;
2022-07-10 21:00:00;0.0;122.70981038092543;;72.57947421769195;;;;
2022-07-10 22:00:00;0.0;122.70981038092543;;66.09867410629985;;;;
2022-07-10 23:00:00;0.0;122.70981038092543;;60.28702557638238;;;;
2022-07-11 00:00:00;0.0;122.70981038092543;;56.3014961151103;;;;
2022-07-11 01:00:00;0.0;122.70981038092543;;54.29790933750301;;;;
2022-07-11 02:00:00;0.0;122.70981038092543;;55.13420261760643;;;;
2022-07-11 03:00:00;0.0;122.70981038092543;;57.85229287738837;;;;
2022-07-11 04:00:00;0.0;122.70981038092543;;62.25228185242713;;;;
2022-07-11 05:00:00;0.0;122.70981038092543;;68.01865751702834;;;;
2022-07-11 06:00:00;0.0;122.70981038092543;;74.75494572570182;;;;
2022-07-11 07:00:00;0.0;122.70981038092543;;81.9914413978237;;;;
2022-07-11 08:00:00;0.0;122.70981038092543;;89.23390022634575;;;;
2022-07-11 09:00:00;0.0;122.70981038092543;;95.98688142951248;;;;
2022-07-11 10:00:00;0.0;122.70981038092543;;101.7986910241922;;;;
2022-07-11 11:00:00;0.0;122.70981038092543;;106.276907978933;;;;
2022-07-11 12:00:00;0.0;122.70981038092543;;109.1137451121811;;;;
2022-07-11 13:00:00;0.0;122.70981038092543;;110.1194628797964;;;;
2022-07-11 14:00:00;0.0;122.70981038092543;;109.2193950785656;;;;
2022-07-11 15:00:00;0.0;122.70981038092543;;106.4816345052654;;;;
2022-07-11 16:00:00;0.0;122.70981038092543;;102.085769566155;;;;
2022-07-11 17:00:00;0.0;122.70981038092543;;96.33506869529538;;;;
2022-07-11 18:00:00;0.0;122.70981038092543;;89.61794561190922;;;;
2022-07-11 19:00:00;0.0;122.70981038092543;;82.39169002184116;;;;
2022-07-11 20:00:00;0.0;122.70981038092543;;75.1496686181367;;;;
2022-07-11 21:00:00;0.0;122.70981038092543;;68.39206594584267;;;;
2022-07-11 22:00:00;0.0;122.70981038092543;;62.58649815015076;;;;
2022-07-11 23:00:00;0.0;122.70981038092543;;57.47412341182478;;;;
2022-07-12 00:00:00;0.0;122.70981038092543;;54.04724057138402;;;;
2022-07-12 01:00:00;0.0;122.70981038092543;;52.48723423108346;;;;
2022-07-12 02:00:00;0.0;122.70981038092543;;53.51182124068694;;;;
2022-07-12 03:00:00;0.0;122.70981038092543;;56.35865900960094;;;;
2022-07-12 04:00:00;0.0;122.70981038092543;;60.8426705215257;;;;
2022-07-12 05:00:00;0.0;122.70981038092543;;66.66514644281077;;;;
2022-07-12 06:00:00;0.0;122.70981038092543;;73.43422917774707;;;;
2022-07-12 07:00:00;0.0;122.70981038092543;;80.68773523291983;;;;
2022-07-12 08:00:00;0.0;122.70981038092543;;87.93338344615104;;;;
2022-07-12 09:00:00;0.0;122.70981038092543;;94.67137656738846;;;;
2022-07-12 10:00:00;0.0;122.70981038092543;;100.4366062515016;;;;
2022-07-12 11:00:00;0.0;122.70981038092543;;104.8258583261171;;;;
2022-07-12 12:00:00;0.0;122.70981038092543;;107.5374783872865;;;;
2022-07-12 13:00:00;0.0;122.70981038092543;;108.3811282607562;;;;
2022-07-12 14:00:00;0.0;122.70981038092543;;107.2966502395508;;;;
2022-07-12 15:00:00;0.0;122.70981038092543;;104.3522178296336;;;;
2022-07-12 16:00:00;0.0;122.70981038092543;;99.75224422573687;;;;
2022-07-12 17:00:00;0.0;122.70981038092543;;93.80812674236702;;;;
2022-07-12 18:00:00;0.0;122.70981038092543;;86.92615833064677;;;;
2022-07-12 19:00:00;0.0;122.70981038092543;;79.56564021615308;;;;
2022-07-12 20:00:00;0.0;122.70981038092543;;72.22319370892875;;;;
2022-07-12 21:00:00;0.0;122.70981038092543;;65.38445576975454;;;;
2022-07-12 22:00:00;0.0;122.70981038092543;;59.4993759137814;;;;
2022-07-12 23:00:00;0.0;122.70981038092543;;54.93408193288781;;;;
2022-07-13 00:00:00;0.0;122.70981038092543;;51.97770766359644;;;;
2022-07-13 01:00:00;0.0;122.70981038092543;;50.79376976854865;;;;
2022-07-13 02:00:00;0.0;122.70981038092543;;51.42515440612584;;;;
2022-07-13 03:00:00;0.0;122.70981038092543;;53.77494706185955;;;;
2022-07-13 04:00:00;0.0;122.70981038092543;;57.63496146605138;;;;
2022-07-13 05:00:00;0.0;122.70981038092543;;62.69828268640025;;;;
2022-07-13 06:00:00;0.0;122.70981038092543;;68.57230544699206;;;;
2022-07-13 07:00:00;0.0;122.70981038092543;;74.82020498838445;;;;
2022-07-13 08:00:00;0.0;122.70981038092543;;80.97808935948086;;;;
2022-07-13 09:00:00;0.0;122.70981038092543;;86.59821540793206;;;;
2022-07-13 10:00:00;0.0;122.70981038092543;;91.27425323505398;;;;
2022-07-13 11:00:00;0.0;122.70981038092543;;94.67153820035608;;;;
2022-07-13 12:00:00;0.0;122.70981038092543;;96.54804175013312;;;;
2022-07-13 13:00:00;0.0;122.70981038092543;;96.76672020674508;;;;
2022-07-13 14:00:00;0.0;122.70981038092543;;95.3066741834668;;;;
2022-07-13 15:00:00;0.0;122.70981038092543;;92.26109110545374;;;;
2022-07-13 16:00:00;0.0;122.70981038092543;;87.82637311246955;;;;
2022-07-13 17:00:00;0.0;122.70981038092543;;82.29177108408103;;;;
2022-07-13 18:00:00;0.0;122.70981038092543;;76.0177605787902;;;;
2022-07-13 19:00:00;0.0;122.70981038092543;;69.40751143673316;;;;
2022-07-13 20:00:00;0.0;122.70981038092543;;62.88542254662561;;;;
2022-07-13 21:00:00;0.0;122.70981038092543;;56.86495536977517;;;;
2022-07-13 22:00:00;0.0;122.70981038092543;;51.72575249288023;;;;
2022-07-13 23:00:00;0.0;122.70981038092543;;50.0;;;;
2022-07-14 00:00:00;0.0;122.70981038092543;;50.0;;;;
2022-07-14 01:00:00;0.0;122.70981038092543;;50.0;;;;
2022-07-14 02:00:00;0.0;122.70981038092543;;50.0;;;;
2022-07-14 03:00:00;0.0;122.70981038092543;;50.0;;;;
2022-07-14 04:00:00;0.0;122.70981038092543;;52.75858097515931;;;;
2022-07-14 05:00:00;0.0;122.70981038092543;;57.69868201943129;;;;
2022-07-14 06:00:00;0.0;122.70981038092543;;63.48324816297514;;;;
2022-07-14 07:00:00;0.0;122.70981038092543;;69.72493345632364;;;;
2022-07-14 08:00:00;0.0;122.70981038092543;;76.01252008168919;;;;
2022-07-14 09:00:00;0.0;122.70981038092543;;81.93277438139872;;;;
2022-07-14 10:00:00;0.0;122.70981038092543;;87.0943193754128;;;;
2022-07-14 11:00:00;0.0;122.70981038092543;;91.15412591067096;;;;
2022-07-14 12:00:00;0.0;122.70981038092543;;93.84692162612151;;;;
2022-07-14 13:00:00;0.0;122.70981038092543;;94.99744751203384;;;;
2022-07-14 14:00:00;0.0;122.70981038092543;;94.53347456571788;;;;
2022-07-14 15:00:00;0.0;122.70981038092543;;92.4851031424075;;;;
2022-07-14 16:00:00;0.0;122.70981038092543;;88.99733952828154;;;;
2022-07-14 17:00:00;0.0;122.70981038092543;;84.31013090495047;;;;
2022-07-14 18:00:00;0.0;122.70981038092543;;78.7509017202788;;;;
2022-07-14 19:00:00;0.0;122.70981038092543;;72.70860609416883;;;;
2022-07-14 20:00:00;0.0;122.70981038092543;;66.61408588180838;;;;
2022-07-14 21:00:00;0.0;122.70981038092543;;60.90644759823102;;;;
2022-07-14 22:00:00;0.0;122.70981038092543;;56.00518600040579;;;;
2022-07-14 23:00:00;0.0;122.70981038092543;;53.02572554217603;;;;
2022-07-15 00:00:00;0.0;122.70981038092543;;51.52116490599906;;;;
2022-07-15 01:00:00;0.0;122.70981038092543;;51.7248400387561;;;;
2022-07-15 02:00:00;0.0;122.70981038092543;;53.01300230972602;;;;
2022-07-15 03:00:00;0.0;122.70981038092543;;56.13168146987022;;;;
2022-07-15 04:00:00;0.0;122.70981038092543;;60.92350492292031;;;;
2022-07-15 05:00:00;0.0;122.70981038092543;;67.11563583763095;;;;
2022-07-15 06:00:00;0.0;122.70981038092543;;74.33198481605288;;;;
2022-07-15 07:00:00;0.0;122.70981038092543;;82.12136256336684;;;;
2022-07-15 08:00:00;0.0;122.70981038092543;;89.9828651887282;;;;
2022-07-15 09:00:00;0.0;122.70981038092543;;97.4105839853126;;;;
2022-07-15 10:00:00;0.0;122.70981038092543;;103.9164276506108;;;;
2022-07-15 11:00:00;0.0;122.70981038092543;;109.0661817199124;;;;
2022-07-15 12:00:00;0.0;122.70981038092543;;112.5105025517604;;;;
2022-07-15 13:00:00;0.0;122.70981038092543;;114.0228509649545;;;;
2022-07-15 14:00:00;0.0;122.70981038092543;;113.5075646852613;;;;
2022-07-15 15:00:00;0.0;122.70981038092543;;111.012209510865;;;;
2022-07-15 16:00:00;0.0;122.70981038092543;;106.7176970738825;;;;
2022-07-15 17:00:00;0.0;122.70981038092543;;100.9284550534746;;;;
2022-07-15 18:00:00;0.0;122.70981038092543;;94.05034325381862;;;;
2022-07-15 19:00:00;0.0;122.70981038092543;;86.56843473600159;;;;
2022-07-15 20:00:00;0.0;122.70981038092543;;79.01829069596708;;;;
2022-07-15 21:00:00;0.0;122.70981038092543;;71.93914799694232;;;;
2022-07-15 22:00:00;0.0;122.70981038092543;;65.83525412183545;;;;
2022-07-15 23:00:00;0.0;122.70981038092543;;61.50588915317745;;;;
2022-07-16 00:00:00;0.0;122.70981038092543;;58.91618981068564;;;;
2022-07-16 01:00:00;0.0;122.70981038092543;;58.29358638138902;;;;
2022-07-16 02:00:00;0.0;122.70981038092543;;59.36052669834513;;;;
2022-07-16 03:00:00;0.0;122.70981038092543;;62.4302199830632;;;;
2022-07-16 04:00:00;0.0;122.70981038092543;;67.29190476463815;;;;
2022-07-16 05:00:00;0.0;122.70981038092543;;73.61164313845295;;;;
2022-07-16 06:00:00;0.0;122.70981038092543;;80.95434554868285;;;;
2022-07-16 07:00:00;0.0;122.70981038092543;;88.80789559717114;;;;
2022-07-16 08:00:00;0.0;122.70981038092543;;96.63275063607011;;;;
2022-07-16 09:00:00;0.0;122.70981038092543;;103.8819741288204;;;;
2022-07-16 10:00:00;0.0;122.70981038092543;;110.0592366699201;;;;
2022-07-16 11:00:00;0.0;122.70981038092543;;114.7323278197677;;;;
2022-07-16 12:00:00;0.0;122.70981038092543;;117.5859649321434;;;;
2022-07-16 13:00:00;0.0;122.70981038092543;;118.4238870203061;;;;
2022-07-16 14:00:00;0.0;122.70981038092543;;117.1927365160496;;;;
2022-07-16 15:00:00;0.0;122.70981038092543;;113.9763573129021;;;;
2022-07-16 16:00:00;0.0;122.70981038092543;;108.9954945323292;;;;
2022-07-16 17:00:00;0.0;122.70981038092543;;102.5812906267022;;;;
2022-07-16 18:00:00;0.0;122.70981038092543;;95.16536400367822;;;;
2022-07-16 19:00:00;0.0;122.70981038092543;;87.24694654223917;;;;
2022-07-16 20:00:00;0.0;122.70981038092543;;79.36325410144364;;;;
2022-07-16 21:00:00;0.0;122.70981038092543;;72.04169954418624;;;;
2022-07-16 22:00:00;0.0;122.70981038092543;;65.76935090009816;;;;
2022-07-16 23:00:00;0.0;122.70981038092543;;60.60001645941767;;;;
2022-07-17 00:00:00;0.0;122.70981038092543;;57.22392552144473;;;;
2022-07-17 01:00:00;0.0;122.70981038092543;;55.8274971792722;;;;
2022-07-17 02:00:00;0.0;122.70981038092543;;56.83177589030421;;;;
2022-07-17 03:00:00;0.0;122.70981038092543;;59.787457289824;;;;
2022-07-17 04:00:00;0.0;122.70981038092543;;64.50062953084587;;;;
2022-07-17 05:00:00;0.0;122.70981038092543;;70.65756984740207;;;;
2022-07-17 06:00:00;0.0;122.70981038092543;;77.85151213824635;;;;
2022-07-17 07:00:00;0.0;122.70981038092543;;85.60510017723651;;;;
2022-07-17 08:00:00;0.0;122.70981038092543;;93.40601094930123;;;;
2022-07-17 09:00:00;0.0;122.70981038092543;;100.7343183942723;;;;
2022-07-17 10:00:00;0.0;122.70981038092543;;107.1033567345335;;;;
2022-07-17 11:00:00;0.0;122.70981038092543;;112.0904265124739;;;;
2022-07-17 12:00:00;0.0;122.70981038092543;;115.3641830919395;;;;
2022-07-17 13:00:00;0.0;122.70981038092543;;116.708793394012;;;;
2022-07-17 14:00:00;0.0;122.70981038092543;;116.0347921302893;;;;
2022-07-17 15:00:00;0.0;122.70981038092543;;113.3916813851472;;;;
2022-07-17 16:00:00;0.0;122.70981038092543;;108.9560801696854;;;;
2022-07-17 17:00:00;0.0;122.70981038092543;;103.0429149774801;;;;
2022-07-17 18:00:00;0.0;122.70981038092543;;96.06136807359208;;;;
2022-07-17 19:00:00;0.0;122.70981038092543;;88.50208594946943;;;;
2022-07-17 20:00:00;0.0;122.70981038092543;;80.89161325380599;;;;
2022-07-17 21:00:00;0.0;122.70981038092543;;73.77002856014076;;;;
2022-07-17 22:00:00;0.0;122.70981038092543;;67.6487294041402;;;;
2022-07-17 23:00:00;0.0;122.70981038092543;;62.11808515574011;;;;
2022-07-18 00:00:00;0.0;122.70981038092543;;58.39649364195983;;;;
2022-07-18 01:00:00;0.0;122.70981038092543;;56.68297848711568;;;;
2022-07-18 02:00:00;0.0;122.70981038092543;;57.89351441874835;;;;
2022-07-18 03:00:00;0.0;122.70981038092543;;61.07778789363191;;;;
2022-07-18 04:00:00;0.0;122.70981038092543;;66.04339959977082;;;;
2022-07-18 05:00:00;0.0;122.70981038092543;;72.47344788398786;;;;
2022-07-18 06:00:00;0.0;122.70981038092543;;79.948667725612;;;;
2022-07-18 07:00:00;0.0;122.70981038092543;;87.96959712197463;;;;
2022-07-18 08:00:00;0.0;122.70981038092543;;95.99358117070642;;;;
2022-07-18 09:00:00;0.0;122.70981038092543;;103.4744641135811;;;;
2022-07-18 10:00:00;0.0;122.70981038092543;;109.902901004093;;;;
2022-07-18 11:00:00;0.0;122.70981038092543;;114.8384002267717;;;;
2022-07-18 12:00:00;0.0;122.70981038092543;;117.9352106333747;;;;
2022-07-18 13:00:00;0.0;122.70981038092543;;118.983348027541;;;;
2022-07-18 14:00:00;0.0;122.70981038092543;;117.9073327812499;;;;
2022-07-18 15:00:00;0.0;122.70981038092543;;114.7893967147497;;;;
2022-07-18 16:00:00;0.0;122.70981038092543;;109.8358593256389;;;;
2022-07-18 17:00:00;0.0;122.70981038092543;;103.3830413519898;;;;
2022-07-18 18:00:00;0.0;122.70981038092543;;95.8695826065202;;;;
2022-07-18 19:00:00;0.0;122.70981038092543;;87.80969394396509;;;;
2022-07-18 20:00:00;0.0;122.70981038092543;;79.7512210979827;;;;
2022-07-18 21:00:00;0.0;122.70981038092543;;72.23665495926292;;;;
2022-07-18 22:00:00;0.0;122.70981038092543;;65.76438057908351;;;;
2022-07-18 23:00:00;0.0;122.70981038092543;;60.07173427816782;;;;
2022-07-19 00:00:00;0.0;122.70981038092543;;56.16618682230683;;;;
2022-07-19 01:00:00;0.0;122.70981038092543;;54.20543721493361;;;;
2022-07-19 02:00:00;0.0;122.70981038092543;;54.89173543778524;;;;
2022-07-19 03:00:00;0.0;122.70981038092543;;57.40893835292066;;;;
2022-07-19 04:00:00;0.0;122.70981038092543;;61.53697412241332;;;;
2022-07-19 05:00:00;0.0;122.70981038092543;;66.94436716696431;;;;
2022-07-19 06:00:00;0.0;122.70981038092543;;73.21515353280418;;;;
2022-07-19 07:00:00;0.0;122.70981038092543;;79.87321668204197;;;;
2022-07-19 08:00:00;0.0;122.70981038092543;;86.42558386390837;;;;
2022-07-19 09:00:00;0.0;122.70981038092543;;92.38791899517976;;;;
2022-07-19 10:00:00;0.0;122.70981038092543;;97.33096590135868;;;;
2022-07-19 11:00:00;0.0;122.70981038092543;;100.8963113034209;;;;
2022-07-19 12:00:00;0.0;122.70981038092543;;102.8283793278474;;;;
2022-07-19 13:00:00;0.0;122.70981038092543;;102.9840062508563;;;;
2022-07-19 14:00:00;0.0;122.70981038092543;;101.3380458820463;;;;
2022-07-19 15:00:00;0.0;122.70981038092543;;98.0019330648524;;;;
2022-07-19 16:00:00;0.0;122.70981038092543;;93.18684806061742;;;;
2022-07-19 17:00:00;0.0;122.70981038092543;;87.21377749707455;;;;
2022-07-19 18:00:00;0.0;122.70981038092543;;80.4600612865345;;;;
2022-07-19 19:00:00;0.0;122.70981038092543;;73.36378726181044;;;;
2022-07-19 20:00:00;0.0;122.70981038092543;;66.37223056908806;;;;
2022-07-19 21:00:00;0.0;122.70981038092543;;59.92286271427814;;;;
2022-07-19 22:00:00;0.0;122.70981038092543;;54.41009974508314;;;;
2022-07-19 23:00:00;0.0;122.70981038092543;;50.16730670620808;;;;
2022-07-20 00:00:00;0.0;122.70981038092543;;50.0;;;;
2022-07-20 01:00:00;0.0;122.70981038092543;;50.0;;;;
2022-07-20 02:00:00;0.0;122.70981038092543;;50.0;;;;
2022-07-20 03:00:00;0.0;122.70981038092543;;50.0;;;;
2022-07-20 04:00:00;0.0;122.70981038092543;;52.82059157204526;;;;
2022-07-20 05:00:00;0.0;122.70981038092543;;57.61762149887966;;;;
2022-07-20 06:00:00;0.0;122.70981038092543;;63.22873564358508;;;;
2022-07-20 07:00:00;0.0;122.70981038092543;;69.2648113676915;;;;
2022-07-20 08:00:00;0.0;122.70981038092543;;75.30947095090613;;;;
2022-07-20 09:00:00;0.0;122.70981038092543;;80.94919044069965;;;;
2022-07-20 10:00:00;0.0;122.70981038092543;;85.80551703139554;;;;
2022-07-20 11:00:00;0.0;122.70981038092543;;89.55651222189553;;;;
2022-07-20 12:00:00;0.0;122.70981038092543;;91.94695233429306;;;;
2022-07-20 13:00:00;0.0;122.70981038092543;;92.81201945124096;;;;
2022-07-20 14:00:00;0.0;122.70981038092543;;92.09171746786998;;;;
2022-07-20 15:00:00;0.0;122.70981038092543;;89.83785520093511;;;;
2022-07-20 16:00:00;0.0;122.70981038092543;;86.2009064815955;;;;
2022-07-20 17:00:00;0.0;122.70981038092543;;81.42533781943405;;;;
2022-07-20 18:00:00;0.0;122.70981038092543;;75.83919354266231;;;;
2022-07-20 19:00:00;0.0;122.70981038092543;;69.8247663375474;;;;
2022-07-20 20:00:00;0.0;122.70981038092543;;63.79496949627596;;;;
2022-07-20 21:00:00;0.0;122.70981038092543;;58.16697424733196;;;;
2022-07-20 22:00:00;0.0;122.70981038092543;;53.33907444796647;;;;
2022-07-20 23:00:00;0.0;122.70981038092543;;50.25331244506914;;;;
2022-07-21 00:00:00;0.0;122.70981038092543;;50.0;;;;
2022-07-21 01:00:00;0.0;122.70981038092543;;50.0;;;;
2022-07-21 02:00:00;0.0;122.70981038092543;;50.0;;;;
2022-07-21 03:00:00;0.0;122.70981038092543;;52.40035948695422;;;;
2022-07-21 04:00:00;0.0;122.70981038092543;;56.73362825321193;;;;
2022-07-21 05:00:00;0.0;122.70981038092543;;62.34909638175587;;;;
2022-07-21 06:00:00;0.0;122.70981038092543;;68.8949731020858;;;;
2022-07-21 07:00:00;0.0;122.70981038092543;;75.94720007108691;;;;
2022-07-21 08:00:00;0.0;122.70981038092543;;83.04064017190139;;;;
2022-07-21 09:00:00;0.0;122.70981038092543;;89.70531925808949;;;;
2022-07-21 10:00:00;0.0;122.70981038092543;;95.4963068194162;;;;
2022-07-21 11:00:00;0.0;122.70981038092543;;100.0252613488002;;;;
2022-07-21 12:00:00;0.0;122.70981038092543;;102.9855194309635;;;;
2022-07-21 13:00:00;0.0;122.70981038092543;;104.1774018881399;;;;
2022-07-21 14:00:00;0.0;122.70981038092543;;103.5277267631378;;;;
2022-07-21 15:00:00;0.0;122.70981038092543;;101.0847578601577;;;;
2022-07-21 16:00:00;0.0;122.70981038092543;;97.01967371657484;;;;
2022-07-21 17:00:00;0.0;122.70981038092543;;91.611746139958;;;;
2022-07-21 18:00:00;0.0;122.70981038092543;;85.23491604160988;;;;
2022-07-21 19:00:00;0.0;122.70981038092543;;78.33948454543662;;;;
2022-07-21 20:00:00;0.0;122.70981038092543;;71.40832939846513;;;;
2022-07-21 21:00:00;0.0;122.70981038092543;;64.92606641608458;;;;
2022-07-21 22:00:00;0.0;122.70981038092543;;59.34187425404082;;;;
2022-07-21 23:00:00;0.0;122.70981038092543;;55.82722093219801;;;;
2022-07-22 00:00:00;0.0;122.70981038092543;;53.88211174687933;;;;
2022-07-22 01:00:00;0.0;122.70981038092543;;53.71911758247976;;;;
2022-07-22 02:00:00;0.0;122.70981038092543;;54.64486682592743;;;;
2022-07-22 03:00:00;0.0;122.70981038092543;;57.41624522313668;;;;
2022-07-22 04:00:00;0.0;122.70981038092543;;61.83638260191442;;;;
2022-07-22 05:00:00;0.0;122.70981038092543;;67.59548894238044;;;;
2022-07-22 06:00:00;0.0;122.70981038092543;;74.28680199213281;;;;
2022-07-22 07:00:00;0.0;122.70981038092543;;81.44440564533068;;;;
2022-07-22 08:00:00;0.0;122.70981038092543;;88.5720802055621;;;;
2022-07-22 09:00:00;0.0;122.70981038092543;;95.17913708383158;;;;
2022-07-22 10:00:00;0.0;122.70981038092543;;100.8060615496446;;;;
2022-07-22 11:00:00;0.0;122.70981038092543;;105.0643797525213;;;;
2022-07-22 12:00:00;0.0;122.70981038092543;;107.6635076237321;;;;
2022-07-22 13:00:00;0.0;122.70981038092543;;108.4280048792758;;;;
2022-07-22 14:00:00;0.0;122.70981038092543;;107.3046256952665;;;;
2022-07-22 15:00:00;0.0;122.70981038092543;;104.3714600096181;;;;
2022-07-22 16:00:00;0.0;122.70981038092543;;99.83181979749476;;;;
2022-07-22 17:00:00;0.0;122.70981038092543;;93.9850557799293;;;;
2022-07-22 18:00:00;0.0;122.70981038092543;;87.22659712885577;;;;
2022-07-22 19:00:00;0.0;122.70981038092543;;80.0086500184889;;;;
2022-07-22 20:00:00;0.0;122.70981038092543;;72.82408651645117;;;;
2022-07-22 21:00:00;0.0;122.70981038092543;;66.15532661118098;;;;
2022-07-22 22:00:00;0.0;122.70981038092543;;60.44820940473312;;;;
2022-07-22 23:00:00;0.0;122.70981038092543;;56.43137654060435;;;;
2022-07-23 00:00:00;0.0;122.70981038092543;;54.04997634062909;;;;
2022-07-23 01:00:00;0.0;122.70981038092543;;53.50694210075273;;;;
2022-07-23 02:00:00;0.0;122.70981038092543;;54.54252296774862;;;;
2022-07-23 03:00:00;0.0;122.70981038092543;;57.46065871860716;;;;
2022-07-23 04:00:00;0.0;122.70981038092543;;62.08591864337085;;;;
2022-07-23 05:00:00;0.0;122.70981038092543;;68.12083162697238;;;;
2022-07-23 06:00:00;0.0;122.70981038092543;;75.18421342179917;;;;
2022-07-23 07:00:00;0.0;122.70981038092543;;82.81457557994892;;;;
2022-07-23 08:00:00;0.0;122.70981038092543;;90.5242399745678;;;;
2022-07-23 09:00:00;0.0;122.70981038092543;;97.81076863759772;;;;
2022-07-23 10:00:00;0.0;122.70981038092543;;104.2059925893748;;;;
2022-07-23 11:00:00;0.0;122.70981038092543;;109.2853392855822;;;;
2022-07-23 12:00:00;0.0;122.70981038092543;;112.7131581386736;;;;
2022-07-23 13:00:00;0.0;122.70981038092543;;114.2647978144752;;;;
2022-07-23 14:00:00;0.0;122.70981038092543;;113.8510451673007;;;;
2022-07-23 15:00:00;0.0;122.70981038092543;;111.5083034359474;;;;
2022-07-23 16:00:00;0.0;122.70981038092543;;107.400470279312;;;;
2022-07-23 17:00:00;0.0;122.70981038092543;;101.8150876229489;;;;
2022-07-23 18:00:00;0.0;122.70981038092543;;95.14681934209052;;;;
2022-07-23 19:00:00;0.0;122.70981038092543;;87.87206231838849;;;;
2022-07-23 20:00:00;0.0;122.70981038092543;;80.51128442225331;;;;
2022-07-23 21:00:00;0.0;122.70981038092543;;73.6024280389574;;;;
2022-07-23 22:00:00;0.0;122.70981038092543;;67.65982947477188;;;;
2022-07-23 23:00:00;0.0;122.70981038092543;;62.7739904323723;;;;
2022-07-24 00:00:00;0.0;122.70981038092543;;59.67714717588456;;;;
2022-07-24 01:00:00;0.0;122.70981038092543;;58.59943655811246;;;;
2022-07-24 02:00:00;0.0;122.70981038092543;;59.99770441516185;;;;
2022-07-24 03:00:00;0.0;122.70981038092543;;63.45189188015001;;;;
2022-07-24 04:00:00;0.0;122.70981038092543;;68.77517107954306;;;;
2022-07-24 05:00:00;0.0;122.70981038092543;;75.65284504370594;;;;
2022-07-24 06:00:00;0.0;122.70981038092543;;83.65068572237195;;;;
2022-07-24 07:00:00;0.0;122.70981038092543;;92.25602850004672;;;;
2022-07-24 08:00:00;0.0;122.70981038092543;;100.9026942594419;;;;
2022-07-24 09:00:00;0.0;122.70981038092543;;109.0180211674437;;;;
2022-07-24 10:00:00;0.0;122.70981038092543;;116.0576395754402;;;;
2022-07-24 11:00:00;0.0;122.70981038092543;;121.5459101925318;;;;
2022-07-24 12:00:00;0.0;122.70981038092543;;125.1052356806755;;;;
2022-07-24 13:00:00;0.0;122.70981038092543;;126.4933183888613;;;;
2022-07-24 14:00:00;0.0;122.70981038092543;;125.6205599025454;;;;
2022-07-24 15:00:00;0.0;122.70981038092543;;122.5547671187601;;;;
2022-07-24 16:00:00;0.0;122.70981038092543;;117.5157496898596;;;;
2022-07-24 17:00:00;0.0;122.70981038092543;;110.8456939366014;;;;
2022-07-24 18:00:00;0.0;122.70981038092543;;103.0127452180848;;;;
2022-07-24 19:00:00;0.0;122.70981038092543;;94.55456543832824;;;;
2022-07-24 20:00:00;0.0;122.70981038092543;;86.06667803367168;;;;
2022-07-24 21:00:00;0.0;122.70981038092543;;78.12510470225855;;;;
2022-07-24 22:00:00;0.0;122.70981038092543;;71.27741417619626;;;;
2022-07-24 23:00:00;0.0;122.70981038092543;;65.10380544497855;;;;
2022-07-25 00:00:00;0.0;122.70981038092543;;60.85443228814359;;;;
2022-07-25 01:00:00;0.0;122.70981038092543;;58.70578438208116;;;;
2022-07-25 02:00:00;0.0;122.70981038092543;;59.56725675087691;;;;
2022-07-25 03:00:00;0.0;122.70981038092543;;62.42122755513756;;;;
2022-07-25 04:00:00;0.0;122.70981038092543;;67.03775568212328;;;;
2022-07-25 05:00:00;0.0;122.70981038092543;;73.05942771394275;;;;
2022-07-25 06:00:00;0.0;122.70981038092543;;80.03924756618046;;;;
2022-07-25 07:00:00;0.0;122.70981038092543;;87.462113065334;;;;
2022-07-25 08:00:00;0.0;122.70981038092543;;94.7945423462856;;;;
2022-07-25 09:00:00;0.0;122.70981038092543;;101.5033707090324;;;;
2022-07-25 10:00:00;0.0;122.70981038092543;;107.1127602228746;;;;
2022-07-25 11:00:00;0.0;122.70981038092543;;111.2186710190206;;;;
2022-07-25 12:00:00;0.0;122.70981038092543;;113.5256330962821;;;;
2022-07-25 13:00:00;0.0;122.70981038092543;;113.8616045943496;;;;
2022-07-25 14:00:00;0.0;122.70981038092543;;112.1968053640903;;;;
2022-07-25 15:00:00;0.0;122.70981038092543;;108.6405084414255;;;;
2022-07-25 16:00:00;0.0;122.70981038092543;;103.4339054400534;;;;
2022-07-25 17:00:00;0.0;122.70981038092543;;96.9142104198866;;;;
2022-07-25 18:00:00;0.0;122.70981038092543;;89.50915435606585;;;;
2022-07-25 19:00:00;0.0;122.70981038092543;;81.69454446432286;;;;
2022-07-25 20:00:00;0.0;122.70981038092543;;73.97258988502716;;;;
2022-07-25 21:00:00;0.0;122.70981038092543;;66.83622308246731;;;;
2022-07-25 22:00:00;0.0;122.70981038092543;;60.72802356278108;;;;
2022-07-25 23:00:00;0.0;122.70981038092543;;55.40442882317399;;;;
2022-07-26 00:00:00;0.0;122.70981038092543;;51.77049623089673;;;;
2022-07-26 01:00:00;0.0;122.70981038092543;;50.0;;;;
2022-07-26 02:00:00;0.0;122.70981038092543;;50.62727574085473;;;;
2022-07-26 03:00:00;0.0;122.70981038092543;;53.01501213266654;;;;
2022-07-26 04:00:00;0.0;122.70981038092543;;56.93492989817406;;;;
2022-07-26 05:00:00;0.0;122.70981038092543;;62.09330190599915;;;;
2022-07-26 06:00:00;0.0;122.70981038092543;;68.11894985370022;;;;
2022-07-26 07:00:00;0.0;122.70981038092543;;74.58946087115623;;;;
2022-07-26 08:00:00;0.0;122.70981038092543;;81.05423514602072;;;;
2022-07-26 09:00:00;0.0;122.70981038092543;;87.06918620259297;;;;
2022-07-26 10:00:00;0.0;122.70981038092543;;92.2205699738596;;;;
2022-07-26 11:00:00;0.0;122.70981038092543;;96.15638934686194;;;;
2022-07-26 12:00:00;0.0;122.70981038092543;;98.60888308779973;;;;
2022-07-26 13:00:00;0.0;122.70981038092543;;99.41498575401098;;;;
2022-07-26 14:00:00;0.0;122.70981038092543;;98.514858405045;;;;
2022-07-26 15:00:00;0.0;122.70981038092543;;95.96594419137516;;;;
2022-07-26 16:00:00;0.0;122.70981038092543;;91.93620659123464;;;;
2022-07-26 17:00:00;0.0;122.70981038092543;;86.70241941450638;;;;
2022-07-26 18:00:00;0.0;122.70981038092543;;80.61427817436379;;;;
2022-07-26 19:00:00;0.0;122.70981038092543;;74.0827802254627;;;;
2022-07-26 20:00:00;0.0;122.70981038092543;;67.54925238061526;;;;
2022-07-26 21:00:00;0.0;122.70981038092543;;61.46371433874046;;;;
2022-07-26 22:00:00;0.0;122.70981038092543;;56.24548711901468;;;;
2022-07-26 23:00:00;0.0;122.70981038092543;;52.26915334508602;;;;
2022-07-27 00:00:00;0.0;122.70981038092543;;50.0;;;;
2022-07-27 01:00:00;0.0;122.70981038092543;;50.0;;;;
2022-07-27 02:00:00;0.0;122.70981038092543;;50.00104344251334;;;;
2022-07-27 03:00:00;0.0;122.70981038092543;;52.68038502913025;;;;
2022-07-27 04:00:00;0.0;122.70981038092543;;56.89854310175157;;;;
2022-07-27 05:00:00;0.0;122.70981038092543;;62.37903283262116;;;;
2022-07-27 06:00:00;0.0;122.70981038092543;;68.75682562721286;;;;
2022-07-27 07:00:00;0.0;122.70981038092543;;75.60366676269612;;;;
2022-07-27 08:00:00;0.0;122.70981038092543;;82.45419086245641;;;;
2022-07-27 09:00:00;0.0;122.70981038092543;;88.84538668551087;;;;
2022-07-27 10:00:00;0.0;122.70981038092543;;94.33599644217838;;;;
2022-07-27 11:00:00;0.0;122.70981038092543;;98.55416097184144;;;;
2022-07-27 12:00:00;0.0;122.70981038092543;;101.2076064906946;;;;
2022-07-27 13:00:00;0.0;122.70981038092543;;102.1154710308929;;;;
2022-07-27 14:00:00;0.0;122.70981038092543;;101.2129967167623;;;;
2022-07-27 15:00:00;0.0;122.70981038092543;;98.56045816444356;;;;
2022-07-27 16:00:00;0.0;122.70981038092543;;94.3412211421578;;;;
2022-07-27 17:00:00;0.0;122.70981038092543;;88.8445283270435;;;;
2022-07-27 18:00:00;0.0;122.70981038092543;;82.44154909602325;;;;
2022-07-27 19:00:00;0.0;122.70981038092543;;75.57248703910807;;;;
2022-07-27 20:00:00;0.0;122.70981038092543;;68.70286712845257;;;;
2022-07-27 21:00:00;0.0;122.70981038092543;;62.30028546805521;;;;
2022-07-27 22:00:00;0.0;122.70981038092543;;56.79160118597299;;;;
2022-07-27 23:00:00;0.0;122.70981038092543;;53.16804142400863;;;;
2022-07-28 00:00:00;0.0;122.70981038092543;;51.05986249976563;;;;
2022-07-28 01:00:00;0.0;122.70981038092543;;50.65307289970475;;;;
2022-07-28 02:00:00;0.0;122.70981038092543;;51.38816978597342;;;;
2022-07-28 03:00:00;0.0;122.70981038092543;;53.85186620767021;;;;
2022-07-28 04:00:00;0.0;122.70981038092543;;57.84711850863478;;;;
2022-07-28 05:00:00;0.0;122.70981038092543;;63.07253525487105;;;;
2022-07-28 06:00:00;0.0;122.70981038092543;;69.14186771202706;;;;
2022-07-28 07:00:00;0.0;122.70981038092543;;75.61735962485139;;;;
2022-07-28 08:00:00;0.0;122.70981038092543;;82.0353558728482;;;;
2022-07-28 09:00:00;0.0;122.70981038092543;;87.94052387945534;;;;
2022-07-28 10:00:00;0.0;122.70981038092543;;92.91715616289764;;;;
2022-07-28 11:00:00;0.0;122.70981038092543;;96.61614420357904;;;;
2022-07-28 12:00:00;0.0;122.70981038092543;;98.78240292010804;;;;
2022-07-28 13:00:00;0.0;122.70981038092543;;99.26258689762824;;;;
2022-07-28 14:00:00;0.0;122.70981038092543;;98.0261772217429;;;;
2022-07-28 15:00:00;0.0;122.70981038092543;;95.15313465274868;;;;
2022-07-28 16:00:00;0.0;122.70981038092543;;90.83385777620114;;;;
2022-07-28 17:00:00;0.0;122.70981038092543;;85.35010038947237;;;;
2022-07-28 18:00:00;0.0;122.70981038092543;;79.06588720154144;;;;
2022-07-28 19:00:00;0.0;122.70981038092543;;72.39668958331927;;;;
2022-07-28 20:00:00;0.0;122.70981038092543;;65.78263807214665;;;;
2022-07-28 21:00:00;0.0;122.70981038092543;;59.65768706010122;;;;
2022-07-28 22:00:00;0.0;122.70981038092543;;54.42337804603592;;;;
2022-07-28 23:00:00;0.0;122.70981038092543;;51.14790528430215;;;;
2022-07-29 00:00:00;0.0;122.70981038092543;;50.0;;;;
2022-07-29 01:00:00;0.0;122.70981038092543;;50.0;;;;
2022-07-29 02:00:00;0.0;122.70981038092543;;50.13056867965352;;;;
2022-07-29 03:00:00;0.0;122.70981038092543;;52.76964697660422;;;;
2022-07-29 04:00:00;0.0;122.70981038092543;;56.97312162055039;;;;
2022-07-29 05:00:00;0.0;122.70981038092543;;62.47561201475863;;;;
2022-07-29 06:00:00;0.0;122.70981038092543;;68.92076601229752;;;;
2022-07-29 07:00:00;0.0;122.70981038092543;;75.89390110522095;;;;
2022-07-29 08:00:00;0.0;122.70981038092543;;82.94366381494686;;;;
2022-07-29 09:00:00;0.0;122.70981038092543;;89.61683404978348;;;;
2022-07-29 10:00:00;0.0;122.70981038092543;;95.48127566931676;;;;
2022-07-29 11:00:00;0.0;122.70981038092543;;100.154595390534;;;;
2022-07-29 12:00:00;0.0;122.70981038092543;;103.3299706013782;;;;
2022-07-29 13:00:00;0.0;122.70981038092543;;104.8021291769356;;;;
2022-07-29 14:00:00;0.0;122.70981038092543;;104.4844534917857;;;;
2022-07-29 15:00:00;0.0;122.70981038092543;;102.400565007754;;;;
2022-07-29 16:00:00;0.0;122.70981038092543;;98.70120730593555;;;;
2022-07-29 17:00:00;0.0;122.70981038092543;;93.64230265971364;;;;
2022-07-29 18:00:00;0.0;122.70981038092543;;87.59073791833254;;;;
2022-07-29 19:00:00;0.0;122.70981038092543;;80.97715256346568;;;;
2022-07-29 20:00:00;0.0;122.70981038092543;;74.2801538157841;;;;
2022-07-29 21:00:00;0.0;122.70981038092543;;67.99106397931614;;;;
2022-07-29 22:00:00;0.0;122.70981038092543;;62.58495553398988;;;;
2022-07-29 23:00:00;0.0;122.70981038092543;;58.8564802153151;;;;
2022-07-30 00:00:00;0.0;122.70981038092543;;56.77252403859064;;;;
2022-07-30 01:00:00;0.0;122.70981038092543;;56.57803821207975;;;;
2022-07-30 02:00:00;0.0;122.70981038092543;;58.02412428300664;;;;
2022-07-30 03:00:00;0.0;122.70981038092543;;61.4671319193722;;;;
2022-07-30 04:00:00;0.0;122.70981038092543;;66.73690074300717;;;;
2022-07-30 05:00:00;0.0;122.70981038092543;;73.53470005953076;;;;
2022-07-30 06:00:00;0.0;122.70981038092543;;81.44853904624311;;;;
2022-07-30 07:00:00;0.0;122.70981038092543;;89.98921217021228;;;;
2022-07-30 08:00:00;0.0;122.70981038092543;;98.60619697363477;;;;
2022-07-30 09:00:00;0.0;122.70981038092543;;106.7376109715656;;;;
2022-07-30 10:00:00;0.0;122.70981038092543;;113.8434816837673;;;;
2022-07-30 11:00:00;0.0;122.70981038092543;;119.4505494208332;;;;
2022-07-30 12:00:00;0.0;122.70981038092543;;123.1865721463619;;;;
2022-07-30 13:00:00;0.0;122.70981038092543;;124.8009683995101;;;;
2022-07-30 14:00:00;0.0;122.70981038092543;;124.1936036334183;;;;
2022-07-30 15:00:00;0.0;122.70981038092543;;121.4122458502796;;;;
2022-07-30 16:00:00;0.0;122.70981038092543;;116.6585877639984;;;;
2022-07-30 17:00:00;0.0;122.70981038092543;;110.2630278730048;;;;
2022-07-30 18:00:00;0.0;122.70981038092543;;102.680533153836;;;;
2022-07-30 19:00:00;0.0;122.70981038092543;;94.44689752307202;;;;
2022-07-30 20:00:00;0.0;122.70981038092543;;86.1449910793609;;;;
2022-07-30 21:00:00;0.0;122.70981038092543;;78.36482318763275;;;;
2022-07-30 22:00:00;0.0;122.70981038092543;;71.652805428692;;;;
2022-07-30 23:00:00;0.0;122.70981038092543;;66.11349555507536;;;;
2022-07-31 00:00:00;0.0;122.70981038092543;;62.47908854482787;;;;
2022-07-31 01:00:00;0.0;122.70981038092543;;60.96674383990417;;;;
2022-07-31 02:00:00;0.0;122.70981038092543;;62.00759155599839;;;;
2022-07-31 03:00:00;0.0;122.70981038092543;;65.13487987905248;;;;
2022-07-31 04:00:00;0.0;122.70981038092543;;70.12009223833383;;;;
2022-07-31 05:00:00;0.0;122.70981038092543;;76.60431138187425;;;;
2022-07-31 06:00:00;0.0;122.70981038092543;;84.12994149892047;;;;
2022-07-31 07:00:00;0.0;122.70981038092543;;92.1585918307159;;;;
2022-07-31 08:00:00;0.0;122.70981038092543;;100.126253301242;;;;
2022-07-31 09:00:00;0.0;122.70981038092543;;107.4675314207141;;;;
2022-07-31 10:00:00;0.0;122.70981038092543;;113.6693921571591;;;;
2022-07-31 11:00:00;0.0;122.70981038092543;;118.3043133584468;;;;
2022-07-31 12:00:00;0.0;122.70981038092543;;121.0455972789478;;;;
2022-07-31 13:00:00;0.0;122.70981038092543;;121.699300354608;;;;
2022-07-31 14:00:00;0.0;122.70981038092543;;120.217714457514;;;;
2022-07-31 15:00:00;0.0;122.70981038092543;;116.6954965880233;;;;
2022-07-31 16:00:00;0.0;122.70981038092543;;111.3720421839715;;;;
2022-07-31 17:00:00;0.0;122.70981038092543;;104.5997529192162;;;;
2022-07-31 18:00:00;0.0;122.70981038092543;;96.83495580138128;;;;
2022-07-31 19:00:00;0.0;122.70981038092543;;88.5903783898282;;;;
2022-07-31 20:00:00;0.0;122.70981038092543;;80.40497488335782;;;;
2022-07-31 21:00:00;0.0;122.70981038092543;;72.81599404643741;;;;
2022-07-31 22:00:00;0.0;122.70981038092543;;66.31679077009102;;;;
2022-07-31 23:00:00;0.0;122.70981038092543;;60.51820476361291;;;;
2022-08-01 00:00:00;0.0;122.70981038092543;;56.55112348718498;;;;
2022-08-01 01:00:00;0.0;122.70981038092543;;54.57341717337589;;;;
2022-08-01 02:00:00;0.0;122.70981038092543;;55.41735540963841;;;;
2022-08-01 03:00:00;0.0;122.70981038092543;;58.15305535912815;;;;
2022-08-01 04:00:00;0.0;122.70981038092543;;62.57835334980388;;;;
2022-08-01 05:00:00;0.0;122.70981038092543;;68.37724436412836;;;;
2022-08-01 06:00:00;0.0;122.70981038092543;;75.14656151640133;;;;
2022-08-01 07:00:00;0.0;122.70981038092543;;82.4188397988881;;;;
2022-08-01 08:00:00;0.0;122.70981038092543;;89.70183532609565;;;;
2022-08-01 09:00:00;0.0;122.70981038092543;;96.50158793830326;;;;
2022-08-01 10:00:00;0.0;122.70981038092543;;102.3548441404913;;;;
2022-08-01 11:00:00;0.0;122.70981038092543;;106.8596488808833;;;;
2022-08-01 12:00:00;0.0;122.70981038092543;;109.7112425188834;;;;
2022-08-01 13:00:00;0.0;122.70981038092543;;110.722821430841;;;;
2022-08-01 14:00:00;0.0;122.70981038092543;;109.8277535179132;;;;
2022-08-01 15:00:00;0.0;122.70981038092543;;107.0836963230902;;;;
2022-08-01 16:00:00;0.0;122.70981038092543;;102.6677283736539;;;;
2022-08-01 17:00:00;0.0;122.70981038092543;;96.88383642100752;;;;
2022-08-01 18:00:00;0.0;122.70981038092543;;90.12572079871956;;;;
2022-08-01 19:00:00;0.0;122.70981038092543;;82.85986068297066;;;;
2022-08-01 20:00:00;0.0;122.70981038092543;;75.57951039840135;;;;
2022-08-01 21:00:00;0.0;122.70981038092543;;68.78481669562734;;;;
2022-08-01 22:00:00;0.0;122.70981038092543;;62.94796533970498;;;;
2022-08-01 23:00:00;0.0;122.70981038092543;;57.83772287483598;;;;
2022-08-02 00:00:00;0.0;122.70981038092543;;54.42554524443887;;;;
2022-08-02 01:00:00;0.0;122.70981038092543;;52.89088099666825;;;;
2022-08-02 02:00:00;0.0;122.70981038092543;;53.92260826751122;;;;
2022-08-02 03:00:00;0.0;122.70981038092543;;56.78788561620755;;;;
2022-08-02 04:00:00;0.0;122.70981038092543;;61.29979563229918;;;;
2022-08-02 05:00:00;0.0;122.70981038092543;;67.16173262370823;;;;
2022-08-02 06:00:00;0.0;122.70981038092543;;73.97732061951973;;;;
2022-08-02 07:00:00;0.0;122.70981038092543;;81.28308082012293;;;;
2022-08-02 08:00:00;0.0;122.70981038092543;;88.5805386146153;;;;
2022-08-02 09:00:00;0.0;122.70981038092543;;95.3678470883364;;;;
2022-08-02 10:00:00;0.0;122.70981038092543;;101.1754383586432;;;;
2022-08-02 11:00:00;0.0;122.70981038092543;;105.5981396597018;;;;
2022-08-02 12:00:00;0.0;122.70981038092543;;108.3298713336936;;;;
2022-08-02 13:00:00;0.0;122.70981038092543;;109.1824134187929;;;;
2022-08-02 14:00:00;0.0;122.70981038092543;;108.0915173694044;;;;
2022-08-02 15:00:00;0.0;122.70981038092543;;105.1278409480602;;;;
2022-08-02 16:00:00;0.0;122.70981038092543;;100.4926695833349;;;;
2022-08-02 17:00:00;0.0;122.70981038092543;;94.5060453591346;;;;
2022-08-02 18:00:00;0.0;122.70981038092543;;87.5767474063463;;;;
2022-08-02 19:00:00;0.0;122.70981038092543;;80.16616883081598;;;;
2022-08-02 20:00:00;0.0;122.70981038092543;;72.76903280787505;;;;
2022-08-02 21:00:00;0.0;122.70981038092543;;65.87589251487698;;;;
2022-08-02 22:00:00;0.0;122.70981038092543;;59.94333149733627;;;;
2022-08-02 23:00:00;0.0;122.70981038092543;;55.37551931761391;;;;
2022-08-03 00:00:00;0.0;122.70981038092543;;52.42872878318598;;;;
2022-08-03 01:00:00;0.0;122.70981038092543;;51.2680590171077;;;;
2022-08-03 02:00:00;0.0;122.70981038092543;;51.90862511769248;;;;
2022-08-03 03:00:00;0.0;122.70981038092543;;54.28365178142553;;;;
2022-08-03 04:00:00;0.0;122.70981038092543;;58.18365611508943;;;;
2022-08-03 05:00:00;0.0;122.70981038092543;;63.29650474402374;;;;
2022-08-03 06:00:00;0.0;122.70981038092543;;69.23007449044347;;;;
2022-08-03 07:00:00;0.0;122.70981038092543;;75.53506121534943;;;;
2022-08-03 08:00:00;0.0;122.70981038092543;;81.74777334899002;;;;
2022-08-03 09:00:00;0.0;122.70981038092543;;87.41657640428875;;;;
2022-08-03 10:00:00;0.0;122.70981038092543;;92.13696436114373;;;;
2022-08-03 11:00:00;0.0;122.70981038092543;;95.56960209272098;;;;
2022-08-03 12:00:00;0.0;122.70981038092543;;97.46787026366036;;;;
2022-08-03 13:00:00;0.0;122.70981038092543;;97.69005507712438;;;;
2022-08-03 14:00:00;0.0;122.70981038092543;;96.21367895269312;;;;
2022-08-03 15:00:00;0.0;122.70981038092543;;93.13081299165871;;;;
2022-08-03 16:00:00;0.0;122.70981038092543;;88.65281163743747;;;;
2022-08-03 17:00:00;0.0;122.70981038092543;;83.06593348653078;;;;
2022-08-03 18:00:00;0.0;122.70981038092543;;76.73816965387032;;;;
2022-08-03 19:00:00;0.0;122.70981038092543;;70.06739216416966;;;;
2022-08-03 20:00:00;0.0;122.70981038092543;;63.48635184803871;;;;
2022-08-03 21:00:00;0.0;122.70981038092543;;57.41051102643208;;;;
2022-08-03 22:00:00;0.0;122.70981038092543;;52.22322018266979;;;;
2022-08-03 23:00:00;0.0;122.70981038092543;;50.0;;;;
2022-08-04 00:00:00;0.0;122.70981038092543;;50.0;;;;
2022-08-04 01:00:00;0.0;122.70981038092543;;50.0;;;;
2022-08-04 02:00:00;0.0;122.70981038092543;;50.0;;;;
2022-08-04 03:00:00;0.0;122.70981038092543;;50.0;;;;
2022-08-04 04:00:00;0.0;122.70981038092543;;53.38482359547256;;;;
2022-08-04 05:00:00;0.0;122.70981038092543;;58.38169351879051;;;;
2022-08-04 06:00:00;0.0;122.70981038092543;;64.23310741274403;;;;
2022-08-04 07:00:00;0.0;122.70981038092543;;70.547179536457;;;;
2022-08-04 08:00:00;0.0;122.70981038092543;;76.90921032805471;;;;
2022-08-04 09:00:00;0.0;122.70981038092543;;82.89950399956052;;;;
2022-08-04 10:00:00;0.0;122.70981038092543;;88.12315472808149;;;;
2022-08-04 11:00:00;0.0;122.70981038092543;;92.23285630292;;;;
2022-08-04 12:00:00;0.0;122.70981038092543;;94.96064372151002;;;;
2022-08-04 13:00:00;0.0;122.70981038092543;;96.12544454817667;;;;
2022-08-04 14:00:00;0.0;122.70981038092543;;95.65820454043106;;;;
2022-08-04 15:00:00;0.0;122.70981038092543;;93.58755471847978;;;;
2022-08-04 16:00:00;0.0;122.70981038092543;;90.06035372688169;;;;
2022-08-04 17:00:00;0.0;122.70981038092543;;85.31698333940136;;;;
2022-08-04 18:00:00;0.0;122.70981038092543;;79.68971761874425;;;;
2022-08-04 19:00:00;0.0;122.70981038092543;;73.57413064967565;;;;
2022-08-04 20:00:00;0.0;122.70981038092543;;67.40305137677547;;;;
2022-08-04 21:00:00;0.0;122.70981038092543;;61.62453891849439;;;;
2022-08-04 22:00:00;0.0;122.70981038092543;;56.66701767909996;;;;
2022-08-04 23:00:00;0.0;122.70981038092543;;53.6855226692346;;;;
2022-08-05 00:00:00;0.0;122.70981038092543;;52.19759816163487;;;;
2022-08-05 01:00:00;0.0;122.70981038092543;;52.43482358856647;;;;
2022-08-05 02:00:00;0.0;122.70981038092543;;53.74265381029457;;;;
2022-08-05 03:00:00;0.0;122.70981038092543;;56.90362666577431;;;;
2022-08-05 04:00:00;0.0;122.70981038092543;;61.76228272742337;;;;
2022-08-05 05:00:00;0.0;122.70981038092543;;68.03899155427439;;;;
2022-08-05 06:00:00;0.0;122.70981038092543;;75.3529487149228;;;;
2022-08-05 07:00:00;0.0;122.70981038092543;;83.24417166577967;;;;
2022-08-05 08:00:00;0.0;122.70981038092543;;91.21143761060524;;;;
2022-08-05 09:00:00;0.0;122.70981038092543;;98.73755995939;;;;
2022-08-05 10:00:00;0.0;122.70981038092543;;105.3290796442119;;;;
2022-08-05 11:00:00;0.0;122.70981038092543;;110.5442085325686;;;;
2022-08-05 12:00:00;0.0;122.70981038092543;;114.0350797091937;;;;
2022-08-05 13:00:00;0.0;122.70981038092543;;115.5725046604193;;;;
2022-08-05 14:00:00;0.0;122.70981038092543;;115.058837364184;;;;
2022-08-05 15:00:00;0.0;122.70981038092543;;112.5335760511034;;;;
2022-08-05 16:00:00;0.0;122.70981038092543;;108.178444611135;;;;
2022-08-05 17:00:00;0.0;122.70981038092543;;102.3061378555378;;;;
2022-08-05 18:00:00;0.0;122.70981038092543;;95.33635131555776;;;;
2022-08-05 19:00:00;0.0;122.70981038092543;;87.75797665451947;;;;
2022-08-05 20:00:00;0.0;122.70981038092543;;80.10770104591337;;;;
2022-08-05 21:00:00;0.0;122.70981038092543;;72.93233857299188;;;;
2022-08-05 22:00:00;0.0;122.70981038092543;;66.7452619709224;;;;
2022-08-05 23:00:00;0.0;122.70981038092543;;62.39244957713328;;;;
2022-08-06 00:00:00;0.0;122.70981038092543;;59.80268914748736;;;;
2022-08-06 01:00:00;0.0;122.70981038092543;;59.20649361751772;;;;
2022-08-06 02:00:00;0.0;122.70981038092543;;60.29031193421535;;;;
2022-08-06 03:00:00;0.0;122.70981038092543;;63.40659316394936;;;;
2022-08-06 04:00:00;0.0;122.70981038092543;;68.34549838170327;;;;
2022-08-06 05:00:00;0.0;122.70981038092543;;74.7645121032161;;;;
2022-08-06 06:00:00;0.0;122.70981038092543;;82.22155386354655;;;;
2022-08-06 07:00:00;0.0;122.70981038092543;;90.19470087709708;;;;
2022-08-06 08:00:00;0.0;122.70981038092543;;98.13398720645624;;;;
2022-08-06 09:00:00;0.0;122.70981038092543;;105.4902384747371;;;;
2022-08-06 10:00:00;0.0;122.70981038092543;;111.7613278912838;;;;
2022-08-06 11:00:00;0.0;122.70981038092543;;116.5118389955798;;;;
2022-08-06 12:00:00;0.0;122.70981038092543;;119.4174533591459;;;;
2022-08-06 13:00:00;0.0;122.70981038092543;;120.2753825377709;;;;
2022-08-06 14:00:00;0.0;122.70981038092543;;119.030303862662;;;;
2022-08-06 15:00:00;0.0;122.70981038092543;;115.7620831435564;;;;
2022-08-06 16:00:00;0.0;122.70981038092543;;110.6947253164637;;;;
2022-08-06 17:00:00;0.0;122.70981038092543;;104.1789295005033;;;;
2022-08-06 18:00:00;0.0;122.70981038092543;;96.65278559412764;;;;
2022-08-06 19:00:00;0.0;122.70981038092543;;88.6196573901492;;;;
2022-08-06 20:00:00;0.0;122.70981038092543;;80.61416636516114;;;;
2022-08-06 21:00:00;0.0;122.70981038092543;;73.17480786062515;;;;
2022-08-06 22:00:00;0.0;122.70981038092543;;66.80197943083861;;;;
2022-08-06 23:00:00;0.0;122.70981038092543;;61.5846674704792;;;;
2022-08-07 00:00:00;0.0;122.70981038092543;;58.18850772026418;;;;
2022-08-07 01:00:00;0.0;122.70981038092543;;56.80626692255348;;;;
2022-08-07 02:00:00;0.0;122.70981038092543;;57.82813767244158;;;;
2022-08-07 03:00:00;0.0;122.70981038092543;;60.83641520242106;;;;
2022-08-07 04:00:00;0.0;122.70981038092543;;65.63143215655784;;;;
2022-08-07 05:00:00;0.0;122.70981038092543;;71.89736763305379;;;;
2022-08-07 06:00:00;0.0;122.70981038092543;;79.21795173123338;;;;
2022-08-07 07:00:00;0.0;122.70981038092543;;87.10813458311453;;;;
2022-08-07 08:00:00;0.0;122.70981038092543;;95.04340879215528;;;;
2022-08-07 09:00:00;0.0;122.70981038092543;;102.4991835108692;;;;
2022-08-07 10:00:00;0.0;122.70981038092543;;108.9790743200234;;;;
2022-08-07 11:00:00;0.0;122.70981038092543;;114.0545869037683;;;;
2022-08-07 12:00:00;0.0;122.70981038092543;;117.3870477695253;;;;
2022-08-07 13:00:00;0.0;122.70981038092543;;118.7582326094544;;;;
2022-08-07 14:00:00;0.0;122.70981038092543;;118.0747099124712;;;;
2022-08-07 15:00:00;0.0;122.70981038092543;;115.3857133915511;;;;
2022-08-07 16:00:00;0.0;122.70981038092543;;110.8793058971165;;;;
2022-08-07 17:00:00;0.0;122.70981038092543;;104.8677853488779;;;;
2022-08-07 18:00:00;0.0;122.70981038092543;;97.76885349485048;;;;
2022-08-07 19:00:00;0.0;122.70981038092543;;90.0749597124272;;;;
2022-08-07 20:00:00;0.0;122.70981038092543;;82.32963913638163;;;;
2022-08-07 21:00:00;0.0;122.70981038092543;;75.0794380340317;;;;
2022-08-07 22:00:00;0.0;122.70981038092543;;68.84792133218193;;;;
2022-08-07 23:00:00;0.0;122.70981038092543;;63.24955616612874;;;;
2022-08-08 00:00:00;0.0;122.70981038092543;;59.49441158865937;;;;
2022-08-08 01:00:00;0.0;122.70981038092543;;57.78225927780894;;;;
2022-08-08 02:00:00;0.0;122.70981038092543;;59.01696755585601;;;;
2022-08-08 03:00:00;0.0;122.70981038092543;;62.26329888189002;;;;
2022-08-08 04:00:00;0.0;122.70981038092543;;67.32563759965653;;;;
2022-08-08 05:00:00;0.0;122.70981038092543;;73.8833112480966;;;;
2022-08-08 06:00:00;0.0;122.70981038092543;;81.50701910682885;;;;
2022-08-08 07:00:00;0.0;122.70981038092543;;89.6881092659498;;;;
2022-08-08 08:00:00;0.0;122.70981038092543;;97.8726400878451;;;;
2022-08-08 09:00:00;0.0;122.70981038092543;;105.506627858133;;;;
2022-08-08 10:00:00;0.0;122.70981038092543;;112.0624285911405;;;;
2022-08-08 11:00:00;0.0;122.70981038092543;;117.0954520355064;;;;
2022-08-08 12:00:00;0.0;122.70981038092543;;120.2562941043401;;;;
2022-08-08 13:00:00;0.0;122.70981038092543;;121.3305018874527;;;;
2022-08-08 14:00:00;0.0;122.70981038092543;;120.2360289673019;;;;
2022-08-08 15:00:00;0.0;122.70981038092543;;117.0495800186002;;;;
2022-08-08 16:00:00;0.0;122.70981038092543;;111.9881978555048;;;;
2022-08-08 17:00:00;0.0;122.70981038092543;;105.4007150547677;;;;
2022-08-08 18:00:00;0.0;122.70981038092543;;97.73433441511348;;;;
2022-08-08 19:00:00;0.0;122.70981038092543;;89.515423709745;;;;
2022-08-08 20:00:00;0.0;122.70981038092543;;81.30236328002562;;;;
2022-08-08 21:00:00;0.0;122.70981038092543;;73.6480275108275;;;;
2022-08-08 22:00:00;0.0;122.70981038092543;;67.05530298844943;;;;
2022-08-08 23:00:00;0.0;122.70981038092543;;61.28567006570904;;;;
2022-08-09 00:00:00;0.0;122.70981038092543;;57.33396568648317;;;;
2022-08-09 01:00:00;0.0;122.70981038092543;;55.36821339816919;;;;
2022-08-09 02:00:00;0.0;122.70981038092543;;56.07019967587963;;;;
2022-08-09 03:00:00;0.0;122.70981038092543;;58.64470838264867;;;;
2022-08-09 04:00:00;0.0;122.70981038092543;;62.86351465040963;;;;
2022-08-09 05:00:00;0.0;122.70981038092543;;68.38680081973769;;;;
2022-08-09 06:00:00;0.0;122.70981038092543;;74.78885858784088;;;;
2022-08-09 07:00:00;0.0;122.70981038092543;;81.58263324055855;;;;
2022-08-09 08:00:00;0.0;122.70981038092543;;88.26908897982347;;;;
2022-08-09 09:00:00;0.0;122.70981038092543;;94.35735243646091;;;;
2022-08-09 10:00:00;0.0;122.70981038092543;;99.40580134575228;;;;
2022-08-09 11:00:00;0.0;122.70981038092543;;103.048544330375;;;;
2022-08-09 12:00:00;0.0;122.70981038092543;;105.0221233884929;;;;
2022-08-09 13:00:00;0.0;122.70981038092543;;105.1813162268799;;;;
2022-08-09 14:00:00;0.0;122.70981038092543;;103.5084962979269;;;;
2022-08-09 15:00:00;0.0;122.70981038092543;;100.1045321669948;;;;
2022-08-09 16:00:00;0.0;122.70981038092543;;95.1913436204737;;;;
2022-08-09 17:00:00;0.0;122.70981038092543;;89.0858050097601;;;;
2022-08-09 18:00:00;0.0;122.70981038092543;;82.18488470771902;;;;
2022-08-09 19:00:00;0.0;122.70981038092543;;74.93300310486727;;;;
2022-08-09 20:00:00;0.0;122.70981038092543;;67.78988623008732;;;;
2022-08-09 21:00:00;0.0;122.70981038092543;;61.20125278573704;;;;
2022-08-09 22:00:00;0.0;122.70981038092543;;55.57215449487386;;;;
2022-08-09 23:00:00;0.0;122.70981038092543;;51.26743488263143;;;;
2022-08-10 00:00:00;0.0;122.70981038092543;;50.0;;;;
2022-08-10 01:00:00;0.0;122.70981038092543;;50.0;;;;
2022-08-10 02:00:00;0.0;122.70981038092543;;50.0;;;;
2022-08-10 03:00:00;0.0;122.70981038092543;;50.31592545788448;;;;
2022-08-10 04:00:00;0.0;122.70981038092543;;54.04124221124499;;;;
2022-08-10 05:00:00;0.0;122.70981038092543;;58.95251061724737;;;;
2022-08-10 06:00:00;0.0;122.70981038092543;;64.69837831069009;;;;
2022-08-10 07:00:00;0.0;122.70981038092543;;70.87859903021993;;;;
2022-08-10 08:00:00;0.0;122.70981038092543;;77.06794644526121;;;;
2022-08-10 09:00:00;0.0;122.70981038092543;;82.8450160452982;;;;
2022-08-10 10:00:00;0.0;122.70981038092543;;87.82310884186911;;;;
2022-08-10 11:00:00;0.0;122.70981038092543;;91.6656310675001;;;;
2022-08-10 12:00:00;0.0;122.70981038092543;;94.1134507937882;;;;
2022-08-10 13:00:00;0.0;122.70981038092543;;95.00095567799704;;;;
2022-08-10 14:00:00;0.0;122.70981038092543;;94.26616444184764;;;;
2022-08-10 15:00:00;0.0;122.70981038092543;;91.9607647193274;;;;
2022-08-10 16:00:00;0.0;122.70981038092543;;88.24027454681186;;;;
2022-08-10 17:00:00;0.0;122.70981038092543;;83.3559409493079;;;;
2022-08-10 18:00:00;0.0;122.70981038092543;;77.63912891227959;;;;
2022-08-10 19:00:00;0.0;122.70981038092543;;71.47645299379849;;;;
2022-08-10 20:00:00;0.0;122.70981038092543;;65.29989137454463;;;;
2022-08-10 21:00:00;0.0;122.70981038092543;;59.53855373433561;;;;
2022-08-10 22:00:00;0.0;122.70981038092543;;54.59919361589722;;;;
2022-08-10 23:00:00;0.0;122.70981038092543;;51.46762093583446;;;;
2022-08-11 00:00:00;0.0;122.70981038092543;;50.0;;;;
2022-08-11 01:00:00;0.0;122.70981038092543;;50.0;;;;
2022-08-11 02:00:00;0.0;122.70981038092543;;50.87243641348699;;;;
2022-08-11 03:00:00;0.0;122.70981038092543;;53.72667311898252;;;;
2022-08-11 04:00:00;0.0;122.70981038092543;;58.16618660293579;;;;
2022-08-11 05:00:00;0.0;122.70981038092543;;63.92036946110245;;;;
2022-08-11 06:00:00;0.0;122.70981038092543;;70.62802825552117;;;;
2022-08-11 07:00:00;0.0;122.70981038092543;;77.85303285783857;;;;
2022-08-11 08:00:00;0.0;122.70981038092543;;85.12156187515897;;;;
2022-08-11 09:00:00;0.0;122.70981038092543;;91.95416661801217;;;;
2022-08-11 10:00:00;0.0;122.70981038092543;;97.89222744025352;;;;
2022-08-11 11:00:00;0.0;122.70981038092543;;102.5392399503292;;;;
2022-08-11 12:00:00;0.0;122.70981038092543;;105.5779247776033;;;;
2022-08-11 13:00:00;0.0;122.70981038092543;;106.8055729120517;;;;
2022-08-11 14:00:00;0.0;122.70981038092543;;106.1400324548905;;;;
2022-08-11 15:00:00;0.0;122.70981038092543;;103.6310085256418;;;;
2022-08-11 16:00:00;0.0;122.70981038092543;;99.4570694436472;;;;
2022-08-11 17:00:00;0.0;122.70981038092543;;93.90858086992785;;;;
2022-08-11 18:00:00;0.0;122.70981038092543;;87.37245018837706;;;;
2022-08-11 19:00:00;0.0;122.70981038092543;;80.30747744934527;;;;
2022-08-11 20:00:00;0.0;122.70981038092543;;73.2045614150047;;;;
2022-08-11 21:00:00;0.0;122.70981038092543;;66.55972225886467;;;;
2022-08-11 22:00:00;0.0;122.70981038092543;;60.83327968595204;;;;
2022-08-11 23:00:00;0.0;122.70981038092543;;57.25791337392996;;;;
2022-08-12 00:00:00;0.0;122.70981038092543;;55.29104616619649;;;;
2022-08-12 01:00:00;0.0;122.70981038092543;;55.15226309691985;;;;
2022-08-12 02:00:00;0.0;122.70981038092543;;56.10254699901779;;;;
2022-08-12 03:00:00;0.0;122.70981038092543;;58.95026632581519;;;;
2022-08-12 04:00:00;0.0;122.70981038092543;;63.49044494437553;;;;
2022-08-12 05:00:00;0.0;122.70981038092543;;69.40134251090709;;;;
2022-08-12 06:00:00;0.0;122.70981038092543;;76.2692484107096;;;;
2022-08-12 07:00:00;0.0;122.70981038092543;;83.61662917547044;;;;
2022-08-12 08:00:00;0.0;122.70981038092543;;90.93088353923964;;;;
2022-08-12 09:00:00;0.0;122.70981038092543;;97.7063524433908;;;;
2022-08-12 10:00:00;0.0;122.70981038092543;;103.4732578087723;;;;
2022-08-12 11:00:00;0.0;122.70981038092543;;107.8414035219103;;;;
2022-08-12 12:00:00;0.0;122.70981038092543;;110.5140808504575;;;;
2022-08-12 13:00:00;0.0;122.70981038092543;;111.3065752273097;;;;
2022-08-12 14:00:00;0.0;122.70981038092543;;110.1624134567043;;;;
2022-08-12 15:00:00;0.0;122.70981038092543;;107.1508017811928;;;;
2022-08-12 16:00:00;0.0;122.70981038092543;;102.4875817081849;;;;
2022-08-12 17:00:00;0.0;122.70981038092543;;96.48522549051532;;;;
2022-08-12 18:00:00;0.0;122.70981038092543;;89.55173641438327;;;;
2022-08-12 19:00:00;0.0;122.70981038092543;;82.14976793102886;;;;
2022-08-12 20:00:00;0.0;122.70981038092543;;74.77489215647462;;;;
2022-08-12 21:00:00;0.0;122.70981038092543;;67.92443734478215;;;;
2022-08-12 22:00:00;0.0;122.70981038092543;;62.05940593139348;;;;
2022-08-12 23:00:00;0.0;122.70981038092543;;57.96671048965729;;;;
2022-08-13 00:00:00;0.0;122.70981038092543;;55.55469029771496;;;;
2022-08-13 01:00:00;0.0;122.70981038092543;;55.03174436104534;;;;
2022-08-13 02:00:00;0.0;122.70981038092543;;56.09735367555101;;;;
2022-08-13 03:00:00;0.0;122.70981038092543;;59.10134974018021;;;;
2022-08-13 04:00:00;0.0;122.70981038092543;;63.86067221993904;;;;
2022-08-13 05:00:00;0.0;122.70981038092543;;70.06852900873015;;;;
2022-08-13 06:00:00;0.0;122.70981038092543;;77.32915703054113;;;;
2022-08-13 07:00:00;0.0;122.70981038092543;;85.17501105688358;;;;
2022-08-13 08:00:00;0.0;122.70981038092543;;93.10303305602626;;;;
2022-08-13 09:00:00;0.0;122.70981038092543;;100.5961991329696;;;;
2022-08-13 10:00:00;0.0;122.70981038092543;;107.1649214662642;;;;
2022-08-13 11:00:00;0.0;122.70981038092543;;112.381884845615;;;;
2022-08-13 12:00:00;0.0;122.70981038092543;;115.9069528137625;;;;
2022-08-13 13:00:00;0.0;122.70981038092543;;117.5110407783701;;;;
2022-08-13 14:00:00;0.0;122.70981038092543;;117.0899029057521;;;;
2022-08-13 15:00:00;0.0;122.70981038092543;;114.6792911823333;;;;
2022-08-13 16:00:00;0.0;122.70981038092543;;110.4518190467156;;;;
2022-08-13 17:00:00;0.0;122.70981038092543;;104.7058613937824;;;;
2022-08-13 18:00:00;0.0;122.70981038092543;;97.8480674433742;;;;
2022-08-13 19:00:00;0.0;122.70981038092543;;90.36441195505375;;;;
2022-08-13 20:00:00;0.0;122.70981038092543;;82.79599152222207;;;;
2022-08-13 21:00:00;0.0;122.70981038092543;;75.69229605835886;;;;
2022-08-13 22:00:00;0.0;122.70981038092543;;69.58257253796222;;;;
2022-08-13 23:00:00;0.0;122.70981038092543;;64.59121933231111;;;;
2022-08-14 00:00:00;0.0;122.70981038092543;;61.43865044015438;;;;
2022-08-14 01:00:00;0.0;122.70981038092543;;60.3625983662371;;;;
2022-08-14 02:00:00;0.0;122.70981038092543;;61.80175703580329;;;;
2022-08-14 03:00:00;0.0;122.70981038092543;;65.35835818858689;;;;
2022-08-14 04:00:00;0.0;122.70981038092543;;70.84236389235053;;;;
2022-08-14 05:00:00;0.0;122.70981038092543;;77.92692336179013;;;;
2022-08-14 06:00:00;0.0;122.70981038092543;;86.16689060085984;;;;
2022-08-14 07:00:00;0.0;122.70981038092543;;95.03369831995003;;;;
2022-08-14 08:00:00;0.0;122.70981038092543;;103.9432580621474;;;;
2022-08-14 09:00:00;0.0;122.70981038092543;;112.3064994052601;;;;
2022-08-14 10:00:00;0.0;122.70981038092543;;119.5557021465672;;;;
2022-08-14 11:00:00;0.0;122.70981038092543;;125.2092435776851;;;;
2022-08-14 12:00:00;0.0;122.70981038092543;;128.878786097398;;;;
2022-08-14 13:00:00;0.0;122.70981038092543;;130.318806765;;;;
2022-08-14 14:00:00;0.0;122.70981038092543;;129.4233173935652;;;;
2022-08-14 15:00:00;0.0;122.70981038092543;;126.2622640431054;;;;
2022-08-14 16:00:00;0.0;122.70981038092543;;121.0604041689283;;;;
2022-08-14 17:00:00;0.0;122.70981038092543;;114.1835037593837;;;;
2022-08-14 18:00:00;0.0;122.70981038092543;;106.1084486882575;;;;
2022-08-14 19:00:00;0.0;122.70981038092543;;97.39256415119758;;;;
2022-08-14 20:00:00;0.0;122.70981038092543;;88.64220512240175;;;;
2022-08-14 21:00:00;0.0;122.70981038092543;;80.46015762649645;;;;
2022-08-14 22:00:00;0.0;122.70981038092543;;73.40456016114456;;;;
2022-08-14 23:00:00;0.0;122.70981038092543;;67.08144256195905;;;;
2022-08-15 00:00:00;0.0;122.70981038092543;;62.73739232356094;;;;
2022-08-15 01:00:00;0.0;122.70981038092543;;60.56151110703763;;;;
2022-08-15 02:00:00;0.0;122.70981038092543;;61.45208840566448;;;;
2022-08-15 03:00:00;0.0;122.70981038092543;;64.39722886700872;;;;
2022-08-15 04:00:00;0.0;122.70981038092543;;69.15698012017967;;;;
2022-08-15 05:00:00;0.0;122.70981038092543;;75.3697294976125;;;;
2022-08-15 06:00:00;0.0;122.70981038092543;;82.57518415361994;;;;
2022-08-15 07:00:00;0.0;122.70981038092543;;90.24045820722026;;;;
2022-08-15 08:00:00;0.0;122.70981038092543;;97.80658943642214;;;;
2022-08-15 09:00:00;0.0;122.70981038092543;;104.7239423464976;;;;
2022-08-15 10:00:00;0.0;122.70981038092543;;110.5041437610567;;;;
2022-08-15 11:00:00;0.0;122.70981038092543;;114.7348038868342;;;;
2022-08-15 12:00:00;0.0;122.70981038092543;;117.1112837849798;;;;
2022-08-15 13:00:00;0.0;122.70981038092543;;117.4578165859155;;;;
2022-08-15 14:00:00;0.0;122.70981038092543;;115.7441964736044;;;;
2022-08-15 15:00:00;0.0;122.70981038092543;;112.0833132001456;;;;
2022-08-15 16:00:00;0.0;122.70981038092543;;106.7153435818428;;;;
2022-08-15 17:00:00;0.0;122.70981038092543;;99.98762800686222;;;;
2022-08-15 18:00:00;0.0;122.70981038092543;;92.34160491362844;;;;
2022-08-15 19:00:00;0.0;122.70981038092543;;84.27395829739625;;;;
2022-08-15 20:00:00;0.0;122.70981038092543;;76.30691560102048;;;;
2022-08-15 21:00:00;0.0;122.70981038092543;;68.94316050582214;;;;
2022-08-15 22:00:00;0.0;122.70981038092543;;62.6440632585167;;;;
2022-08-15 23:00:00;0.0;122.70981038092543;;57.18097550269214;;;;
2022-08-16 00:00:00;0.0;122.70981038092543;;53.46251507531677;;;;
2022-08-16 01:00:00;0.0;122.70981038092543;;51.63167451072647;;;;
2022-08-16 02:00:00;0.0;122.70981038092543;;52.3163010754426;;;;
2022-08-16 03:00:00;0.0;122.70981038092543;;54.78539393651752;;;;
2022-08-16 04:00:00;0.0;122.70981038092543;;58.83828628511682;;;;
2022-08-16 05:00:00;0.0;122.70981038092543;;64.17419403940563;;;;
2022-08-16 06:00:00;0.0;122.70981038092543;;70.40615477431632;;;;
2022-08-16 07:00:00;0.0;122.70981038092543;;77.0954488050745;;;;
2022-08-16 08:00:00;0.0;122.70981038092543;;83.77621692821954;;;;
2022-08-16 09:00:00;0.0;122.70981038092543;;89.98972162270171;;;;
2022-08-16 10:00:00;0.0;122.70981038092543;;95.3113087569676;;;;
2022-08-16 11:00:00;0.0;122.70981038092543;;99.37815732260428;;;;
2022-08-16 12:00:00;0.0;122.70981038092543;;101.9139517154923;;;;
2022-08-16 13:00:00;0.0;122.70981038092543;;102.7451117468302;;;;
2022-08-16 14:00:00;0.0;122.70981038092543;;101.8135890765934;;;;
2022-08-16 15:00:00;0.0;122.70981038092543;;99.18065999925513;;;;
2022-08-16 16:00:00;0.0;122.70981038092543;;95.017653195083;;;;
2022-08-16 17:00:00;0.0;122.70981038092543;;89.60491062856889;;;;
2022-08-16 18:00:00;0.0;122.70981038092543;;83.3068851233201;;;;
2022-08-16 19:00:00;0.0;122.70981038092543;;76.55298785424738;;;;
2022-08-16 20:00:00;0.0;122.70981038092543;;69.79861909412992;;;;
2022-08-16 21:00:00;0.0;122.70981038092543;;63.50550940855275;;;;
2022-08-16 22:00:00;0.0;122.70981038092543;;58.10675386483695;;;;
2022-08-16 23:00:00;0.0;122.70981038092543;;54.01924201037941;;;;
2022-08-17 00:00:00;0.0;122.70981038092543;;51.49569858790976;;;;
2022-08-17 01:00:00;0.0;122.70981038092543;;50.72040542824301;;;;
2022-08-17 02:00:00;0.0;122.70981038092543;;51.72483263507951;;;;
2022-08-17 03:00:00;0.0;122.70981038092543;;54.49283103955113;;;;
2022-08-17 04:00:00;0.0;122.70981038092543;;58.8543378939594;;;;
2022-08-17 05:00:00;0.0;122.70981038092543;;64.52263067613339;;;;
2022-08-17 06:00:00;0.0;122.70981038092543;;71.12152473026784;;;;
2022-08-17 07:00:00;0.0;122.70981038092543;;78.20306495690846;;;;
2022-08-17 08:00:00;0.0;122.70981038092543;;85.28864767212082;;;;
2022-08-17 09:00:00;0.0;122.70981038092543;;91.89795581508918;;;;
2022-08-17 10:00:00;0.0;122.70981038092543;;97.58032258244867;;;;
2022-08-17 11:00:00;0.0;122.70981038092543;;101.9488324113899;;;;
2022-08-17 12:00:00;0.0;122.70981038092543;;104.7003418402334;;;;
2022-08-17 13:00:00;0.0;122.70981038092543;;105.6507807379905;;;;
2022-08-17 14:00:00;0.0;122.70981038092543;;104.7285903717337;;;;
2022-08-17 15:00:00;0.0;122.70981038092543;;101.996323171083;;;;
2022-08-17 16:00:00;0.0;122.70981038092543;;97.63469370021456;;;;
2022-08-17 17:00:00;0.0;122.70981038092543;;91.94794783427756;;;;
2022-08-17 18:00:00;0.0;122.70981038092543;;85.32299921967059;;;;
2022-08-17 19:00:00;0.0;122.70981038092543;;78.21703074612157;;;;
2022-08-17 20:00:00;0.0;122.70981038092543;;71.1088998552452;;;;
2022-08-17 21:00:00;0.0;122.70981038092543;;64.48353935436204;;;;
2022-08-17 22:00:00;0.0;122.70981038092543;;58.77980025035865;;;;
2022-08-17 23:00:00;0.0;122.70981038092543;;55.05577751651604;;;;
2022-08-18 00:00:00;0.0;122.70981038092543;;52.90008597254855;;;;
2022-08-18 01:00:00;0.0;122.70981038092543;;52.50981687212429;;;;
2022-08-18 02:00:00;0.0;122.70981038092543;;53.27509288095233;;;;
2022-08-18 03:00:00;0.0;122.70981038092543;;55.83168540103571;;;;
2022-08-18 04:00:00;0.0;122.70981038092543;;59.97167323127391;;;;
2022-08-18 05:00:00;0.0;122.70981038092543;;65.38336968237621;;;;
2022-08-18 06:00:00;0.0;122.70981038092543;;71.66780276075531;;;;
2022-08-18 07:00:00;0.0;122.70981038092543;;78.3710074178792;;;;
2022-08-18 08:00:00;0.0;122.70981038092543;;85.01468926329304;;;;
2022-08-18 09:00:00;0.0;122.70981038092543;;91.1303391698744;;;;
2022-08-18 10:00:00;0.0;122.70981038092543;;96.28559498910164;;;;
2022-08-18 11:00:00;0.0;122.70981038092543;;100.1189535223199;;;;
2022-08-18 12:00:00;0.0;122.70981038092543;;102.3584704132989;;;;
2022-08-18 13:00:00;0.0;122.70981038092543;;102.8519916125959;;;;
2022-08-18 14:00:00;0.0;122.70981038092543;;101.5642584756705;;;;
2022-08-18 15:00:00;0.0;122.70981038092543;;98.58081613975487;;;;
2022-08-18 16:00:00;0.0;122.70981038092543;;94.09559349872106;;;;
2022-08-18 17:00:00;0.0;122.70981038092543;;88.40655028414578;;;;
2022-08-18 18:00:00;0.0;122.70981038092543;;81.89396925621134;;;;
2022-08-18 19:00:00;0.0;122.70981038092543;;74.98991820422424;;;;
2022-08-18 20:00:00;0.0;122.70981038092543;;68.14623516044671;;;;
2022-08-18 21:00:00;0.0;122.70981038092543;;61.80724848535952;;;;
2022-08-18 22:00:00;0.0;122.70981038092543;;56.38855260072231;;;;
2022-08-18 23:00:00;0.0;122.70981038092543;;53.02398105713153;;;;
2022-08-19 00:00:00;0.0;122.70981038092543;;51.19093316503148;;;;
2022-08-19 01:00:00;0.0;122.70981038092543;;51.08886685083676;;;;
2022-08-19 02:00:00;0.0;122.70981038092543;;52.02603656388621;;;;
2022-08-19 03:00:00;0.0;122.70981038092543;;54.76685762047434;;;;
2022-08-19 04:00:00;0.0;122.70981038092543;;59.13373392469389;;;;
2022-08-19 05:00:00;0.0;122.70981038092543;;64.84575107609693;;;;
2022-08-19 06:00:00;0.0;122.70981038092543;;71.5355405465025;;;;
2022-08-19 07:00:00;0.0;122.70981038092543;;78.77673549425782;;;;
2022-08-19 08:00:00;0.0;122.70981038092543;;86.09718133619651;;;;
2022-08-19 09:00:00;0.0;122.70981038092543;;93.02636335401009;;;;
2022-08-19 10:00:00;0.0;122.70981038092543;;99.11121865543863;;;;
2022-08-19 11:00:00;0.0;122.70981038092543;;103.9604590704181;;;;
2022-08-19 12:00:00;0.0;122.70981038092543;;107.254971236321;;;;
2022-08-19 13:00:00;0.0;122.70981038092543;;108.7853686431375;;;;
2022-08-19 14:00:00;0.0;122.70981038092543;;108.4518558283841;;;;
2022-08-19 15:00:00;0.0;122.70981038092543;;106.2878815084844;;;;
2022-08-19 16:00:00;0.0;122.70981038092543;;102.4490840431709;;;;
2022-08-19 17:00:00;0.0;122.70981038092543;;97.2066870724958;;;;
2022-08-19 18:00:00;0.0;122.70981038092543;;90.92487388807714;;;;
2022-08-19 19:00:00;0.0;122.70981038092543;;84.05315588119872;;;;
2022-08-19 20:00:00;0.0;122.70981038092543;;77.09275468439063;;;;
2022-08-19 21:00:00;0.0;122.70981038092543;;70.5608350085307;;;;
2022-08-19 22:00:00;0.0;122.70981038092543;;64.94559697459978;;;;
2022-08-19 23:00:00;0.0;122.70981038092543;;61.10383307772556;;;;
2022-08-20 00:00:00;0.0;122.70981038092543;;58.96817865450356;;;;
2022-08-20 01:00:00;0.0;122.70981038092543;;58.79532584215407;;;;
2022-08-20 02:00:00;0.0;122.70981038092543;;60.29372131739686;;;;
2022-08-20 03:00:00;0.0;122.70981038092543;;63.86984217599021;;;;
2022-08-20 04:00:00;0.0;122.70981038092543;;69.35003013570127;;;;
2022-08-20 05:00:00;0.0;122.70981038092543;;76.4235703415885;;;;
2022-08-20 06:00:00;0.0;122.70981038092543;;84.6600433033595;;;;
2022-08-20 07:00:00;0.0;122.70981038092543;;93.54451284182448;;;;
2022-08-20 08:00:00;0.0;122.70981038092543;;102.5077191193144;;;;
2022-08-20 09:00:00;0.0;122.70981038092543;;110.9623362769254;;;;
2022-08-20 10:00:00;0.0;122.70981038092543;;118.35019482327;;;;
2022-08-20 11:00:00;0.0;122.70981038092543;;124.176408062778;;;;
2022-08-20 12:00:00;0.0;122.70981038092543;;128.0592199515194;;;;
2022-08-20 13:00:00;0.0;122.70981038092543;;129.7373016726617;;;;
2022-08-20 14:00:00;0.0;122.70981038092543;;129.1085541452425;;;;
2022-08-20 15:00:00;0.0;122.70981038092543;;126.2194787673621;;;;
2022-08-20 16:00:00;0.0;122.70981038092543;;121.2795854762875;;;;
2022-08-20 17:00:00;0.0;122.70981038092543;;114.6325451437463;;;;
2022-08-20 18:00:00;0.0;122.70981038092543;;106.7501018054247;;;;
2022-08-20 19:00:00;0.0;122.70981038092543;;98.19096214794185;;;;
2022-08-20 20:00:00;0.0;122.70981038092543;;89.56301359569161;;;;
2022-08-20 21:00:00;0.0;122.70981038092543;;81.47377497806197;;;;
2022-08-20 22:00:00;0.0;122.70981038092543;;74.49270890105981;;;;
2022-08-20 23:00:00;0.0;122.70981038092543;;68.75974659938277;;;;
2022-08-21 00:00:00;0.0;122.70981038092543;;65.00907110896966;;;;
2022-08-21 01:00:00;0.0;122.70981038092543;;63.46610420796534;;;;
2022-08-21 02:00:00;0.0;122.70981038092543;;64.54500352497817;;;;
2022-08-21 03:00:00;0.0;122.70981038092543;;67.79314944587567;;;;
2022-08-21 04:00:00;0.0;122.70981038092543;;72.97436301503883;;;;
2022-08-21 05:00:00;0.0;122.70981038092543;;79.71953363548258;;;;
2022-08-21 06:00:00;0.0;122.70981038092543;;87.54818284534676;;;;
2022-08-21 07:00:00;0.0;122.70981038092543;;95.90128859634696;;;;
2022-08-21 08:00:00;0.0;122.70981038092543;;104.1876675755185;;;;
2022-08-21 09:00:00;0.0;122.70981038092543;;111.8278346279076;;;;
2022-08-21 10:00:00;0.0;122.70981038092543;;118.2852567949276;;;;
2022-08-21 11:00:00;0.0;122.70981038092543;;123.1062257000246;;;;
2022-08-21 12:00:00;0.0;122.70981038092543;;125.953201104559;;;;
2022-08-21 13:00:00;0.0;122.70981038092543;;126.6281305358802;;;;
2022-08-21 14:00:00;0.0;122.70981038092543;;125.079323810281;;;;
2022-08-21 15:00:00;0.0;122.70981038092543;;121.4116086122068;;;;
2022-08-21 16:00:00;0.0;122.70981038092543;;115.8669674219783;;;;
2022-08-21 17:00:00;0.0;122.70981038092543;;108.8216523357878;;;;
2022-08-21 18:00:00;0.0;122.70981038092543;;100.7407168570484;;;;
2022-08-21 19:00:00;0.0;122.70981038092543;;92.15952985176158;;;;
2022-08-21 20:00:00;0.0;122.70981038092543;;83.64500355165532;;;;
2022-08-21 21:00:00;0.0;122.70981038092543;;75.7516601044133;;;;
2022-08-21 22:00:00;0.0;122.70981038092543;;68.9917865180212;;;;
2022-08-21 23:00:00;0.0;122.70981038092543;;62.98433070167408;;;;
2022-08-22 00:00:00;0.0;122.70981038092543;;58.88201418540314;;;;
2022-08-22 01:00:00;0.0;122.70981038092543;;56.84784090019593;;;;
2022-08-22 02:00:00;0.0;122.70981038092543;;57.7233215530035;;;;
2022-08-22 03:00:00;0.0;122.70981038092543;;60.56844298794145;;;;
2022-08-22 04:00:00;0.0;122.70981038092543;;65.17495648105525;;;;
2022-08-22 05:00:00;0.0;122.70981038092543;;71.21124315655248;;;;
2022-08-22 06:00:00;0.0;122.70981038092543;;78.25992054488736;;;;
2022-08-22 07:00:00;0.0;122.70981038092543;;85.83899762874285;;;;
2022-08-22 08:00:00;0.0;122.70981038092543;;93.43244395961062;;;;
2022-08-22 09:00:00;0.0;122.70981038092543;;100.5182577618376;;;;
2022-08-22 10:00:00;0.0;122.70981038092543;;106.6119926769818;;;;
2022-08-22 11:00:00;0.0;122.70981038092543;;111.2996810336544;;;;
2022-08-22 12:00:00;0.0;122.70981038092543;;114.2706609451754;;;;
2022-08-22 13:00:00;0.0;122.70981038092543;;115.3246958980275;;;;
2022-08-22 14:00:00;0.0;122.70981038092543;;114.391914491264;;;;
2022-08-22 15:00:00;0.0;122.70981038092543;;111.5312726923818;;;;
2022-08-22 16:00:00;0.0;122.70981038092543;;106.930339575428;;;;
2022-08-22 17:00:00;0.0;122.70981038092543;;100.9069490294842;;;;
2022-08-22 18:00:00;0.0;122.70981038092543;;93.8717285628554;;;;
2022-08-22 19:00:00;0.0;122.70981038092543;;86.30940660437855;;;;
2022-08-22 20:00:00;0.0;122.70981038092543;;78.7291903486987;;;;
2022-08-22 21:00:00;0.0;122.70981038092543;;71.65525912746412;;;;
2022-08-22 22:00:00;0.0;122.70981038092543;;65.57895133227154;;;;
2022-08-22 23:00:00;0.0;122.70981038092543;;60.28711905525248;;;;
2022-08-23 00:00:00;0.0;122.70981038092543;;56.75962946305158;;;;
2022-08-23 01:00:00;0.0;122.70981038092543;;55.18550486027223;;;;
2022-08-23 02:00:00;0.0;122.70981038092543;;56.25777058778164;;;;
2022-08-23 03:00:00;0.0;122.70981038092543;;59.24426328707578;;;;
2022-08-23 04:00:00;0.0;122.70981038092543;;63.95121139247494;;;;
2022-08-23 05:00:00;0.0;122.70981038092543;;70.06906675911814;;;;
2022-08-23 06:00:00;0.0;122.70981038092543;;77.1827337255213;;;;
2022-08-23 07:00:00;0.0;122.70981038092543;;84.80792772800969;;;;
2022-08-23 08:00:00;0.0;122.70981038092543;;92.425435086572;;;;
2022-08-23 09:00:00;0.0;122.70981038092543;;99.50895792943638;;;;
2022-08-23 10:00:00;0.0;122.70981038092543;;105.5705406025245;;;;
2022-08-23 11:00:00;0.0;122.70981038092543;;110.186668749819;;;;
2022-08-23 12:00:00;0.0;122.70981038092543;;113.0395365989616;;;;
2022-08-23 13:00:00;0.0;122.70981038092543;;113.9295237508667;;;;
2022-08-23 14:00:00;0.0;122.70981038092543;;112.7903458079189;;;;
2022-08-23 15:00:00;0.0;122.70981038092543;;109.70332934034;;;;
2022-08-23 16:00:00;0.0;122.70981038092543;;104.8746286716705;;;;
2022-08-23 17:00:00;0.0;122.70981038092543;;98.6352438602404;;;;
2022-08-23 18:00:00;0.0;122.70981038092543;;91.40502030325212;;;;
2022-08-23 19:00:00;0.0;122.70981038092543;;83.67235057758154;;;;
2022-08-23 20:00:00;0.0;122.70981038092543;;75.95295163613127;;;;
2022-08-23 21:00:00;0.0;122.70981038092543;;68.75920104777788;;;;
2022-08-23 22:00:00;0.0;122.70981038092543;;62.56837466719051;;;;
2022-08-23 23:00:00;0.0;122.70981038092543;;57.82817858518674;;;;
2022-08-24 00:00:00;0.0;122.70981038092543;;54.77838127118552;;;;
2022-08-24 01:00:00;0.0;122.70981038092543;;53.59049340803976;;;;
2022-08-24 02:00:00;0.0;122.70981038092543;;54.25707383254561;;;;
2022-08-24 03:00:00;0.0;122.70981038092543;;56.7402446529904;;;;
2022-08-24 04:00:00;0.0;122.70981038092543;;60.81783812579301;;;;
2022-08-24 05:00:00;0.0;122.70981038092543;;66.16107624280409;;;;
2022-08-24 06:00:00;0.0;122.70981038092543;;72.36121687149365;;;;
2022-08-24 07:00:00;0.0;122.70981038092543;;78.95140219812245;;;;
2022-08-24 08:00:00;0.0;122.70981038092543;;85.44961097583055;;;;
2022-08-24 09:00:00;0.0;122.70981038092543;;91.37634315237128;;;;
2022-08-24 10:00:00;0.0;122.70981038092543;;96.31140608227182;;;;
2022-08-24 11:00:00;0.0;122.70981038092543;;99.89541851977242;;;;
2022-08-24 12:00:00;0.0;122.70981038092543;;101.8734119199178;;;;
2022-08-24 13:00:00;0.0;122.70981038092543;;102.1011853959218;;;;
2022-08-24 14:00:00;0.0;122.70981038092543;;100.5587662965678;;;;
2022-08-24 15:00:00;0.0;122.70981038092543;;97.34424272171758;;;;
2022-08-24 16:00:00;0.0;122.70981038092543;;92.66589742702712;;;;
2022-08-24 17:00:00;0.0;122.70981038092543;;86.82717804582316;;;;
2022-08-24 18:00:00;0.0;122.70981038092543;;80.20739028430332;;;;
2022-08-24 19:00:00;0.0;122.70981038092543;;73.23508971426105;;;;
2022-08-24 20:00:00;0.0;122.70981038092543;;66.35622061855892;;;;
2022-08-24 21:00:00;0.0;122.70981038092543;;60.00921566503798;;;;
2022-08-24 22:00:00;0.0;122.70981038092543;;54.58754906723317;;;;
2022-08-24 23:00:00;0.0;122.70981038092543;;51.06444591755461;;;;
2022-08-25 00:00:00;0.0;122.70981038092543;;50.0;;;;
2022-08-25 01:00:00;0.0;122.70981038092543;;50.0;;;;
2022-08-25 02:00:00;0.0;122.70981038092543;;50.0;;;;
2022-08-25 03:00:00;0.0;122.70981038092543;;51.88053203224185;;;;
2022-08-25 04:00:00;0.0;122.70981038092543;;55.85725423996614;;;;
2022-08-25 05:00:00;0.0;122.70981038092543;;61.08400146946796;;;;
2022-08-25 06:00:00;0.0;122.70981038092543;;67.20807676528202;;;;
2022-08-25 07:00:00;0.0;122.70981038092543;;73.8204161904952;;;;
2022-08-25 08:00:00;0.0;122.70981038092543;;80.48567760276882;;;;
2022-08-25 09:00:00;0.0;122.70981038092543;;86.7560816813428;;;;
2022-08-25 10:00:00;0.0;122.70981038092543;;92.2183942846441;;;;
2022-08-25 11:00:00;0.0;122.70981038092543;;96.5162123942913;;;;
2022-08-25 12:00:00;0.0;122.70981038092543;;99.37129065128408;;;;
2022-08-25 13:00:00;0.0;122.70981038092543;;100.5965453261056;;;;
2022-08-25 14:00:00;0.0;122.70981038092543;;100.1078051414393;;;;
2022-08-25 15:00:00;0.0;122.70981038092543;;97.94193528501448;;;;
2022-08-25 16:00:00;0.0;122.70981038092543;;94.25099603206118;;;;
2022-08-25 17:00:00;0.0;122.70981038092543;;89.28916068034526;;;;
2022-08-25 18:00:00;0.0;122.70981038092543;;83.40157229986987;;;;
2022-08-25 19:00:00;0.0;122.70981038092543;;77.00373687622155;;;;
2022-08-25 20:00:00;0.0;122.70981038092543;;70.54849198661415;;;;
2022-08-25 21:00:00;0.0;122.70981038092543;;64.50514823851553;;;;
2022-08-25 22:00:00;0.0;122.70981038092543;;59.31434090231397;;;;
2022-08-25 23:00:00;0.0;122.70981038092543;;56.21601124490907;;;;
2022-08-26 00:00:00;0.0;122.70981038092543;;54.67966619016113;;;;
2022-08-26 01:00:00;0.0;122.70981038092543;;54.9519512902721;;;;
2022-08-26 02:00:00;0.0;122.70981038092543;;56.32259137936402;;;;
2022-08-26 03:00:00;0.0;122.70981038092543;;59.63431501695757;;;;
2022-08-26 04:00:00;0.0;122.70981038092543;;64.72508571241056;;;;
2022-08-26 05:00:00;0.0;122.70981038092543;;71.3005680207239;;;;
2022-08-26 06:00:00;0.0;122.70981038092543;;78.96711325620262;;;;
2022-08-26 07:00:00;0.0;122.70981038092543;;87.24090222024297;;;;
2022-08-26 08:00:00;0.0;122.70981038092543;;95.59546259532917;;;;
2022-08-26 09:00:00;0.0;122.70981038092543;;103.4851386743055;;;;
2022-08-26 10:00:00;0.0;122.70981038092543;;110.3927534001035;;;;
2022-08-26 11:00:00;0.0;122.70981038092543;;115.8650540667215;;;;
2022-08-26 12:00:00;0.0;122.70981038092543;;119.5313756391974;;;;
2022-08-26 13:00:00;0.0;122.70981038092543;;121.1492597508382;;;;
2022-08-26 14:00:00;0.0;122.70981038092543;;120.6064566825486;;;;
2022-08-26 15:00:00;0.0;122.70981038092543;;117.9572359004656;;;;
2022-08-26 16:00:00;0.0;122.70981038092543;;113.3881012009431;;;;
2022-08-26 17:00:00;0.0;122.70981038092543;;107.2318934935087;;;;
2022-08-26 18:00:00;0.0;122.70981038092543;;99.9203825329289;;;;
2022-08-26 19:00:00;0.0;122.70981038092543;;91.97728562029924;;;;
2022-08-26 20:00:00;0.0;122.70981038092543;;83.96050078389675;;;;
2022-08-26 21:00:00;0.0;122.70981038092543;;76.43864277882273;;;;
2022-08-26 22:00:00;0.0;122.70981038092543;;69.95093850048522;;;;
2022-08-26 23:00:00;0.0;122.70981038092543;;65.41238659195167;;;;
2022-08-27 00:00:00;0.0;122.70981038092543;;62.72313112870945;;;;
2022-08-27 01:00:00;0.0;122.70981038092543;;62.12473925474218;;;;
2022-08-27 02:00:00;0.0;122.70981038092543;;63.25970374086427;;;;
2022-08-27 03:00:00;0.0;122.70981038092543;;66.53309951876375;;;;
2022-08-27 04:00:00;0.0;122.70981038092543;;71.71592045541846;;;;
2022-08-27 05:00:00;0.0;122.70981038092543;;78.45262750715729;;;;
2022-08-27 06:00:00;0.0;122.70981038092543;;86.27557927794096;;;;
2022-08-27 07:00:00;0.0;122.70981038092543;;94.64693284103434;;;;
2022-08-27 08:00:00;0.0;122.70981038092543;;102.9846292013948;;;;
2022-08-27 09:00:00;0.0;122.70981038092543;;110.7104092464371;;;;
2022-08-27 10:00:00;0.0;122.70981038092543;;117.2943688689373;;;;
2022-08-27 11:00:00;0.0;122.70981038092543;;122.2807196643875;;;;
2022-08-27 12:00:00;0.0;122.70981038092543;;125.3330439305338;;;;
2022-08-27 13:00:00;0.0;122.70981038092543;;126.235094099553;;;;
2022-08-27 14:00:00;0.0;122.70981038092543;;124.9340161642603;;;;
2022-08-27 15:00:00;0.0;122.70981038092543;;121.5134096116005;;;;
2022-08-27 16:00:00;0.0;122.70981038092543;;116.2060863797773;;;;
2022-08-27 17:00:00;0.0;122.70981038092543;;109.3707722325395;;;;
2022-08-27 18:00:00;0.0;122.70981038092543;;101.4704175937609;;;;
2022-08-27 19:00:00;0.0;122.70981038092543;;93.03738472448627;;;;
2022-08-27 20:00:00;0.0;122.70981038092543;;84.63462002551725;;;;
2022-08-27 21:00:00;0.0;122.70981038092543;;76.82749286007217;;;;
2022-08-27 22:00:00;0.0;122.70981038092543;;70.13727342020601;;;;
2022-08-27 23:00:00;0.0;122.70981038092543;;64.68810783182099;;;;
2022-08-28 00:00:00;0.0;122.70981038092543;;61.1489172655809;;;;
2022-08-28 01:00:00;0.0;122.70981038092543;;59.72723183083315;;;;
2022-08-28 02:00:00;0.0;122.70981038092543;;60.8044783266857;;;;
2022-08-28 03:00:00;0.0;122.70981038092543;;63.96934434791784;;;;
2022-08-28 04:00:00;0.0;122.70981038092543;;69.01153779789414;;;;
2022-08-28 05:00:00;0.0;122.70981038092543;;75.59964875072937;;;;
2022-08-28 06:00:00;0.0;122.70981038092543;;83.29499352848785;;;;
2022-08-28 07:00:00;0.0;122.70981038092543;;91.58754763443729;;;;
2022-08-28 08:00:00;0.0;122.70981038092543;;99.9292236788927;;;;
2022-08-28 09:00:00;0.0;122.70981038092543;;107.7685585981271;;;;
2022-08-28 10:00:00;0.0;122.70981038092543;;114.5872036918734;;;;
2022-08-28 11:00:00;0.0;122.70981038092543;;119.9268019506886;;;;
2022-08-28 12:00:00;0.0;122.70981038092543;;123.4323955136357;;;;
2022-08-28 13:00:00;0.0;122.70981038092543;;124.8710496491647;;;;
2022-08-28 14:00:00;0.0;122.70981038092543;;124.154117846214;;;;
2022-08-28 15:00:00;0.0;122.70981038092543;;121.3307601942418;;;;
2022-08-28 16:00:00;0.0;122.70981038092543;;116.5992487940603;;;;
2022-08-28 17:00:00;0.0;122.70981038092543;;110.281382502111;;;;
2022-08-28 18:00:00;0.0;122.70981038092543;;102.8174550694559;;;;
2022-08-28 19:00:00;0.0;122.70981038092543;;94.72779920854587;;;;
2022-08-28 20:00:00;0.0;122.70981038092543;;86.58350340342741;;;;
2022-08-28 21:00:00;0.0;122.70981038092543;;78.96387314141367;;;;
2022-08-28 22:00:00;0.0;122.70981038092543;;72.41023423156686;;;;
2022-08-28 23:00:00;0.0;122.70981038092543;;66.55070941537642;;;;
2022-08-29 00:00:00;0.0;122.70981038092543;;62.62632591651362;;;;
2022-08-29 01:00:00;0.0;122.70981038092543;;60.85248576598013;;;;
2022-08-29 02:00:00;0.0;122.70981038092543;;62.14793464439356;;;;
2022-08-29 03:00:00;0.0;122.70981038092543;;65.56292204608906;;;;
2022-08-29 04:00:00;0.0;122.70981038092543;;70.89177183482602;;;;
2022-08-29 05:00:00;0.0;122.70981038092543;;77.79461256875729;;;;
2022-08-29 06:00:00;0.0;122.70981038092543;;85.81336935151926;;;;
2022-08-29 07:00:00;0.0;122.70981038092543;;94.4184267015466;;;;
2022-08-29 08:00:00;0.0;122.70981038092543;;103.0304495311467;;;;
2022-08-29 09:00:00;0.0;122.70981038092543;;111.0640199278749;;;;
2022-08-29 10:00:00;0.0;122.70981038092543;;117.9662654231924;;;;
2022-08-29 11:00:00;0.0;122.70981038092543;;123.2619567509749;;;;
2022-08-29 12:00:00;0.0;122.70981038092543;;126.5906080410943;;;;
2022-08-29 13:00:00;0.0;122.70981038092543;;127.7181100892643;;;;
2022-08-29 14:00:00;0.0;122.70981038092543;;126.5607605943966;;;;
2022-08-29 15:00:00;0.0;122.70981038092543;;123.2017553385509;;;;
2022-08-29 16:00:00;0.0;122.70981038092543;;117.8723560205627;;;;
2022-08-29 17:00:00;0.0;122.70981038092543;;110.9398153460135;;;;
2022-08-29 18:00:00;0.0;122.70981038092543;;102.8734885075036;;;;
2022-08-29 19:00:00;0.0;122.70981038092543;;94.22413148667438;;;;
2022-08-29 20:00:00;0.0;122.70981038092543;;85.58290804403643;;;;
2022-08-29 21:00:00;0.0;122.70981038092543;;77.52672532819741;;;;
2022-08-29 22:00:00;0.0;122.70981038092543;;70.58626818602839;;;;
2022-08-29 23:00:00;0.0;122.70981038092543;;64.53425660570355;;;;
2022-08-30 00:00:00;0.0;122.70981038092543;;60.39576010924102;;;;
2022-08-30 01:00:00;0.0;122.70981038092543;;58.34781257232891;;;;
2022-08-30 02:00:00;0.0;122.70981038092543;;59.09010241388702;;;;
2022-08-30 03:00:00;0.0;122.70981038092543;;61.80674049317195;;;;
2022-08-30 04:00:00;0.0;122.70981038092543;;66.25520646049878;;;;
2022-08-30 05:00:00;0.0;122.70981038092543;;72.07929245764754;;;;
2022-08-30 06:00:00;0.0;122.70981038092543;;78.82897943181206;;;;
2022-08-30 07:00:00;0.0;122.70981038092543;;85.99755012540658;;;;
2022-08-30 08:00:00;0.0;122.70981038092543;;93.04950611179248;;;;
2022-08-30 09:00:00;0.0;122.70981038092543;;99.47048911301331;;;;
2022-08-30 10:00:00;0.0;122.70981038092543;;104.7936484892513;;;;
2022-08-30 11:00:00;0.0;122.70981038092543;;108.6368405240074;;;;
2022-08-30 12:00:00;0.0;122.70981038092543;;110.7214723517687;;;;
2022-08-30 13:00:00;0.0;122.70981038092543;;110.8925475287583;;;;
2022-08-30 14:00:00;0.0;122.70981038092543;;109.1279517620076;;;;
2022-08-30 15:00:00;0.0;122.70981038092543;;105.5373217322363;;;;
2022-08-30 16:00:00;0.0;122.70981038092543;;100.3530780268584;;;;
2022-08-30 17:00:00;0.0;122.70981038092543;;93.91458456749602;;;;
2022-08-30 18:00:00;0.0;122.70981038092543;;86.63806288247484;;;;
2022-08-30 19:00:00;0.0;122.70981038092543;;78.99364296863195;;;;
2022-08-30 20:00:00;0.0;122.70981038092543;;71.46159664201386;;;;
2022-08-30 21:00:00;0.0;122.70981038092543;;64.51496777903654;;;;
2022-08-30 22:00:00;0.0;122.70981038092543;;58.57797538285996;;;;
2022-08-30 23:00:00;0.0;122.70981038092543;;54.05968912379978;;;;
2022-08-31 00:00:00;0.0;122.70981038092543;;51.1672233936034;;;;
2022-08-31 01:00:00;0.0;122.70981038092543;;50.05593824712172;;;;
2022-08-31 02:00:00;0.0;122.70981038092543;;50.71092595934472;;;;
2022-08-31 03:00:00;0.0;122.70981038092543;;53.10358511425584;;;;
2022-08-31 04:00:00;0.0;122.70981038092543;;57.04024400420583;;;;
2022-08-31 05:00:00;0.0;122.70981038092543;;62.22624008853599;;;;
2022-08-31 06:00:00;0.0;122.70981038092543;;68.29149911916409;;;;
2022-08-31 07:00:00;0.0;122.70981038092543;;74.81239695548587;;;;
2022-08-31 08:00:00;0.0;122.70981038092543;;81.3441319227856;;;;
2022-08-31 09:00:00;0.0;122.70981038092543;;87.44329004433679;;;;
2022-08-31 10:00:00;0.0;122.70981038092543;;92.69338372288004;;;;
2022-08-31 11:00:00;0.0;122.70981038092543;;96.7431847503652;;;;
2022-08-31 12:00:00;0.0;122.70981038092543;;99.31805552084404;;;;
2022-08-31 13:00:00;0.0;122.70981038092543;;100.2524548085756;;;;
2022-08-31 14:00:00;0.0;122.70981038092543;;99.4780132104612;;;;
2022-08-31 15:00:00;0.0;122.70981038092543;;97.04609265439233;;;;
2022-08-31 16:00:00;0.0;122.70981038092543;;93.1164333368156;;;;
2022-08-31 17:00:00;0.0;122.70981038092543;;87.95680191976346;;;;
2022-08-31 18:00:00;0.0;122.70981038092543;;81.91786573180097;;;;
2022-08-31 19:00:00;0.0;122.70981038092543;;75.41599706614244;;;;
2022-08-31 20:00:00;0.0;122.70981038092543;;68.89730569015467;;;;
2022-08-31 21:00:00;0.0;122.70981038092543;;62.81682689538481;;;;
2022-08-31 22:00:00;0.0;122.70981038092543;;57.60211017295624;;;;
2022-08-31 23:00:00;0.0;122.70981038092543;;54.31809813303526;;;;
2022-09-01 00:00:00;0.0;122.70981038092543;;52.56695536166765;;;;
2022-09-01 01:00:00;0.0;122.70981038092543;;52.56744526620744;;;;
2022-09-01 02:00:00;0.0;122.70981038092543;;53.74001395377666;;;;
2022-09-01 03:00:00;0.0;122.70981038092543;;56.75882452024018;;;;
2022-09-01 04:00:00;0.0;122.70981038092543;;61.45523977779111;;;;
2022-09-01 05:00:00;0.0;122.70981038092543;;67.53894875951644;;;;
2022-09-01 06:00:00;0.0;122.70981038092543;;74.62686959574266;;;;
2022-09-01 07:00:00;0.0;122.70981038092543;;82.26360014754957;;;;
2022-09-01 08:00:00;0.0;122.70981038092543;;89.94712757594604;;;;
2022-09-01 09:00:00;0.0;122.70981038092543;;97.1664832608252;;;;
2022-09-01 10:00:00;0.0;122.70981038092543;;103.4342226973441;;;;
2022-09-01 11:00:00;0.0;122.70981038092543;;108.3338181123152;;;;
2022-09-01 12:00:00;0.0;122.70981038092543;;111.5375045135118;;;;
2022-09-01 13:00:00;0.0;122.70981038092543;;112.8305778868896;;;;
2022-09-01 14:00:00;0.0;122.70981038092543;;112.1230983222834;;;;
2022-09-01 15:00:00;0.0;122.70981038092543;;109.4709745222921;;;;
2022-09-01 16:00:00;0.0;122.70981038092543;;105.0621544907705;;;;
2022-09-01 17:00:00;0.0;122.70981038092543;;99.20715674573198;;;;
2022-09-01 18:00:00;0.0;122.70981038092543;;92.30734461782316;;;;
2022-09-01 19:00:00;0.0;122.70981038092543;;84.84525042560404;;;;
2022-09-01 20:00:00;0.0;122.70981038092543;;77.34298525447497;;;;
2022-09-01 21:00:00;0.0;122.70981038092543;;70.32552879092;;;;
2022-09-01 22:00:00;0.0;122.70981038092543;;64.28227128192023;;;;
2022-09-01 23:00:00;0.0;122.70981038092543;;60.53381959239903;;;;
2022-09-02 00:00:00;0.0;122.70981038092543;;58.48398601291005;;;;
2022-09-02 01:00:00;0.0;122.70981038092543;;58.36344992242245;;;;
2022-09-02 02:00:00;0.0;122.70981038092543;;59.37044508770272;;;;
2022-09-02 03:00:00;0.0;122.70981038092543;;62.38113153126102;;;;
2022-09-02 04:00:00;0.0;122.70981038092543;;67.18356956273408;;;;
2022-09-02 05:00:00;0.0;122.70981038092543;;73.43803601348608;;;;
2022-09-02 06:00:00;0.0;122.70981038092543;;80.70682177527746;;;;
2022-09-02 07:00:00;0.0;122.70981038092543;;88.48004899839833;;;;
2022-09-02 08:00:00;0.0;122.70981038092543;;96.21804199727598;;;;
2022-09-02 09:00:00;0.0;122.70981038092543;;103.3883013504905;;;;
2022-09-02 10:00:00;0.0;122.70981038092543;;109.4979744592396;;;;
2022-09-02 11:00:00;0.0;122.70981038092543;;114.130903920702;;;;
2022-09-02 12:00:00;0.0;122.70981038092543;;116.9630532088335;;;;
2022-09-02 13:00:00;0.0;122.70981038092543;;117.8026312546702;;;;
2022-09-02 14:00:00;0.0;122.70981038092543;;116.5891965791855;;;;
2022-09-02 15:00:00;0.0;122.70981038092543;;113.4082765293827;;;;
2022-09-02 16:00:00;0.0;122.70981038092543;;108.4741202459118;;;;
2022-09-02 17:00:00;0.0;122.70981038092543;;102.1186240934256;;;;
2022-09-02 18:00:00;0.0;122.70981038092543;;94.77084418004856;;;;
2022-09-02 19:00:00;0.0;122.70981038092543;;86.9272644754109;;;;
2022-09-02 20:00:00;0.0;122.70981038092543;;79.1164751015834;;;;
2022-09-02 21:00:00;0.0;122.70981038092543;;71.86513585481815;;;;
2022-09-02 22:00:00;0.0;122.70981038092543;;65.65689919147599;;;;
2022-09-02 23:00:00;0.0;122.70981038092543;;61.34434062646924;;;;
2022-09-03 00:00:00;0.0;122.70981038092543;;58.80975628275399;;;;
2022-09-03 01:00:00;0.0;122.70981038092543;;58.28086798651117;;;;
2022-09-03 02:00:00;0.0;122.70981038092543;;59.41378548621293;;;;
2022-09-03 03:00:00;0.0;122.70981038092543;;62.59885055920243;;;;
2022-09-03 04:00:00;0.0;122.70981038092543;;67.63664121510448;;;;
2022-09-03 05:00:00;0.0;122.70981038092543;;74.2112203514893;;;;
2022-09-03 06:00:00;0.0;122.70981038092543;;81.90620012090552;;;;
2022-09-03 07:00:00;0.0;122.70981038092543;;90.226673816239;;;;
2022-09-03 08:00:00;0.0;122.70981038092543;;98.6301024821879;;;;
2022-09-03 09:00:00;0.0;122.70981038092543;;106.569695111795;;;;
2022-09-03 10:00:00;0.0;122.70981038092543;;113.5265033951483;;;;
2022-09-03 11:00:00;0.0;122.70981038092543;;119.0559178851679;;;;
2022-09-03 12:00:00;0.0;122.70981038092543;;122.7915542306951;;;;
2022-09-03 13:00:00;0.0;122.70981038092543;;124.4909330089525;;;;
2022-09-03 14:00:00;0.0;122.70981038092543;;124.0438431727868;;;;
2022-09-03 15:00:00;0.0;122.70981038092543;;121.4922318519892;;;;
2022-09-03 16:00:00;0.0;122.70981038092543;;117.0169158512305;;;;
2022-09-03 17:00:00;0.0;122.70981038092543;;110.929857144226;;;;
2022-09-03 18:00:00;0.0;122.70981038092543;;103.6616119027357;;;;
2022-09-03 19:00:00;0.0;122.70981038092543;;95.73160780431056;;;;
2022-09-03 20:00:00;0.0;122.70981038092543;;87.70938467107328;;;;
2022-09-03 21:00:00;0.0;122.70981038092543;;80.17976880925744;;;;
2022-09-03 22:00:00;0.0;122.70981038092543;;73.70188103228263;;;;
2022-09-03 23:00:00;0.0;122.70981038092543;;68.4367958701946;;;;
2022-09-04 00:00:00;0.0;122.70981038092543;;65.1185187680789;;;;
2022-09-04 01:00:00;0.0;122.70981038092543;;64.00280650448273;;;;
2022-09-04 02:00:00;0.0;122.70981038092543;;65.52730994730501;;;;
2022-09-04 03:00:00;0.0;122.70981038092543;;69.30011695696162;;;;
2022-09-04 04:00:00;0.0;122.70981038092543;;75.11566273985028;;;;
2022-09-04 05:00:00;0.0;122.70981038092543;;82.62776566837482;;;;
2022-09-04 06:00:00;0.0;122.70981038092543;;91.36180922640112;;;;
2022-09-04 07:00:00;0.0;122.70981038092543;;100.7632951508507;;;;
2022-09-04 08:00:00;0.0;122.70981038092543;;110.2116691245386;;;;
2022-09-04 09:00:00;0.0;122.70981038092543;;119.0833642477298;;;;
2022-09-04 10:00:00;0.0;122.70981038092543;;126.7758141095246;;;;
2022-09-04 11:00:00;0.0;122.70981038092543;;132.7754045174297;;;;
2022-09-04 12:00:00;0.0;122.70981038092543;;136.6707498977021;;;;
2022-09-04 13:00:00;0.0;122.70981038092543;;138.2012258007928;;;;
2022-09-04 14:00:00;0.0;122.70981038092543;;137.2603225924647;;;;
2022-09-04 15:00:00;0.0;122.70981038092543;;133.9157738306795;;;;
2022-09-04 16:00:00;0.0;122.70981038092543;;128.4021287728278;;;;
2022-09-04 17:00:00;0.0;122.70981038092543;;121.1035404449701;;;;
2022-09-04 18:00:00;0.0;122.70981038092543;;112.5310923370963;;;;
2022-09-04 19:00:00;0.0;122.70981038092543;;103.2846711162893;;;;
2022-09-04 20:00:00;0.0;122.70981038092543;;94.00740468959364;;;;
2022-09-04 21:00:00;0.0;122.70981038092543;;85.33588311232008;;;;
2022-09-04 22:00:00;0.0;122.70981038092543;;77.85597007116695;;;;
2022-09-04 23:00:00;0.0;122.70981038092543;;71.17426496198682;;;;
2022-09-05 00:00:00;0.0;122.70981038092543;;66.5899278833957;;;;
2022-09-05 01:00:00;0.0;122.70981038092543;;64.3054309292062;;;;
2022-09-05 02:00:00;0.0;122.70981038092543;;65.2529596819579;;;;
2022-09-05 03:00:00;0.0;122.70981038092543;;68.3813931007673;;;;
2022-09-05 04:00:00;0.0;122.70981038092543;;73.43617247580202;;;;
2022-09-05 05:00:00;0.0;122.70981038092543;;80.03388997132174;;;;
2022-09-05 06:00:00;0.0;122.70981038092543;;87.68695658629574;;;;
2022-09-05 07:00:00;0.0;122.70981038092543;;95.83173799520762;;;;
2022-09-05 08:00:00;0.0;122.70981038092543;;103.8713987862053;;;;
2022-09-05 09:00:00;0.0;122.70981038092543;;111.2238194673652;;;;
2022-09-05 10:00:00;0.0;122.70981038092543;;117.3615173328364;;;;
2022-09-05 11:00:00;0.0;122.70981038092543;;121.8480738279833;;;;
2022-09-05 12:00:00;0.0;122.70981038092543;;124.3654231781828;;;;
2022-09-05 13:00:00;0.0;122.70981038092543;;124.7298919821864;;;;
2022-09-05 14:00:00;0.0;122.70981038092543;;122.9070656690217;;;;
2022-09-05 15:00:00;0.0;122.70981038092543;;119.013652252591;;;;
2022-09-05 16:00:00;0.0;122.70981038092543;;113.3059265655024;;;;
2022-09-05 17:00:00;0.0;122.70981038092543;;106.1603320109186;;;;
2022-09-05 18:00:00;0.0;122.70981038092543;;98.04134081593068;;;;
2022-09-05 19:00:00;0.0;122.70981038092543;;89.476877930012;;;;
2022-09-05 20:00:00;0.0;122.70981038092543;;81.01798146205866;;;;
2022-09-05 21:00:00;0.0;122.70981038092543;;73.19941602224606;;;;
2022-09-05 22:00:00;0.0;122.70981038092543;;66.51214271102239;;;;
2022-09-05 23:00:00;0.0;122.70981038092543;;60.73190397084225;;;;
2022-09-06 00:00:00;0.0;122.70981038092543;;56.80509642782783;;;;
2022-09-06 01:00:00;0.0;122.70981038092543;;54.88196180202631;;;;
2022-09-06 02:00:00;0.0;122.70981038092543;;55.60849198497855;;;;
2022-09-06 03:00:00;0.0;122.70981038092543;;58.23030739254072;;;;
2022-09-06 04:00:00;0.0;122.70981038092543;;62.53331032040948;;;;
2022-09-06 05:00:00;0.0;122.70981038092543;;68.19892395906983;;;;
2022-09-06 06:00:00;0.0;122.70981038092543;;74.81964755796126;;;;
2022-09-06 07:00:00;0.0;122.70981038092543;;81.9263668956779;;;;
2022-09-06 08:00:00;0.0;122.70981038092543;;89.02486053360958;;;;
2022-09-06 09:00:00;0.0;122.70981038092543;;95.62355304876482;;;;
2022-09-06 10:00:00;0.0;122.70981038092543;;101.2749262604489;;;;
2022-09-06 11:00:00;0.0;122.70981038092543;;105.5910347069936;;;;
2022-09-06 12:00:00;0.0;122.70981038092543;;108.2802858977491;;;;
2022-09-06 13:00:00;0.0;122.70981038092543;;109.163502544641;;;;
2022-09-06 14:00:00;0.0;122.70981038092543;;108.1768554450509;;;;
2022-09-06 15:00:00;0.0;122.70981038092543;;105.3791893238339;;;;
2022-09-06 16:00:00;0.0;122.70981038092543;;100.9548827025509;;;;
2022-09-06 17:00:00;0.0;122.70981038092543;;95.2043983952009;;;;
2022-09-06 18:00:00;0.0;122.70981038092543;;88.516377240737;;;;
2022-09-06 19:00:00;0.0;122.70981038092543;;81.33937321482364;;;;
2022-09-06 20:00:00;0.0;122.70981038092543;;74.16142456570347;;;;
2022-09-06 21:00:00;0.0;122.70981038092543;;67.47775061541282;;;;
2022-09-06 22:00:00;0.0;122.70981038092543;;61.74437544241694;;;;
2022-09-06 23:00:00;0.0;122.70981038092543;;57.42416231704303;;;;
2022-09-07 00:00:00;0.0;122.70981038092543;;54.75907946484567;;;;
2022-09-07 01:00:00;0.0;122.70981038092543;;53.95369635491289;;;;
2022-09-07 02:00:00;0.0;122.70981038092543;;55.018529423644;;;;
2022-09-07 03:00:00;0.0;122.70981038092543;;57.96394833001511;;;;
2022-09-07 04:00:00;0.0;122.70981038092543;;62.60188886888237;;;;
2022-09-07 05:00:00;0.0;122.70981038092543;;68.62916041337854;;;;
2022-09-07 06:00:00;0.0;122.70981038092543;;75.64262814065472;;;;
2022-09-07 07:00:00;0.0;122.70981038092543;;83.1702123419143;;;;
2022-09-07 08:00:00;0.0;122.70981038092543;;90.70275298097047;;;;
2022-09-07 09:00:00;0.0;122.70981038092543;;97.73148891371646;;;;
2022-09-07 10:00:00;0.0;122.70981038092543;;103.7747630820931;;;;
2022-09-07 11:00:00;0.0;122.70981038092543;;108.4182550068888;;;;
2022-09-07 12:00:00;0.0;122.70981038092543;;111.338560812873;;;;
2022-09-07 13:00:00;0.0;122.70981038092543;;112.3349865372648;;;;
2022-09-07 14:00:00;0.0;122.70981038092543;;111.3394797729446;;;;
2022-09-07 15:00:00;0.0;122.70981038092543;;108.4229013829135;;;;
2022-09-07 16:00:00;0.0;122.70981038092543;;103.7856003431633;;;;
2022-09-07 17:00:00;0.0;122.70981038092543;;97.74213805213483;;;;
2022-09-07 18:00:00;0.0;122.70981038092543;;90.70120124600548;;;;
2022-09-07 19:00:00;0.0;122.70981038092543;;83.14618312542501;;;;
2022-09-07 20:00:00;0.0;122.70981038092543;;75.59283002956063;;;;
2022-09-07 21:00:00;0.0;122.70981038092543;;68.5516871649367;;;;
2022-09-07 22:00:00;0.0;122.70981038092543;;62.49174002908993;;;;
2022-09-07 23:00:00;0.0;122.70981038092543;;58.55374119360416;;;;
2022-09-08 00:00:00;0.0;122.70981038092543;;56.28141467304149;;;;
2022-09-08 01:00:00;0.0;122.70981038092543;;55.88570542877705;;;;
2022-09-08 02:00:00;0.0;122.70981038092543;;56.70114401540387;;;;
2022-09-08 03:00:00;0.0;122.70981038092543;;59.42548944406293;;;;
2022-09-08 04:00:00;0.0;122.70981038092543;;63.83569535597069;;;;
2022-09-08 05:00:00;0.0;122.70981038092543;;69.60153059086751;;;;
2022-09-08 06:00:00;0.0;122.70981038092543;;76.29440914486244;;;;
2022-09-08 07:00:00;0.0;122.70981038092543;;83.43796263658835;;;;
2022-09-08 08:00:00;0.0;122.70981038092543;;90.51681839048511;;;;
2022-09-08 09:00:00;0.0;122.70981038092543;;97.0366932126573;;;;
2022-09-08 10:00:00;0.0;122.70981038092543;;102.5308910907009;;;;
2022-09-08 11:00:00;0.0;122.70981038092543;;106.6183021518543;;;;
2022-09-08 12:00:00;0.0;122.70981038092543;;109.0123720861627;;;;
2022-09-08 13:00:00;0.0;122.70981038092543;;109.5475259424074;;;;
2022-09-08 14:00:00;0.0;122.70981038092543;;108.183896260655;;;;
2022-09-08 15:00:00;0.0;122.70981038092543;;105.0084702259837;;;;
2022-09-08 16:00:00;0.0;122.70981038092543;;100.2361591082293;;;;
2022-09-08 17:00:00;0.0;122.70981038092543;;94.18150352632216;;;;
2022-09-08 18:00:00;0.0;122.70981038092543;;87.24889362798302;;;;
2022-09-08 19:00:00;0.0;122.70981038092543;;79.89075434446096;;;;
2022-09-08 20:00:00;0.0;122.70981038092543;;72.593291329983;;;;
2022-09-08 21:00:00;0.0;122.70981038092543;;65.83611512671666;;;;
2022-09-08 22:00:00;0.0;122.70981038092543;;60.0646640380542;;;;
2022-09-08 23:00:00;0.0;122.70981038092543;;56.50298039318876;;;;
2022-09-09 00:00:00;0.0;122.70981038092543;;54.57108756461169;;;;
2022-09-09 01:00:00;0.0;122.70981038092543;;54.48298839135394;;;;
2022-09-09 02:00:00;0.0;122.70981038092543;;55.48289182573895;;;;
2022-09-09 03:00:00;0.0;122.70981038092543;;58.40111119848081;;;;
2022-09-09 04:00:00;0.0;122.70981038092543;;63.04909006413168;;;;
2022-09-09 05:00:00;0.0;122.70981038092543;;69.13015886731114;;;;
2022-09-09 06:00:00;0.0;122.70981038092543;;76.25785391950961;;;;
2022-09-09 07:00:00;0.0;122.70981038092543;;83.97265110699934;;;;
2022-09-09 08:00:00;0.0;122.70981038092543;;91.77836613381552;;;;
2022-09-09 09:00:00;0.0;122.70981038092543;;99.16483438444696;;;;
2022-09-09 10:00:00;0.0;122.70981038092543;;105.656950155501;;;;
2022-09-09 11:00:00;0.0;122.70981038092543;;110.8265021844784;;;;
2022-09-09 12:00:00;0.0;122.70981038092543;;114.3424125004312;;;;
2022-09-09 13:00:00;0.0;122.70981038092543;;115.9706435501167;;;;
2022-09-09 14:00:00;0.0;122.70981038092543;;115.6149179969044;;;;
2022-09-09 15:00:00;0.0;122.70981038092543;;113.3073496099375;;;;
2022-09-09 16:00:00;0.0;122.70981038092543;;109.2176095581077;;;;
2022-09-09 17:00:00;0.0;122.70981038092543;;103.6267592138342;;;;
2022-09-09 18:00:00;0.0;122.70981038092543;;96.93529235321844;;;;
2022-09-09 19:00:00;0.0;122.70981038092543;;89.61407435062395;;;;
2022-09-09 20:00:00;0.0;122.70981038092543;;82.20294280338675;;;;
2022-09-09 21:00:00;0.0;122.70981038092543;;75.24016099129517;;;;
2022-09-09 22:00:00;0.0;122.70981038092543;;69.25663151411692;;;;
2022-09-09 23:00:00;0.0;122.70981038092543;;65.18289323462858;;;;
2022-09-10 00:00:00;0.0;122.70981038092543;;62.92968275866101;;;;
2022-09-10 01:00:00;0.0;122.70981038092543;;62.77358142236333;;;;
2022-09-10 02:00:00;0.0;122.70981038092543;;64.38151460060881;;;;
2022-09-10 03:00:00;0.0;122.70981038092543;;68.20565812339564;;;;
2022-09-10 04:00:00;0.0;122.70981038092543;;74.05874918924086;;;;
2022-09-10 05:00:00;0.0;122.70981038092543;;81.6116754515534;;;;
2022-09-10 06:00:00;0.0;122.70981038092543;;90.40930457212306;;;;
2022-09-10 07:00:00;0.0;122.70981038092543;;99.8965855733313;;;;
2022-09-10 08:00:00;0.0;122.70981038092543;;109.4661747952439;;;;
2022-09-10 09:00:00;0.0;122.70981038092543;;118.495303220646;;;;
2022-09-10 10:00:00;0.0;122.70981038092543;;126.3897814576071;;;;
2022-09-10 11:00:00;0.0;122.70981038092543;;132.6205526828512;;;;
2022-09-10 12:00:00;0.0;122.70981038092543;;136.7682191972218;;;;
2022-09-10 13:00:00;0.0;122.70981038092543;;138.5641065316055;;;;
2022-09-10 14:00:00;0.0;122.70981038092543;;137.8959853494275;;;;
2022-09-10 15:00:00;0.0;122.70981038092543;;134.8129067734927;;;;
2022-09-10 16:00:00;0.0;122.70981038092543;;129.5321586763027;;;;
2022-09-10 17:00:00;0.0;122.70981038092543;;122.4267095051871;;;;
2022-09-10 18:00:00;0.0;122.70981038092543;;114.0073330935899;;;;
2022-09-10 19:00:00;0.0;122.70981038092543;;104.8667582615681;;;;
2022-09-10 20:00:00;0.0;122.70981038092543;;95.65342510032949;;;;
2022-09-10 21:00:00;0.0;122.70981038092543;;87.01572623840175;;;;
2022-09-10 22:00:00;0.0;122.70981038092543;;79.5643488803112;;;;
2022-09-10 23:00:00;0.0;122.70981038092543;;73.46732831494073;;;;
2022-09-11 00:00:00;0.0;122.70981038092543;;69.48864943188009;;;;
2022-09-11 01:00:00;0.0;122.70981038092543;;67.86596145377501;;;;
2022-09-11 02:00:00;0.0;122.70981038092543;;69.02588406450522;;;;
2022-09-11 03:00:00;0.0;122.70981038092543;;72.50498882609048;;;;
2022-09-11 04:00:00;0.0;122.70981038092543;;78.04965607413769;;;;
2022-09-11 05:00:00;0.0;122.70981038092543;;85.26251954222914;;;;
2022-09-11 06:00:00;0.0;122.70981038092543;;93.6290189435142;;;;
2022-09-11 07:00:00;0.0;122.70981038092543;;102.5593398436946;;;;
2022-09-11 08:00:00;0.0;122.70981038092543;;111.4199495048667;;;;
2022-09-11 09:00:00;0.0;122.70981038092543;;119.5882477672618;;;;
2022-09-11 10:00:00;0.0;122.70981038092543;;126.490512762286;;;;
2022-09-11 11:00:00;0.0;122.70981038092543;;131.6395536856465;;;;
2022-09-11 12:00:00;0.0;122.70981038092543;;134.6836732222588;;;;
2022-09-11 13:00:00;0.0;122.70981038092543;;135.4062824941768;;;;
2022-09-11 14:00:00;0.0;122.70981038092543;;133.7610296066511;;;;
2022-09-11 15:00:00;0.0;122.70981038092543;;129.844345795091;;;;
2022-09-11 16:00:00;0.0;122.70981038092543;;123.9181890152008;;;;
2022-09-11 17:00:00;0.0;122.70981038092543;;116.3788510862824;;;;
2022-09-11 18:00:00;0.0;122.70981038092543;;107.7335049062724;;;;
2022-09-11 19:00:00;0.0;122.70981038092543;;98.55421926550068;;;;
2022-09-11 20:00:00;0.0;122.70981038092543;;89.44828003554468;;;;
2022-09-11 21:00:00;0.0;122.70981038092543;;81.00520775400024;;;;
2022-09-11 22:00:00;0.0;122.70981038092543;;73.77544275342329;;;;
2022-09-11 23:00:00;0.0;122.70981038092543;;67.37056340292679;;;;
2022-09-12 00:00:00;0.0;122.70981038092543;;63.00279667965856;;;;
2022-09-12 01:00:00;0.0;122.70981038092543;;60.84901668620774;;;;
2022-09-12 02:00:00;0.0;122.70981038092543;;61.78549123203241;;;;
2022-09-12 03:00:00;0.0;122.70981038092543;;64.83083852949488;;;;
2022-09-12 04:00:00;0.0;122.70981038092543;;69.76179779180305;;;;
2022-09-12 05:00:00;0.0;122.70981038092543;;76.22508256843071;;;;
2022-09-12 06:00:00;0.0;122.70981038092543;;83.77249332686989;;;;
2022-09-12 07:00:00;0.0;122.70981038092543;;91.88116188448784;;;;
2022-09-12 08:00:00;0.0;122.70981038092543;;100.0022046429069;;;;
2022-09-12 09:00:00;0.0;122.70981038092543;;107.5819522864716;;;;
2022-09-12 10:00:00;0.0;122.70981038092543;;114.1036300256676;;;;
2022-09-12 11:00:00;0.0;122.70981038092543;;119.1258403242226;;;;
2022-09-12 12:00:00;0.0;122.70981038092543;;122.3095840371945;;;;
2022-09-12 13:00:00;0.0;122.70981038092543;;123.4437541887127;;;;
2022-09-12 14:00:00;0.0;122.70981038092543;;122.4498917252128;;;;
2022-09-12 15:00:00;0.0;122.70981038092543;;119.3927156496027;;;;
2022-09-12 16:00:00;0.0;122.70981038092543;;114.4777989092383;;;;
2022-09-12 17:00:00;0.0;122.70981038092543;;108.0310617754444;;;;
2022-09-12 18:00:00;0.0;122.70981038092543;;100.4936084488512;;;;
2022-09-12 19:00:00;0.0;122.70981038092543;;92.3837476436866;;;;
2022-09-12 20:00:00;0.0;122.70981038092543;;84.26047592609879;;;;
2022-09-12 21:00:00;0.0;122.70981038092543;;76.68518892320773;;;;
2022-09-12 22:00:00;0.0;122.70981038092543;;70.17789412100427;;;;
2022-09-12 23:00:00;0.0;122.70981038092543;;64.5289906055983;;;;
2022-09-13 00:00:00;0.0;122.70981038092543;;60.76978870431424;;;;
2022-09-13 01:00:00;0.0;122.70981038092543;;59.1022036951363;;;;
2022-09-13 02:00:00;0.0;122.70981038092543;;60.25281634957595;;;;
2022-09-13 03:00:00;0.0;122.70981038092543;;63.4527228421427;;;;
2022-09-13 04:00:00;0.0;122.70981038092543;;68.49632746549274;;;;
2022-09-13 05:00:00;0.0;122.70981038092543;;75.04706479976474;;;;
2022-09-13 06:00:00;0.0;122.70981038092543;;82.66474463702427;;;;
2022-09-13 07:00:00;0.0;122.70981038092543;;90.8307399934818;;;;
2022-09-13 08:00:00;0.0;122.70981038092543;;98.98733977943408;;;;
2022-09-13 09:00:00;0.0;122.70981038092543;;106.5733727018522;;;;
2022-09-13 10:00:00;0.0;122.70981038092543;;113.0593013579605;;;;
2022-09-13 11:00:00;0.0;122.70981038092543;;117.999676228507;;;;
2022-09-13 12:00:00;0.0;122.70981038092543;;121.0518599192637;;;;
2022-09-13 13:00:00;0.0;122.70981038092543;;122.0049869468803;;;;
2022-09-13 14:00:00;0.0;122.70981038092543;;120.786734111987;;;;
2022-09-13 15:00:00;0.0;122.70981038092543;;117.4726874815391;;;;
2022-09-13 16:00:00;0.0;122.70981038092543;;112.2948063034435;;;;
2022-09-13 17:00:00;0.0;122.70981038092543;;105.6038355956769;;;;
2022-09-13 18:00:00;0.0;122.70981038092543;;97.85588309782668;;;;
2022-09-13 19:00:00;0.0;122.70981038092543;;89.57014270637659;;;;
2022-09-13 20:00:00;0.0;122.70981038092543;;81.30480052501309;;;;
2022-09-13 21:00:00;0.0;122.70981038092543;;73.60761353559303;;;;
2022-09-13 22:00:00;0.0;122.70981038092543;;66.98426689393462;;;;
2022-09-13 23:00:00;0.0;122.70981038092543;;61.92685168344193;;;;
2022-09-14 00:00:00;0.0;122.70981038092543;;58.67973981730157;;;;
2022-09-14 01:00:00;0.0;122.70981038092543;;57.42757295348958;;;;
2022-09-14 02:00:00;0.0;122.70981038092543;;58.14354890057988;;;;
2022-09-14 03:00:00;0.0;122.70981038092543;;60.80450153278916;;;;
2022-09-14 04:00:00;0.0;122.70981038092543;;65.17426481982528;;;;
2022-09-14 05:00:00;0.0;122.70981038092543;;70.90283726124741;;;;
2022-09-14 06:00:00;0.0;122.70981038092543;;77.54864676277685;;;;
2022-09-14 07:00:00;0.0;122.70981038092543;;84.61424570091579;;;;
2022-09-14 08:00:00;0.0;122.70981038092543;;91.57370481690393;;;;
2022-09-14 09:00:00;0.0;122.70981038092543;;97.92181380574657;;;;
2022-09-14 10:00:00;0.0;122.70981038092543;;103.2032298421395;;;;
2022-09-14 11:00:00;0.0;122.70981038092543;;107.046787697847;;;;
2022-09-14 12:00:00;0.0;122.70981038092543;;109.1690335458565;;;;
2022-09-14 13:00:00;0.0;122.70981038092543;;109.4149378098972;;;;
2022-09-14 14:00:00;0.0;122.70981038092543;;107.7590832728065;;;;
2022-09-14 15:00:00;0.0;122.70981038092543;;104.30987953234;;;;
2022-09-14 16:00:00;0.0;122.70981038092543;;99.2927217367336;;;;
2022-09-14 17:00:00;0.0;122.70981038092543;;93.03286614221236;;;;
2022-09-14 18:00:00;0.0;122.70981038092543;;85.93955331891313;;;;
2022-09-14 19:00:00;0.0;122.70981038092543;;78.467493115454;;;;
2022-09-14 20:00:00;0.0;122.70981038092543;;71.0947926779759;;;;
2022-09-14 21:00:00;0.0;122.70981038092543;;64.29105305005616;;;;
2022-09-14 22:00:00;0.0;122.70981038092543;;58.48107639973285;;;;
2022-09-14 23:00:00;0.0;122.70981038092543;;54.72081542587078;;;;
2022-09-15 00:00:00;0.0;122.70981038092543;;52.56380410219971;;;;
2022-09-15 01:00:00;0.0;122.70981038092543;;52.19821514214788;;;;
2022-09-15 02:00:00;0.0;122.70981038092543;;53.0002851375671;;;;
2022-09-15 03:00:00;0.0;122.70981038092543;;55.62886765538306;;;;
2022-09-15 04:00:00;0.0;122.70981038092543;;59.89425081345564;;;;
2022-09-15 05:00:00;0.0;122.70981038092543;;65.4986286184965;;;;
2022-09-15 06:00:00;0.0;122.70981038092543;;72.06557187957165;;;;
2022-09-15 07:00:00;0.0;122.70981038092543;;79.15380551781809;;;;
2022-09-15 08:00:00;0.0;122.70981038092543;;86.29582287697248;;;;
2022-09-15 09:00:00;0.0;122.70981038092543;;93.01832113536722;;;;
2022-09-15 10:00:00;0.0;122.70981038092543;;98.87763501029109;;;;
2022-09-15 11:00:00;0.0;122.70981038092543;;103.489654728373;;;;
2022-09-15 12:00:00;0.0;122.70981038092543;;106.5511582442272;;;;
2022-09-15 13:00:00;0.0;122.70981038092543;;107.8672159109627;;;;
2022-09-15 14:00:00;0.0;122.70981038092543;;107.3453478038016;;;;
2022-09-15 15:00:00;0.0;122.70981038092543;;105.0273981485437;;;;
2022-09-15 16:00:00;0.0;122.70981038092543;;101.071471271256;;;;
2022-09-15 17:00:00;0.0;122.70981038092543;;95.75283862997084;;;;
2022-09-15 18:00:00;0.0;122.70981038092543;;89.4411461289142;;;;
2022-09-15 19:00:00;0.0;122.70981038092543;;82.57708937450238;;;;
2022-09-15 20:00:00;0.0;122.70981038092543;;75.65268294952135;;;;
2022-09-15 21:00:00;0.0;122.70981038092543;;69.1666276369727;;;;
2022-09-15 22:00:00;0.0;122.70981038092543;;63.60257954210705;;;;
2022-09-15 23:00:00;0.0;122.70981038092543;;60.29967192266265;;;;
2022-09-16 00:00:00;0.0;122.70981038092543;;58.67070348522772;;;;
2022-09-16 01:00:00;0.0;122.70981038092543;;58.9795673466032;;;;
2022-09-16 02:00:00;0.0;122.70981038092543;;60.45011207646041;;;;
2022-09-16 03:00:00;0.0;122.70981038092543;;64.00495578087445;;;;
2022-09-16 04:00:00;0.0;122.70981038092543;;69.46760142716076;;;;
2022-09-16 05:00:00;0.0;122.70981038092543;;76.5243096884531;;;;
2022-09-16 06:00:00;0.0;122.70981038092543;;84.74917951796957;;;;
2022-09-16 07:00:00;0.0;122.70981038092543;;93.62965793851654;;;;
2022-09-16 08:00:00;0.0;122.70981038092543;;102.5952206421641;;;;
2022-09-16 09:00:00;0.0;122.70981038092543;;111.0610950340149;;;;
2022-09-16 10:00:00;0.0;122.70981038092543;;118.4711189094527;;;;
2022-09-16 11:00:00;0.0;122.70981038092543;;124.3332893629246;;;;
2022-09-16 12:00:00;0.0;122.70981038092543;;128.2648923769246;;;;
2022-09-16 13:00:00;0.0;122.70981038092543;;129.9969821379672;;;;
2022-09-16 14:00:00;0.0;122.70981038092543;;129.4201313802558;;;;
2022-09-16 15:00:00;0.0;122.70981038092543;;126.5756967684209;;;;
2022-09-16 16:00:00;0.0;122.70981038092543;;121.675946561104;;;;
2022-09-16 17:00:00;0.0;122.70981038092543;;115.0701922282748;;;;
2022-09-16 18:00:00;0.0;122.70981038092543;;107.2248784040029;;;;
2022-09-16 19:00:00;0.0;122.70981038092543;;98.69571707923674;;;;
2022-09-16 20:00:00;0.0;122.70981038092543;;90.09139528360444;;;;
2022-09-16 21:00:00;0.0;122.70981038092543;;82.02476084412905;;;;
2022-09-16 22:00:00;0.0;122.70981038092543;;75.06704609589445;;;;
2022-09-16 23:00:00;0.0;122.70981038092543;;70.21721550483747;;;;
2022-09-17 00:00:00;0.0;122.70981038092543;;67.35047527267585;;;;
2022-09-17 01:00:00;0.0;122.70981038092543;;66.7238323550731;;;;
2022-09-17 02:00:00;0.0;122.70981038092543;;67.93849941292233;;;;
2022-09-17 03:00:00;0.0;122.70981038092543;;71.44451921074057;;;;
2022-09-17 04:00:00;0.0;122.70981038092543;;77.00727193983188;;;;
2022-09-17 05:00:00;0.0;122.70981038092543;;84.23862704241785;;;;
2022-09-17 06:00:00;0.0;122.70981038092543;;92.63563496658789;;;;
2022-09-17 07:00:00;0.0;122.70981038092543;;101.6201909642625;;;;
2022-09-17 08:00:00;0.0;122.70981038092543;;110.56700340021;;;;
2022-09-17 09:00:00;0.0;122.70981038092543;;118.8625994888122;;;;
2022-09-17 10:00:00;0.0;122.70981038092543;;125.9340749412677;;;;
2022-09-17 11:00:00;0.0;122.70981038092543;;131.2983409829461;;;;
2022-09-17 12:00:00;0.0;122.70981038092543;;134.5822476759419;;;;
2022-09-17 13:00:00;0.0;122.70981038092543;;135.5522360829268;;;;
2022-09-17 14:00:00;0.0;122.70981038092543;;134.1484325980344;;;;
2022-09-17 15:00:00;0.0;122.70981038092543;;130.4694876579567;;;;
2022-09-17 16:00:00;0.0;122.70981038092543;;124.766250685658;;;;
2022-09-17 17:00:00;0.0;122.70981038092543;;117.4251414068163;;;;
2022-09-17 18:00:00;0.0;122.70981038092543;;108.9380913044837;;;;
2022-09-17 19:00:00;0.0;122.70981038092543;;99.8794121503886;;;;
2022-09-17 20:00:00;0.0;122.70981038092543;;90.85345985164383;;;;
2022-09-17 21:00:00;0.0;122.70981038092543;;82.46951909554778;;;;
2022-09-17 22:00:00;0.0;122.70981038092543;;75.28671290073098;;;;
2022-09-17 23:00:00;0.0;122.70981038092543;;69.45081801561402;;;;
2022-09-18 00:00:00;0.0;122.70981038092543;;65.66636548018725;;;;
2022-09-18 01:00:00;0.0;122.70981038092543;;64.15269580982824;;;;
2022-09-18 02:00:00;0.0;122.70981038092543;;65.30895004200381;;;;
2022-09-18 03:00:00;0.0;122.70981038092543;;68.70857439585043;;;;
2022-09-18 04:00:00;0.0;122.70981038092543;;74.12660739766181;;;;
2022-09-18 05:00:00;0.0;122.70981038092543;;81.20417040327001;;;;
2022-09-18 06:00:00;0.0;122.70981038092543;;89.47356718169874;;;;
2022-09-18 07:00:00;0.0;122.70981038092543;;98.38485920133068;;;;
2022-09-18 08:00:00;0.0;122.70981038092543;;107.3486983024996;;;;
2022-09-18 09:00:00;0.0;122.70981038092543;;115.7638866963874;;;;
2022-09-18 10:00:00;0.0;122.70981038092543;;123.0785236518686;;;;
2022-09-18 11:00:00;0.0;122.70981038092543;;128.8061298770406;;;;
2022-09-18 12:00:00;0.0;122.70981038092543;;132.5721250566012;;;;
2022-09-18 13:00:00;0.0;122.70981038092543;;134.1174410444167;;;;
2022-09-18 14:00:00;0.0;122.70981038092543;;133.3407579204328;;;;
2022-09-18 15:00:00;0.0;122.70981038092543;;130.300081695185;;;;
2022-09-18 16:00:00;0.0;122.70981038092543;;125.2140657912766;;;;
2022-09-18 17:00:00;0.0;122.70981038092543;;118.431807067361;;;;
2022-09-18 18:00:00;0.0;122.70981038092543;;110.4197173765877;;;;
2022-09-18 19:00:00;0.0;122.70981038092543;;101.7336002907538;;;;
2022-09-18 20:00:00;0.0;122.70981038092543;;92.98543614872295;;;;
2022-09-18 21:00:00;0.0;122.70981038092543;;84.79718980613298;;;;
2022-09-18 22:00:00;0.0;122.70981038092543;;77.7573594889202;;;;
2022-09-18 23:00:00;0.0;122.70981038092543;;71.48110061046651;;;;
2022-09-19 00:00:00;0.0;122.70981038092543;;67.28360876016595;;;;
2022-09-19 01:00:00;0.0;122.70981038092543;;65.39447986944013;;;;
2022-09-19 02:00:00;0.0;122.70981038092543;;66.78553255092706;;;;
2022-09-19 03:00:00;0.0;122.70981038092543;;70.45395849227252;;;;
2022-09-19 04:00:00;0.0;122.70981038092543;;76.18212378427985;;;;
2022-09-19 05:00:00;0.0;122.70981038092543;;83.60151679834945;;;;
2022-09-19 06:00:00;0.0;122.70981038092543;;92.2239806679813;;;;
2022-09-19 07:00:00;0.0;122.70981038092543;;101.4763616013142;;;;
2022-09-19 08:00:00;0.0;122.70981038092543;;110.7358077407496;;;;
2022-09-19 09:00:00;0.0;122.70981038092543;;119.3732544099612;;;;
2022-09-19 10:00:00;0.0;122.70981038092543;;126.795847448958;;;;
2022-09-19 11:00:00;0.0;122.70981038092543;;132.4973864737215;;;;
2022-09-19 12:00:00;0.0;122.70981038092543;;136.0846412602465;;;;
2022-09-19 13:00:00;0.0;122.70981038092543;;137.3059170016674;;;;
2022-09-19 14:00:00;0.0;122.70981038092543;;136.0743481614729;;;;
2022-09-19 15:00:00;0.0;122.70981038092543;;132.4724478744257;;;;
2022-09-19 16:00:00;0.0;122.70981038092543;;126.744485512646;;;;
2022-09-19 17:00:00;0.0;122.70981038092543;;119.2870120571322;;;;
2022-09-19 18:00:00;0.0;122.70981038092543;;110.6127112762543;;;;
2022-09-19 19:00:00;0.0;122.70981038092543;;101.3164219813331;;;;
2022-09-19 20:00:00;0.0;122.70981038092543;;92.0211218651539;;;;
2022-09-19 21:00:00;0.0;122.70981038092543;;83.3515038879722;;;;
2022-09-19 22:00:00;0.0;122.70981038092543;;75.88381025508616;;;;
2022-09-19 23:00:00;0.0;122.70981038092543;;69.39302862146428;;;;
2022-09-20 00:00:00;0.0;122.70981038092543;;64.96174157573441;;;;
2022-09-20 01:00:00;0.0;122.70981038092543;;62.77388249686789;;;;
2022-09-20 02:00:00;0.0;122.70981038092543;;63.56666050995965;;;;
2022-09-20 03:00:00;0.0;122.70981038092543;;66.48139244821064;;;;
2022-09-20 04:00:00;0.0;122.70981038092543;;71.26181004404438;;;;
2022-09-20 05:00:00;0.0;122.70981038092543;;77.52308890944181;;;;
2022-09-20 06:00:00;0.0;122.70981038092543;;84.77751920475134;;;;
2022-09-20 07:00:00;0.0;122.70981038092543;;92.48019256878882;;;;
2022-09-20 08:00:00;0.0;122.70981038092543;;100.0598075764907;;;;
2022-09-20 09:00:00;0.0;122.70981038092543;;106.9604644776203;;;;
2022-09-20 10:00:00;0.0;122.70981038092543;;112.6805493501033;;;;
2022-09-20 11:00:00;0.0;122.70981038092543;;116.8039756172755;;;;
2022-09-20 12:00:00;0.0;122.70981038092543;;119.0411012480682;;;;
2022-09-20 13:00:00;0.0;122.70981038092543;;119.2209439426281;;;;
2022-09-20 14:00:00;0.0;122.70981038092543;;117.3212635869269;;;;
2022-09-20 15:00:00;0.0;122.70981038092543;;113.4577891593639;;;;
2022-09-20 16:00:00;0.0;122.70981038092543;;107.8843856870957;;;;
2022-09-20 17:00:00;0.0;122.70981038092543;;100.9669328749802;;;;
2022-09-20 18:00:00;0.0;122.70981038092543;;93.14846824113437;;;;
2022-09-20 19:00:00;0.0;122.70981038092543;;84.93172414426873;;;;
2022-09-20 20:00:00;0.0;122.70981038092543;;76.8350585473352;;;;
2022-09-20 21:00:00;0.0;122.70981038092543;;69.36781105366015;;;;
2022-09-20 22:00:00;0.0;122.70981038092543;;62.98702087200282;;;;
2022-09-20 23:00:00;0.0;122.70981038092543;;58.1452779535269;;;;
2022-09-21 00:00:00;0.0;122.70981038092543;;55.05207270176297;;;;
2022-09-21 01:00:00;0.0;122.70981038092543;;53.87283060026752;;;;
2022-09-21 02:00:00;0.0;122.70981038092543;;54.57829729437308;;;;
2022-09-21 03:00:00;0.0;122.70981038092543;;57.15356122137034;;;;
2022-09-21 04:00:00;0.0;122.70981038092543;;61.38692857809583;;;;
2022-09-21 05:00:00;0.0;122.70981038092543;;66.96524427808264;;;;
2022-09-21 06:00:00;0.0;122.70981038092543;;73.48996118988879;;;;
2022-09-21 07:00:00;0.0;122.70981038092543;;80.5090218832704;;;;
2022-09-21 08:00:00;0.0;122.70981038092543;;87.5372994840391;;;;
2022-09-21 09:00:00;0.0;122.70981038092543;;94.10166153448708;;;;
2022-09-21 10:00:00;0.0;122.70981038092543;;99.75305578764991;;;;
2022-09-21 11:00:00;0.0;122.70981038092543;;104.1124646555736;;;;
2022-09-21 12:00:00;0.0;122.70981038092543;;106.8823353223246;;;;
2022-09-21 13:00:00;0.0;122.70981038092543;;107.8837752786224;;;;
2022-09-21 14:00:00;0.0;122.70981038092543;;107.0462735051265;;;;
2022-09-21 15:00:00;0.0;122.70981038092543;;104.4267169696259;;;;
2022-09-21 16:00:00;0.0;122.70981038092543;;100.2009108726665;;;;
2022-09-21 17:00:00;0.0;122.70981038092543;;94.65353241898184;;;;
2022-09-21 18:00:00;0.0;122.70981038092543;;88.16373891975732;;;;
2022-09-21 19:00:00;0.0;122.70981038092543;;81.17101172043134;;;;
2022-09-21 20:00:00;0.0;122.70981038092543;;74.15876910848345;;;;
2022-09-21 21:00:00;0.0;122.70981038092543;;67.61110383496487;;;;
2022-09-21 22:00:00;0.0;122.70981038092543;;61.99469150702787;;;;
2022-09-21 23:00:00;0.0;122.70981038092543;;58.47105576454924;;;;
2022-09-22 00:00:00;0.0;122.70981038092543;;56.59599497367874;;;;
2022-09-22 01:00:00;0.0;122.70981038092543;;56.60732269418371;;;;
2022-09-22 02:00:00;0.0;122.70981038092543;;57.86333969720429;;;;
2022-09-22 03:00:00;0.0;122.70981038092543;;61.10914665111186;;;;
2022-09-22 04:00:00;0.0;122.70981038092543;;66.16048732376825;;;;
2022-09-22 05:00:00;0.0;122.70981038092543;;72.70825008303571;;;;
2022-09-22 06:00:00;0.0;122.70981038092543;;80.33505331377623;;;;
2022-09-22 07:00:00;0.0;122.70981038092543;;88.54971516698191;;;;
2022-09-22 08:00:00;0.0;122.70981038092543;;96.8149607400601;;;;
2022-09-22 09:00:00;0.0;122.70981038092543;;104.5856638982936;;;;
2022-09-22 10:00:00;0.0;122.70981038092543;;111.3434659264756;;;;
2022-09-22 11:00:00;0.0;122.70981038092543;;116.6322840329072;;;;
2022-09-22 12:00:00;0.0;122.70981038092543;;120.091286679153;;;;
2022-09-22 13:00:00;0.0;122.70981038092543;;121.4894198189042;;;;
2022-09-22 14:00:00;0.0;122.70981038092543;;120.7351438162767;;;;
2022-09-22 15:00:00;0.0;122.70981038092543;;117.8874434644304;;;;
2022-09-22 16:00:00;0.0;122.70981038092543;;113.1424933805145;;;;
2022-09-22 17:00:00;0.0;122.70981038092543;;106.8349044787957;;;;
2022-09-22 18:00:00;0.0;122.70981038092543;;99.40241344233176;;;;
2022-09-22 19:00:00;0.0;122.70981038092543;;91.36699349809084;;;;
2022-09-22 20:00:00;0.0;122.70981038092543;;83.28953087308018;;;;
2022-09-22 21:00:00;0.0;122.70981038092543;;75.73340948494227;;;;
2022-09-22 22:00:00;0.0;122.70981038092543;;69.22250963973246;;;;
2022-09-22 23:00:00;0.0;122.70981038092543;;65.19358622353298;;;;
2022-09-23 00:00:00;0.0;122.70981038092543;;62.99436737751695;;;;
2022-09-23 01:00:00;0.0;122.70981038092543;;62.87943837604669;;;;
2022-09-23 02:00:00;0.0;122.70981038092543;;63.96802282346283;;;;
2022-09-23 03:00:00;0.0;122.70981038092543;;67.21736173594866;;;;
2022-09-23 04:00:00;0.0;122.70981038092543;;72.39559527670035;;;;
2022-09-23 05:00:00;0.0;122.70981038092543;;79.13726004491843;;;;
2022-09-23 06:00:00;0.0;122.70981038092543;;86.9676744188387;;;;
2022-09-23 07:00:00;0.0;122.70981038092543;;95.34248843773622;;;;
2022-09-23 08:00:00;0.0;122.70981038092543;;103.682073363406;;;;
2022-09-23 09:00:00;0.0;122.70981038092543;;111.4082347613052;;;;
2022-09-23 10:00:00;0.0;122.70981038092543;;117.9837792256042;;;;
2022-09-23 11:00:00;0.0;122.70981038092543;;122.9595423255607;;;;
2022-09-23 12:00:00;0.0;122.70981038092543;;125.9991331706972;;;;
2022-09-23 13:00:00;0.0;122.70981038092543;;126.8942114177824;;;;
2022-09-23 14:00:00;0.0;122.70981038092543;;125.5858400771762;;;;
2022-09-23 15:00:00;0.0;122.70981038092543;;122.1572968342904;;;;
2022-09-23 16:00:00;0.0;122.70981038092543;;116.8439473995598;;;;
2022-09-23 17:00:00;0.0;122.70981038092543;;110.0023093818603;;;;
2022-09-23 18:00:00;0.0;122.70981038092543;;102.0958958423588;;;;
2022-09-23 19:00:00;0.0;122.70981038092543;;93.6564255352792;;;;
2022-09-23 20:00:00;0.0;122.70981038092543;;85.25104840150048;;;;
2022-09-23 21:00:00;0.0;122.70981038092543;;77.4452973307263;;;;
2022-09-23 22:00:00;0.0;122.70981038092543;;70.76488538662622;;;;
2022-09-23 23:00:00;0.0;122.70981038092543;;66.13823130069908;;;;
2022-09-24 00:00:00;0.0;122.70981038092543;;63.42680908974933;;;;
2022-09-24 01:00:00;0.0;122.70981038092543;;62.86913475887334;;;;
2022-09-24 02:00:00;0.0;122.70981038092543;;64.08702928287983;;;;
2022-09-24 03:00:00;0.0;122.70981038092543;;67.51970453309403;;;;
2022-09-24 04:00:00;0.0;122.70981038092543;;72.95708789754892;;;;
2022-09-24 05:00:00;0.0;122.70981038092543;;80.05331113593934;;;;
2022-09-24 06:00:00;0.0;122.70981038092543;;88.3548562162383;;;;
2022-09-24 07:00:00;0.0;122.70981038092543;;97.3280546146032;;;;
2022-09-24 08:00:00;0.0;122.70981038092543;;106.3937307819705;;;;
2022-09-24 09:00:00;0.0;122.70981038092543;;114.9607758626128;;;;
2022-09-24 10:00:00;0.0;122.70981038092543;;122.474796788678;;;;
2022-09-24 11:00:00;0.0;122.70981038092543;;128.4464501253841;;;;
2022-09-24 12:00:00;0.0;122.70981038092543;;132.4802509919434;;;;
2022-09-24 13:00:00;0.0;122.70981038092543;;134.3225403978275;;;;
2022-09-24 14:00:00;0.0;122.70981038092543;;133.8514773797955;;;;
2022-09-24 15:00:00;0.0;122.70981038092543;;131.1080774709985;;;;
2022-09-24 16:00:00;0.0;122.70981038092543;;126.2766379955093;;;;
2022-09-24 17:00:00;0.0;122.70981038092543;;119.7073759028451;;;;
2022-09-24 18:00:00;0.0;122.70981038092543;;111.8668525687516;;;;
2022-09-24 19:00:00;0.0;122.70981038092543;;103.3131116780127;;;;
2022-09-24 20:00:00;0.0;122.70981038092543;;94.65984423547724;;;;
2022-09-24 21:00:00;0.0;122.70981038092543;;86.53835145883511;;;;
2022-09-24 22:00:00;0.0;122.70981038092543;;79.55275134000165;;;;
2022-09-24 23:00:00;0.0;122.70981038092543;;73.88272584118903;;;;
2022-09-25 00:00:00;0.0;122.70981038092543;;70.31494839616157;;;;
2022-09-25 01:00:00;0.0;122.70981038092543;;69.12358542747972;;;;
2022-09-25 02:00:00;0.0;122.70981038092543;;70.77094269397165;;;;
2022-09-25 03:00:00;0.0;122.70981038092543;;74.84182459308013;;;;
2022-09-25 04:00:00;0.0;122.70981038092543;;81.11681340754224;;;;
2022-09-25 05:00:00;0.0;122.70981038092543;;89.22536526310603;;;;
2022-09-25 06:00:00;0.0;122.70981038092543;;98.66172762564464;;;;
2022-09-25 07:00:00;0.0;122.70981038092543;;108.8196482759664;;;;
2022-09-25 08:00:00;0.0;122.70981038092543;;119.0276974943689;;;;
2022-09-25 09:00:00;0.0;122.70981038092543;;128.6039819873387;;;;
2022-09-25 10:00:00;0.0;122.70981038092543;;136.9074361760577;;;;
2022-09-25 11:00:00;0.0;122.70981038092543;;143.3777494284064;;;;
2022-09-25 12:00:00;0.0;122.70981038092543;;147.5783645254178;;;;
2022-09-25 13:00:00;0.0;122.70981038092543;;149.2212915758396;;;;
2022-09-25 14:00:00;0.0;122.70981038092543;;148.1990767246379;;;;
2022-09-25 15:00:00;0.0;122.70981038092543;;144.5809601266944;;;;
2022-09-25 16:00:00;0.0;122.70981038092543;;138.6252548498419;;;;
2022-09-25 17:00:00;0.0;122.70981038092543;;130.7511400540093;;;;
2022-09-25 18:00:00;0.0;122.70981038092543;;121.5064480198198;;;;
2022-09-25 19:00:00;0.0;122.70981038092543;;111.5310126409914;;;;
2022-09-25 20:00:00;0.0;122.70981038092543;;101.5100518498404;;;;
2022-09-25 21:00:00;0.0;122.70981038092543;;92.13700963522469;;;;
2022-09-25 22:00:00;0.0;122.70981038092543;;84.05373889047524;;;;
2022-09-25 23:00:00;0.0;122.70981038092543;;76.84969796325109;;;;
2022-09-26 00:00:00;0.0;122.70981038092543;;71.91385056901206;;;;
2022-09-26 01:00:00;0.0;122.70981038092543;;69.45738945130273;;;;
2022-09-26 02:00:00;0.0;122.70981038092543;;70.47671725806046;;;;
2022-09-26 03:00:00;0.0;122.70981038092543;;73.85611262382179;;;;
2022-09-26 04:00:00;0.0;122.70981038092543;;79.32102501235002;;;;
2022-09-26 05:00:00;0.0;122.70981038092543;;86.45037331352205;;;;
2022-09-26 06:00:00;0.0;122.70981038092543;;94.71277241874586;;;;
2022-09-26 07:00:00;0.0;122.70981038092543;;103.5041086240823;;;;
2022-09-26 08:00:00;0.0;122.70981038092543;;112.1837645459178;;;;
2022-09-26 09:00:00;0.0;122.70981038092543;;120.1218018023384;;;;
2022-09-26 10:00:00;0.0;122.70981038092543;;126.7473091833949;;;;
2022-09-26 11:00:00;0.0;122.70981038092543;;131.5933517500847;;;;
2022-09-26 12:00:00;0.0;122.70981038092543;;134.3149105258525;;;;
2022-09-26 13:00:00;0.0;122.70981038092543;;134.7145477177636;;;;
2022-09-26 14:00:00;0.0;122.70981038092543;;132.753320241675;;;;
2022-09-26 15:00:00;0.0;122.70981038092543;;128.5566440556994;;;;
2022-09-26 16:00:00;0.0;122.70981038092543;;122.3955352302088;;;;
2022-09-26 17:00:00;0.0;122.70981038092543;;114.679164790869;;;;
2022-09-26 18:00:00;0.0;122.70981038092543;;105.9127587518399;;;;
2022-09-26 19:00:00;0.0;122.70981038092543;;96.66694604888228;;;;
2022-09-26 20:00:00;0.0;122.70981038092543;;87.53326643595953;;;;
2022-09-26 21:00:00;0.0;122.70981038092543;;79.08783869732052;;;;
2022-09-26 22:00:00;0.0;122.70981038092543;;71.86281860578174;;;;
2022-09-26 23:00:00;0.0;122.70981038092543;;65.62648183882752;;;;
2022-09-27 00:00:00;0.0;122.70981038092543;;61.3913133434657;;;;
2022-09-27 01:00:00;0.0;122.70981038092543;;59.32179265283418;;;;
2022-09-27 02:00:00;0.0;122.70981038092543;;60.10872237599069;;;;
2022-09-27 03:00:00;0.0;122.70981038092543;;62.94403128807718;;;;
2022-09-27 04:00:00;0.0;122.70981038092543;;67.59688248614844;;;;
2022-09-27 05:00:00;0.0;122.70981038092543;;73.71950630127003;;;;
2022-09-27 06:00:00;0.0;122.70981038092543;;80.87344401344342;;;;
2022-09-27 07:00:00;0.0;122.70981038092543;;88.55528372886369;;;;
2022-09-27 08:00:00;0.0;122.70981038092543;;96.22905237114412;;;;
2022-09-27 09:00:00;0.0;122.70981038092543;;103.3657717673262;;;;
2022-09-27 10:00:00;0.0;122.70981038092543;;109.4754311638697;;;;
2022-09-27 11:00:00;0.0;122.70981038092543;;114.1431339674113;;;;
2022-09-27 12:00:00;0.0;122.70981038092543;;117.0497258671125;;;;
2022-09-27 13:00:00;0.0;122.70981038092543;;117.9954160287553;;;;
2022-09-27 14:00:00;0.0;122.70981038092543;;116.9182018277324;;;;
2022-09-27 15:00:00;0.0;122.70981038092543;;113.8879951296622;;;;
2022-09-27 16:00:00;0.0;122.70981038092543;;109.1074080745476;;;;
2022-09-27 17:00:00;0.0;122.70981038092543;;102.8939666413728;;;;
2022-09-27 18:00:00;0.0;122.70981038092543;;95.66590971531885;;;;
2022-09-27 19:00:00;0.0;122.70981038092543;;87.91180462695391;;;;
2022-09-27 20:00:00;0.0;122.70981038092543;;80.15754192870722;;;;
2022-09-27 21:00:00;0.0;122.70981038092543;;72.93236199179378;;;;
2022-09-27 22:00:00;0.0;122.70981038092543;;66.73667451039421;;;;
2022-09-27 23:00:00;0.0;122.70981038092543;;62.07673709305409;;;;
2022-09-28 00:00:00;0.0;122.70981038092543;;59.20925576763797;;;;
2022-09-28 01:00:00;0.0;122.70981038092543;;58.34691534237823;;;;
2022-09-28 02:00:00;0.0;122.70981038092543;;59.49699526410745;;;;
2022-09-28 03:00:00;0.0;122.70981038092543;;62.67881868652939;;;;
2022-09-28 04:00:00;0.0;122.70981038092543;;67.69174102963268;;;;
2022-09-28 05:00:00;0.0;122.70981038092543;;74.20859643234148;;;;
2022-09-28 06:00:00;0.0;122.70981038092543;;81.79359258703353;;;;
2022-09-28 07:00:00;0.0;122.70981038092543;;89.93898163734966;;;;
2022-09-28 08:00:00;0.0;122.70981038092543;;98.08958365585724;;;;
2022-09-28 09:00:00;0.0;122.70981038092543;;105.6931481037826;;;;
2022-09-28 10:00:00;0.0;122.70981038092543;;112.2297761654319;;;;
2022-09-28 11:00:00;0.0;122.70981038092543;;117.2544390121631;;;;
2022-09-28 12:00:00;0.0;122.70981038092543;;120.417814888389;;;;
2022-09-28 13:00:00;0.0;122.70981038092543;;121.5036692417695;;;;
2022-09-28 14:00:00;0.0;122.70981038092543;;120.437613476806;;;;
2022-09-28 15:00:00;0.0;122.70981038092543;;117.2935800746324;;;;
2022-09-28 16:00:00;0.0;122.70981038092543;;112.284412129392;;;;
2022-09-28 17:00:00;0.0;122.70981038092543;;105.7464884850343;;;;
2022-09-28 18:00:00;0.0;122.70981038092543;;98.12966450612092;;;;
2022-09-28 19:00:00;0.0;122.70981038092543;;89.95350240826033;;;;
2022-09-28 20:00:00;0.0;122.70981038092543;;81.7784581191751;;;;
2022-09-28 21:00:00;0.0;122.70981038092543;;74.15574719013009;;;;
2022-09-28 22:00:00;0.0;122.70981038092543;;67.5979036902522;;;;
2022-09-28 23:00:00;0.0;122.70981038092543;;63.34639012490869;;;;
2022-09-29 00:00:00;0.0;122.70981038092543;;60.89836518077209;;;;
2022-09-29 01:00:00;0.0;122.70981038092543;;60.47662660865605;;;;
2022-09-29 02:00:00;0.0;122.70981038092543;;61.3549339013961;;;;
2022-09-29 03:00:00;0.0;122.70981038092543;;64.29729200207709;;;;
2022-09-29 04:00:00;0.0;122.70981038092543;;69.06900804165278;;;;
2022-09-29 05:00:00;0.0;122.70981038092543;;75.30429178704824;;;;
2022-09-29 06:00:00;0.0;122.70981038092543;;82.54301604290248;;;;
2022-09-29 07:00:00;0.0;122.70981038092543;;90.2631853001402;;;;
2022-09-29 08:00:00;0.0;122.70981038092543;;97.915535607127;;;;
2022-09-29 09:00:00;0.0;122.70981038092543;;104.9599412565008;;;;
2022-09-29 10:00:00;0.0;122.70981038092543;;110.9019502587947;;;;
2022-09-29 11:00:00;0.0;122.70981038092543;;115.3223794072118;;;;
2022-09-29 12:00:00;0.0;122.70981038092543;;117.912233505968;;;;
2022-09-29 13:00:00;0.0;122.70981038092543;;118.485740642407;;;;
2022-09-29 14:00:00;0.0;122.70981038092543;;117.003973637225;;;;
2022-09-29 15:00:00;0.0;122.70981038092543;;113.5699556862522;;;;
2022-09-29 16:00:00;0.0;122.70981038092543;;108.4108761634145;;;;
2022-09-29 17:00:00;0.0;122.70981038092543;;101.868512958275;;;;
2022-09-29 18:00:00;0.0;122.70981038092543;;94.36935082079596;;;;
2022-09-29 19:00:00;0.0;122.70981038092543;;86.41009246189655;;;;
2022-09-29 20:00:00;0.0;122.70981038092543;;78.51869727786504;;;;
2022-09-29 21:00:00;0.0;122.70981038092543;;71.21213560837347;;;;
2022-09-29 22:00:00;0.0;122.70981038092543;;64.9656244089025;;;;
2022-09-29 23:00:00;0.0;122.70981038092543;;61.11411490798487;;;;
2022-09-30 00:00:00;0.0;122.70981038092543;;59.02875810983147;;;;
2022-09-30 01:00:00;0.0;122.70981038092543;;58.94015868920057;;;;
2022-09-30 02:00:00;0.0;122.70981038092543;;60.01920119306884;;;;
2022-09-30 03:00:00;0.0;122.70981038092543;;63.17272163646539;;;;
2022-09-30 04:00:00;0.0;122.70981038092543;;68.20310265548747;;;;
2022-09-30 05:00:00;0.0;122.70981038092543;;74.78839126935462;;;;
2022-09-30 06:00:00;0.0;122.70981038092543;;82.50424085573404;;;;
2022-09-30 07:00:00;0.0;122.70981038092543;;90.85219805061074;;;;
2022-09-30 08:00:00;0.0;122.70981038092543;;99.29345986474364;;;;
2022-09-30 09:00:00;0.0;122.70981038092543;;107.2803030658637;;;;
2022-09-30 10:00:00;0.0;122.70981038092543;;114.2990995906564;;;;
2022-09-30 11:00:00;0.0;122.70981038092543;;119.8905220232459;;;;
2022-09-30 12:00:00;0.0;122.70981038092543;;123.6944066050228;;;;
2022-09-30 13:00:00;0.0;122.70981038092543;;125.4626901772308;;;;
2022-09-30 14:00:00;0.0;122.70981038092543;;125.0838509981035;;;;
2022-09-30 15:00:00;0.0;122.70981038092543;;122.5894987580713;;;;
2022-09-30 16:00:00;0.0;122.70981038092543;;118.1577261306288;;;;
2022-09-30 17:00:00;0.0;122.70981038092543;;112.1055959328261;;;;
2022-09-30 18:00:00;0.0;122.70981038092543;;104.8633225030972;;;;
2022-09-30 19:00:00;0.0;122.70981038092543;;96.94451545124716;;;;
2022-09-30 20:00:00;0.0;122.70981038092543;;88.9233205292776;;;;
2022-09-30 21:00:00;0.0;122.70981038092543;;81.3914440387253;;;;
2022-09-30 22:00:00;0.0;122.70981038092543;;74.9211542432664;;;;
2022-09-30 23:00:00;0.0;122.70981038092543;;70.52652624467535;;;;
2022-10-01 00:00:00;0.0;122.70981038092543;;68.09496697724796;;;;
2022-10-01 01:00:00;0.0;122.70981038092543;;67.92507378966764;;;;
2022-10-01 02:00:00;0.0;122.70981038092543;;69.65605656314119;;;;
2022-10-01 03:00:00;0.0;122.70981038092543;;73.78664207634885;;;;
2022-10-01 04:00:00;0.0;122.70981038092543;;80.11428133811874;;;;
2022-10-01 05:00:00;0.0;122.70981038092543;;88.27827336792467;;;;
2022-10-01 06:00:00;0.0;122.70981038092543;;97.78898330712668;;;;
2022-10-01 07:00:00;0.0;122.70981038092543;;108.0478165744876;;;;
2022-10-01 08:00:00;0.0;122.70981038092543;;118.3973730869673;;;;
2022-10-01 09:00:00;0.0;122.70981038092543;;128.1632045612837;;;;
2022-10-01 10:00:00;0.0;122.70981038092543;;136.7040366388176;;;;
2022-10-01 11:00:00;0.0;122.70981038092543;;143.4494555815135;;;;
2022-10-01 12:00:00;0.0;122.70981038092543;;147.9538763216594;;;;
2022-10-01 13:00:00;0.0;122.70981038092543;;149.9052500434868;;;;
2022-10-01 14:00:00;0.0;122.70981038092543;;149.1804781259731;;;;
2022-10-01 15:00:00;0.0;122.70981038092543;;145.8375208708787;;;;
2022-10-01 16:00:00;0.0;122.70981038092543;;140.122669519327;;;;
2022-10-01 17:00:00;0.0;122.70981038092543;;132.4413412905497;;;;
2022-10-01 18:00:00;0.0;122.70981038092543;;123.3315414903587;;;;
2022-10-01 19:00:00;0.0;122.70981038092543;;113.4421510124878;;;;
2022-10-01 20:00:00;0.0;122.70981038092543;;103.4752123210806;;;;
2022-10-01 21:00:00;0.0;122.70981038092543;;94.13225804259696;;;;
2022-10-01 22:00:00;0.0;122.70981038092543;;86.0712544297933;;;;
2022-10-01 23:00:00;0.0;122.70981038092543;;79.48106829875246;;;;
2022-10-02 00:00:00;0.0;122.70981038092543;;75.18380624470865;;;;
2022-10-02 01:00:00;0.0;122.70981038092543;;73.43846559860101;;;;
2022-10-02 02:00:00;0.0;122.70981038092543;;74.69526416121187;;;;
2022-10-02 03:00:00;0.0;122.70981038092543;;78.45995664316244;;;;
2022-10-02 04:00:00;0.0;122.70981038092543;;84.460230520734;;;;
2022-10-02 05:00:00;0.0;122.70981038092543;;92.26825792860132;;;;
2022-10-02 06:00:00;0.0;122.70981038092543;;101.3289521650317;;;;
2022-10-02 07:00:00;0.0;122.70981038092543;;110.9953633441561;;;;
2022-10-02 08:00:00;0.0;122.70981038092543;;120.5830599665834;;;;
2022-10-02 09:00:00;0.0;122.70981038092543;;129.4187817840303;;;;
2022-10-02 10:00:00;0.0;122.70981038092543;;136.8828983620082;;;;
2022-10-02 11:00:00;0.0;122.70981038092543;;142.4543944230868;;;;
2022-10-02 12:00:00;0.0;122.70981038092543;;145.744029936112;;;;
2022-10-02 13:00:00;0.0;122.70981038092543;;146.5241210634182;;;;
2022-10-02 14:00:00;0.0;122.70981038092543;;144.7365007309737;;;;
2022-10-02 15:00:00;0.0;122.70981038092543;;140.4974796022055;;;;
2022-10-02 16:00:00;0.0;122.70981038092543;;134.0843259190816;;;;
2022-10-02 17:00:00;0.0;122.70981038092543;;125.9221905115587;;;;
2022-10-02 18:00:00;0.0;122.70981038092543;;116.5600356928867;;;;
2022-10-02 19:00:00;0.0;122.70981038092543;;106.6229550665057;;;;
2022-10-02 20:00:00;0.0;122.70981038092543;;96.76856143269026;;;;
2022-10-02 21:00:00;0.0;122.70981038092543;;87.6364499163343;;;;
2022-10-02 22:00:00;0.0;122.70981038092543;;79.81380505929424;;;;
2022-10-02 23:00:00;0.0;122.70981038092543;;72.89412794805725;;;;
2022-10-03 00:00:00;0.0;122.70981038092543;;68.17383098958089;;;;
2022-10-03 01:00:00;0.0;122.70981038092543;;65.85207653877981;;;;
2022-10-03 02:00:00;0.0;122.70981038092543;;66.8687331491826;;;;
2022-10-03 03:00:00;0.0;122.70981038092543;;70.17150696423444;;;;
2022-10-03 04:00:00;0.0;122.70981038092543;;75.51077126047812;;;;
2022-10-03 05:00:00;0.0;122.70981038092543;;82.50806258699234;;;;
2022-10-03 06:00:00;0.0;122.70981038092543;;90.67780320593126;;;;
2022-10-03 07:00:00;0.0;122.70981038092543;;99.4573615398723;;;;
2022-10-03 08:00:00;0.0;122.70981038092543;;108.2497156766854;;;;
2022-10-03 09:00:00;0.0;122.70981038092543;;116.4487413255118;;;;
2022-10-03 10:00:00;0.0;122.70981038092543;;123.5063124745872;;;;
2022-10-03 11:00:00;0.0;122.70981038092543;;128.937049478113;;;;
2022-10-03 12:00:00;0.0;122.70981038092543;;132.3789088428795;;;;
2022-10-03 13:00:00;0.0;122.70981038092543;;133.5989061203617;;;;
2022-10-03 14:00:00;0.0;122.70981038092543;;132.5201472449781;;;;
2022-10-03 15:00:00;0.0;122.70981038092543;;129.2069551477528;;;;
2022-10-03 16:00:00;0.0;122.70981038092543;;123.8811567083769;;;;
2022-10-03 17:00:00;0.0;122.70981038092543;;116.9027666616236;;;;
2022-10-03 18:00:00;0.0;122.70981038092543;;108.7545695660413;;;;
2022-10-03 19:00:00;0.0;122.70981038092543;;99.98991353264974;;;;
2022-10-03 20:00:00;0.0;122.70981038092543;;91.20940037128324;;;;
2022-10-03 21:00:00;0.0;122.70981038092543;;83.01439311291594;;;;
2022-10-03 22:00:00;0.0;122.70981038092543;;75.97341294833907;;;;
2022-10-03 23:00:00;0.0;122.70981038092543;;69.86379248787686;;;;
2022-10-04 00:00:00;0.0;122.70981038092543;;65.80217812592592;;;;
2022-10-04 01:00:00;0.0;122.70981038092543;;64.00570991434348;;;;
2022-10-04 02:00:00;0.0;122.70981038092543;;65.25370694984188;;;;
2022-10-04 03:00:00;0.0;122.70981038092543;;68.7220993751796;;;;
2022-10-04 04:00:00;0.0;122.70981038092543;;74.18969635176856;;;;
2022-10-04 05:00:00;0.0;122.70981038092543;;81.28856356483621;;;;
2022-10-04 06:00:00;0.0;122.70981038092543;;89.54402649704713;;;;
2022-10-04 07:00:00;0.0;122.70981038092543;;98.38962037133794;;;;
2022-10-04 08:00:00;0.0;122.70981038092543;;107.2230968874139;;;;
2022-10-04 09:00:00;0.0;122.70981038092543;;115.436273975234;;;;
2022-10-04 10:00:00;0.0;122.70981038092543;;122.4635678351825;;;;
2022-10-04 11:00:00;0.0;122.70981038092543;;127.8185796835854;;;;
2022-10-04 12:00:00;0.0;122.70981038092543;;131.1280022159165;;;;
2022-10-04 13:00:00;0.0;122.70981038092543;;132.1628598489729;;;;
2022-10-04 14:00:00;0.0;122.70981038092543;;130.8471223585927;;;;
2022-10-04 15:00:00;0.0;122.70981038092543;;127.2613610914893;;;;
2022-10-04 16:00:00;0.0;122.70981038092543;;121.6507056998791;;;;
2022-10-04 17:00:00;0.0;122.70981038092543;;114.3984470994429;;;;
2022-10-04 18:00:00;0.0;122.70981038092543;;106.0025968018474;;;;
2022-10-04 19:00:00;0.0;122.70981038092543;;97.027325495708;;;;
2022-10-04 20:00:00;0.0;122.70981038092543;;88.0704594640506;;;;
2022-10-04 21:00:00;0.0;122.70981038092543;;79.72761611105372;;;;
2022-10-04 22:00:00;0.0;122.70981038092543;;72.54580136963261;;;;
2022-10-04 23:00:00;0.0;122.70981038092543;;67.07076660815999;;;;
2022-10-05 00:00:00;0.0;122.70981038092543;;63.55686901260387;;;;
2022-10-05 01:00:00;0.0;122.70981038092543;;62.20486300364716;;;;
2022-10-05 02:00:00;0.0;122.70981038092543;;62.98095756814405;;;;
2022-10-05 03:00:00;0.0;122.70981038092543;;65.8631111727843;;;;
2022-10-05 04:00:00;0.0;122.70981038092543;;70.59851108682273;;;;
2022-10-05 05:00:00;0.0;122.70981038092543;;76.80435337036164;;;;
2022-10-05 06:00:00;0.0;122.70981038092543;;84.00374384893439;;;;
2022-10-05 07:00:00;0.0;122.70981038092543;;91.65322428491326;;;;
2022-10-05 08:00:00;0.0;122.70981038092543;;99.19198576820358;;;;
2022-10-05 09:00:00;0.0;122.70981038092543;;106.0703295063967;;;;
2022-10-05 10:00:00;0.0;122.70981038092543;;111.7969509578103;;;;
2022-10-05 11:00:00;0.0;122.70981038092543;;115.9579053328756;;;;
2022-10-05 12:00:00;0.0;122.70981038092543;;118.2575921334932;;;;
2022-10-05 13:00:00;0.0;122.70981038092543;;118.5289298661354;;;;
2022-10-05 14:00:00;0.0;122.70981038092543;;116.7460783478097;;;;
2022-10-05 15:00:00;0.0;122.70981038092543;;113.0180413719557;;;;
2022-10-05 16:00:00;0.0;122.70981038092543;;107.5859081993687;;;;
2022-10-05 17:00:00;0.0;122.70981038092543;;100.8046432787083;;;;
2022-10-05 18:00:00;0.0;122.70981038092543;;93.11696610490348;;;;
2022-10-05 19:00:00;0.0;122.70981038092543;;85.01788910453496;;;;
2022-10-05 20:00:00;0.0;122.70981038092543;;77.02872804788457;;;;
2022-10-05 21:00:00;0.0;122.70981038092543;;69.65712635680657;;;;
2022-10-05 22:00:00;0.0;122.70981038092543;;63.36498328827666;;;;
2022-10-05 23:00:00;0.0;122.70981038092543;;59.29522813589563;;;;
2022-10-06 00:00:00;0.0;122.70981038092543;;56.96581069205049;;;;
2022-10-06 01:00:00;0.0;122.70981038092543;;56.57720400153593;;;;
2022-10-06 02:00:00;0.0;122.70981038092543;;57.44840744697383;;;;
2022-10-06 03:00:00;0.0;122.70981038092543;;60.29677333952414;;;;
2022-10-06 04:00:00;0.0;122.70981038092543;;64.91648597905312;;;;
2022-10-06 05:00:00;0.0;122.70981038092543;;70.99066699847066;;;;
2022-10-06 06:00:00;0.0;122.70981038092543;;78.10806996549877;;;;
2022-10-06 07:00:00;0.0;122.70981038092543;;85.79195881985413;;;;
2022-10-06 08:00:00;0.0;122.70981038092543;;93.5321010399288;;;;
2022-10-06 09:00:00;0.0;122.70981038092543;;100.8189307055083;;;;
2022-10-06 10:00:00;0.0;122.70981038092543;;107.1677899182343;;;;
2022-10-06 11:00:00;0.0;122.70981038092543;;112.1647823462578;;;;
2022-10-06 12:00:00;0.0;122.70981038092543;;115.4775910814683;;;;
2022-10-06 13:00:00;0.0;122.70981038092543;;116.8946428992621;;;;
2022-10-06 14:00:00;0.0;122.70981038092543;;116.3233187856497;;;;
2022-10-06 15:00:00;0.0;122.70981038092543;;113.8081480713788;;;;
2022-10-06 16:00:00;0.0;122.70981038092543;;109.5205943771706;;;;
2022-10-06 17:00:00;0.0;122.70981038092543;;103.7566910539291;;;;
2022-10-06 18:00:00;0.0;122.70981038092543;;96.91692648216046;;;;
2022-10-06 19:00:00;0.0;122.70981038092543;;89.48484033137063;;;;
2022-10-06 20:00:00;0.0;122.70981038092543;;81.98598862843373;;;;
2022-10-06 21:00:00;0.0;122.70981038092543;;74.96321775960635;;;;
2022-10-06 22:00:00;0.0;122.70981038092543;;68.93612370086905;;;;
2022-10-06 23:00:00;0.0;122.70981038092543;;65.36104115362201;;;;
2022-10-07 00:00:00;0.0;122.70981038092543;;63.59880233212053;;;;
2022-10-07 01:00:00;0.0;122.70981038092543;;63.93784186711994;;;;
2022-10-07 02:00:00;0.0;122.70981038092543;;65.52917523744804;;;;
2022-10-07 03:00:00;0.0;122.70981038092543;;69.38165437509664;;;;
2022-10-07 04:00:00;0.0;122.70981038092543;;75.30260359034145;;;;
2022-10-07 05:00:00;0.0;122.70981038092543;;82.95543594003188;;;;
2022-10-07 06:00:00;0.0;122.70981038092543;;91.87354974161232;;;;
2022-10-07 07:00:00;0.0;122.70981038092543;;101.4989956433508;;;;
2022-10-07 08:00:00;0.0;122.70981038092543;;111.218404067584;;;;
2022-10-07 09:00:00;0.0;122.70981038092543;;120.4009090525101;;;;
2022-10-07 10:00:00;0.0;122.70981038092543;;128.4454919699397;;;;
2022-10-07 11:00:00;0.0;122.70981038092543;;134.8110887638676;;;;
2022-10-07 12:00:00;0.0;122.70981038092543;;139.0762425527813;;;;
2022-10-07 13:00:00;0.0;122.70981038092543;;140.9513633178813;;;;
2022-10-07 14:00:00;0.0;122.70981038092543;;140.3220507336444;;;;
2022-10-07 15:00:00;0.0;122.70981038092543;;137.2392669442319;;;;
2022-10-07 16:00:00;0.0;122.70981038092543;;131.9279798764958;;;;
2022-10-07 17:00:00;0.0;122.70981038092543;;124.7677617597498;;;;
2022-10-07 18:00:00;0.0;122.70981038092543;;116.2625504827842;;;;
2022-10-07 19:00:00;0.0;122.70981038092543;;107.0189588727;;;;
2022-10-07 20:00:00;0.0;122.70981038092543;;97.69169137306122;;;;
2022-10-07 21:00:00;0.0;122.70981038092543;;88.94672294004887;;;;
2022-10-07 22:00:00;0.0;122.70981038092543;;81.40226732851973;;;;
2022-10-07 23:00:00;0.0;122.70981038092543;;76.14776300228719;;;;
2022-10-08 00:00:00;0.0;122.70981038092543;;73.0410577835604;;;;
2022-10-08 01:00:00;0.0;122.70981038092543;;72.3702829885489;;;;
2022-10-08 02:00:00;0.0;122.70981038092543;;73.69352434062759;;;;
2022-10-08 03:00:00;0.0;122.70981038092543;;77.50338859898346;;;;
2022-10-08 04:00:00;0.0;122.70981038092543;;83.5379162451197;;;;
2022-10-08 05:00:00;0.0;122.70981038092543;;91.38281999798689;;;;
2022-10-08 06:00:00;0.0;122.70981038092543;;100.4917127739522;;;;
2022-10-08 07:00:00;0.0;122.70981038092543;;110.2353053610974;;;;
2022-10-08 08:00:00;0.0;122.70981038092543;;119.9395628826024;;;;
2022-10-08 09:00:00;0.0;122.70981038092543;;128.9339754706552;;;;
2022-10-08 10:00:00;0.0;122.70981038092543;;136.5954345752166;;;;
2022-10-08 11:00:00;0.0;122.70981038092543;;142.3917984311123;;;;
2022-10-08 12:00:00;0.0;122.70981038092543;;145.9334088994352;;;;
2022-10-08 13:00:00;0.0;122.70981038092543;;146.977776266605;;;;
2022-10-08 14:00:00;0.0;122.70981038092543;;145.4546105927396;;;;
2022-10-08 15:00:00;0.0;122.70981038092543;;141.4629351743135;;;;
2022-10-08 16:00:00;0.0;122.70981038092543;;135.2776874364859;;;;
2022-10-08 17:00:00;0.0;122.70981038092543;;127.3145990291701;;;;
2022-10-08 18:00:00;0.0;122.70981038092543;;118.1107044311918;;;;
2022-10-08 19:00:00;0.0;122.70981038092543;;108.2836034037744;;;;
2022-10-08 20:00:00;0.0;122.70981038092543;;98.5010723329588;;;;
2022-10-08 21:00:00;0.0;122.70981038092543;;89.41267477608721;;;;
2022-10-08 22:00:00;0.0;122.70981038092543;;81.62198540471891;;;;
2022-10-08 23:00:00;0.0;122.70981038092543;;75.29693400341885;;;;
2022-10-09 00:00:00;0.0;122.70981038092543;;71.19816658108489;;;;
2022-10-09 01:00:00;0.0;122.70981038092543;;69.56350518884707;;;;
2022-10-09 02:00:00;0.0;122.70981038092543;;70.81604827958051;;;;
2022-10-09 03:00:00;0.0;122.70981038092543;;74.50250795307127;;;;
2022-10-09 04:00:00;0.0;122.70981038092543;;80.37558627114002;;;;
2022-10-09 05:00:00;0.0;122.70981038092543;;88.04826763155717;;;;
2022-10-09 06:00:00;0.0;122.70981038092543;;97.00882403068036;;;;
2022-10-09 07:00:00;0.0;122.70981038092543;;106.6687672008492;;;;
2022-10-09 08:00:00;0.0;122.70981038092543;;116.3851032308741;;;;
2022-10-09 09:00:00;0.0;122.70981038092543;;125.514505750325;;;;
2022-10-09 10:00:00;0.0;122.70981038092543;;133.4504551600872;;;;
2022-10-09 11:00:00;0.0;122.70981038092543;;139.6648488771641;;;;
2022-10-09 12:00:00;0.0;122.70981038092543;;143.7446073673457;;;;
2022-10-09 13:00:00;0.0;122.70981038092543;;145.41864834391;;;;
2022-10-09 14:00:00;0.0;122.70981038092543;;144.574998112931;;;;
2022-10-09 15:00:00;0.0;122.70981038092543;;141.2797224268849;;;;
2022-10-09 16:00:00;0.0;122.70981038092543;;135.7593737669927;;;;
2022-10-09 17:00:00;0.0;122.70981038092543;;128.3995120140569;;;;
2022-10-09 18:00:00;0.0;122.70981038092543;;119.7070317854421;;;;
2022-10-09 19:00:00;0.0;122.70981038092543;;110.2890166644608;;;;
2022-10-09 20:00:00;0.0;122.70981038092543;;100.8082707392814;;;;
2022-10-09 21:00:00;0.0;122.70981038092543;;91.93328869427263;;;;
2022-10-09 22:00:00;0.0;122.70981038092543;;84.30114473549745;;;;
2022-10-09 23:00:00;0.0;122.70981038092543;;77.49803030676928;;;;
2022-10-10 00:00:00;0.0;122.70981038092543;;72.94986235405791;;;;
2022-10-10 01:00:00;0.0;122.70981038092543;;70.90607650848766;;;;
2022-10-10 02:00:00;0.0;122.70981038092543;;72.41524817281196;;;;
2022-10-10 03:00:00;0.0;122.70981038092543;;76.39100440162704;;;;
2022-10-10 04:00:00;0.0;122.70981038092543;;82.59769852996854;;;;
2022-10-10 05:00:00;0.0;122.70981038092543;;90.63612013786204;;;;
2022-10-10 06:00:00;0.0;122.70981038092543;;99.9844113896844;;;;
2022-10-10 07:00:00;0.0;122.70981038092543;;110.0138483892275;;;;
2022-10-10 08:00:00;0.0;122.70981038092543;;120.0500182583175;;;;
2022-10-10 09:00:00;0.0;122.70981038092543;;129.4061628106485;;;;
2022-10-10 10:00:00;0.0;122.70981038092543;;137.4489744185358;;;;
2022-10-10 11:00:00;0.0;122.70981038092543;;143.6287589260186;;;;
2022-10-10 12:00:00;0.0;122.70981038092543;;147.5133299885628;;;;
2022-10-10 13:00:00;0.0;122.70981038092543;;148.8344007368274;;;;
2022-10-10 14:00:00;0.0;122.70981038092543;;147.4945770633424;;;;
2022-10-10 15:00:00;0.0;122.70981038092543;;143.5907700875862;;;;
2022-10-10 16:00:00;0.0;122.70981038092543;;137.3826695095651;;;;
2022-10-10 17:00:00;0.0;122.70981038092543;;129.301199799148;;;;
2022-10-10 18:00:00;0.0;122.70981038092543;;119.8988492046416;;;;
2022-10-10 19:00:00;0.0;122.70981038092543;;109.8184149941497;;;;
2022-10-10 20:00:00;0.0;122.70981038092543;;99.74186052484544;;;;
2022-10-10 21:00:00;0.0;122.70981038092543;;90.34525363136976;;;;
2022-10-10 22:00:00;0.0;122.70981038092543;;82.25239632753184;;;;
2022-10-10 23:00:00;0.0;122.70981038092543;;75.21889938900041;;;;
2022-10-11 00:00:00;0.0;122.70981038092543;;70.42021315146197;;;;
2022-10-11 01:00:00;0.0;122.70981038092543;;68.0564731691841;;;;
2022-10-11 02:00:00;0.0;122.70981038092543;;68.92324873945662;;;;
2022-10-11 03:00:00;0.0;122.70981038092543;;72.0889233201055;;;;
2022-10-11 04:00:00;0.0;122.70981038092543;;77.27621773959459;;;;
2022-10-11 05:00:00;0.0;122.70981038092543;;84.06759946014957;;;;
2022-10-11 06:00:00;0.0;122.70981038092543;;91.9390348457319;;;;
2022-10-11 07:00:00;0.0;122.70981038092543;;100.2991538353907;;;;
2022-10-11 08:00:00;0.0;122.70981038092543;;108.5230004374671;;;;
2022-10-11 09:00:00;0.0;122.70981038092543;;116.010044963388;;;;
2022-10-11 10:00:00;0.0;122.70981038092543;;122.2129241456107;;;;
2022-10-11 11:00:00;0.0;122.70981038092543;;126.6894517216841;;;;
2022-10-11 12:00:00;0.0;122.70981038092543;;129.1175043167843;;;;
2022-10-11 13:00:00;0.0;122.70981038092543;;129.3141551252777;;;;
2022-10-11 14:00:00;0.0;122.70981038092543;;127.2559056132808;;;;
2022-10-11 15:00:00;0.0;122.70981038092543;;123.0682091434118;;;;
2022-10-11 16:00:00;0.0;122.70981038092543;;117.0269115484807;;;;
2022-10-11 17:00:00;0.0;122.70981038092543;;109.5200215760729;;;;
2022-10-11 18:00:00;0.0;122.70981038092543;;101.038481818798;;;;
2022-10-11 19:00:00;0.0;122.70981038092543;;92.1259730842783;;;;
2022-10-11 20:00:00;0.0;122.70981038092543;;83.34685693786088;;;;
2022-10-11 21:00:00;0.0;122.70981038092543;;75.24705346621147;;;;
2022-10-11 22:00:00;0.0;122.70981038092543;;68.32433066251879;;;;
2022-10-11 23:00:00;0.0;122.70981038092543;;63.0734369995816;;;;
2022-10-12 00:00:00;0.0;122.70981038092543;;59.71868303767369;;;;
2022-10-12 01:00:00;0.0;122.70981038092543;;58.44091232725909;;;;
2022-10-12 02:00:00;0.0;122.70981038092543;;59.20503521016848;;;;
2022-10-12 03:00:00;0.0;122.70981038092543;;61.99427370039299;;;;
2022-10-12 04:00:00;0.0;122.70981038092543;;66.58310078336233;;;;
2022-10-12 05:00:00;0.0;122.70981038092543;;72.63165227745264;;;;
2022-10-12 06:00:00;0.0;122.70981038092543;;79.70876333836738;;;;
2022-10-12 07:00:00;0.0;122.70981038092543;;87.31896966152807;;;;
2022-10-12 08:00:00;0.0;122.70981038092543;;94.93967111831762;;;;
2022-10-12 09:00:00;0.0;122.70981038092543;;102.0535795812813;;;;
2022-10-12 10:00:00;0.0;122.70981038092543;;108.1797741309194;;;;
2022-10-12 11:00:00;0.0;122.70981038092543;;112.9069749066826;;;;
2022-10-12 12:00:00;0.0;122.70981038092543;;115.9128021535948;;;;
2022-10-12 13:00:00;0.0;122.70981038092543;;116.999610166771;;;;
2022-10-12 14:00:00;0.0;122.70981038092543;;116.0906198479385;;;;
2022-10-12 15:00:00;0.0;122.70981038092543;;113.2482660871768;;;;
2022-10-12 16:00:00;0.0;122.70981038092543;;108.6651510111291;;;;
2022-10-12 17:00:00;0.0;122.70981038092543;;102.6503105879449;;;;
2022-10-12 18:00:00;0.0;122.70981038092543;;95.60954966486862;;;;
2022-10-12 19:00:00;0.0;122.70981038092543;;88.02184436426309;;;;
2022-10-12 20:00:00;0.0;122.70981038092543;;80.41336319396692;;;;
2022-10-12 21:00:00;0.0;122.70981038092543;;73.31624530142099;;;;
2022-10-12 22:00:00;0.0;122.70981038092543;;67.23256613598943;;;;
2022-10-12 23:00:00;0.0;122.70981038092543;;63.41460120983116;;;;
2022-10-13 00:00:00;0.0;122.70981038092543;;61.38319163212309;;;;
2022-10-13 01:00:00;0.0;122.70981038092543;;61.39586169433817;;;;
2022-10-13 02:00:00;0.0;122.70981038092543;;62.76270469345317;;;;
2022-10-13 03:00:00;0.0;122.70981038092543;;66.28734080804605;;;;
2022-10-13 04:00:00;0.0;122.70981038092543;;71.76943849440514;;;;
2022-10-13 05:00:00;0.0;122.70981038092543;;78.87271967610383;;;;
2022-10-13 06:00:00;0.0;122.70981038092543;;87.14955750760734;;;;
2022-10-13 07:00:00;0.0;122.70981038092543;;96.0637655521117;;;;
2022-10-13 08:00:00;0.0;122.70981038092543;;105.0311154658121;;;;
2022-10-13 09:00:00;0.0;122.70981038092543;;113.4610041636811;;;;
2022-10-13 10:00:00;0.0;122.70981038092543;;120.7841272633489;;;;
2022-10-13 11:00:00;0.0;122.70981038092543;;126.5150311794176;;;;
2022-10-13 12:00:00;0.0;122.70981038092543;;130.2625719034964;;;;
2022-10-13 13:00:00;0.0;122.70981038092543;;131.7810858120073;;;;
2022-10-13 14:00:00;0.0;122.70981038092543;;130.9628455612435;;;;
2022-10-13 15:00:00;0.0;122.70981038092543;;127.8743405300043;;;;
2022-10-13 16:00:00;0.0;122.70981038092543;;122.7305560531073;;;;
2022-10-13 17:00:00;0.0;122.70981038092543;;115.8938598554751;;;;
2022-10-13 18:00:00;0.0;122.70981038092543;;107.833018598845;;;;
2022-10-13 19:00:00;0.0;122.70981038092543;;99.11732099539825;;;;
2022-10-13 20:00:00;0.0;122.70981038092543;;90.35179871504724;;;;
2022-10-13 21:00:00;0.0;122.70981038092543;;82.1525910839931;;;;
2022-10-13 22:00:00;0.0;122.70981038092543;;75.08821681601081;;;;
2022-10-13 23:00:00;0.0;122.70981038092543;;70.72349016837092;;;;
2022-10-14 00:00:00;0.0;122.70981038092543;;68.34305888944554;;;;
2022-10-14 01:00:00;0.0;122.70981038092543;;68.22122137763456;;;;
2022-10-14 02:00:00;0.0;122.70981038092543;;69.40165832981076;;;;
2022-10-14 03:00:00;0.0;122.70981038092543;;72.9250369147851;;;;
2022-10-14 04:00:00;0.0;122.70981038092543;;78.540029922855;;;;
2022-10-14 05:00:00;0.0;122.70981038092543;;85.8529678050754;;;;
2022-10-14 06:00:00;0.0;122.70981038092543;;94.35512624482352;;;;
2022-10-14 07:00:00;0.0;122.70981038092543;;103.4508213146074;;;;
2022-10-14 08:00:00;0.0;122.70981038092543;;112.5089753211689;;;;
2022-10-14 09:00:00;0.0;122.70981038092543;;120.8961531038423;;;;
2022-10-14 10:00:00;0.0;122.70981038092543;;128.0392095179657;;;;
2022-10-14 11:00:00;0.0;122.70981038092543;;133.4476978181642;;;;
2022-10-14 12:00:00;0.0;122.70981038092543;;136.7522208714497;;;;
2022-10-14 13:00:00;0.0;122.70981038092543;;137.7294923753623;;;;
2022-10-14 14:00:00;0.0;122.70981038092543;;136.3098858774716;;;;
2022-10-14 15:00:00;0.0;122.70981038092543;;132.5985979068254;;;;
2022-10-14 16:00:00;0.0;122.70981038092543;;126.8373480455612;;;;
2022-10-14 17:00:00;0.0;122.70981038092543;;119.4230145062931;;;;
2022-10-14 18:00:00;0.0;122.70981038092543;;110.8447044681767;;;;
2022-10-14 19:00:00;0.0;122.70981038092543;;101.6862387104545;;;;
2022-10-14 20:00:00;0.0;122.70981038092543;;92.55942364767137;;;;
2022-10-14 21:00:00;0.0;122.70981038092543;;84.08335131529705;;;;
2022-10-14 22:00:00;0.0;122.70981038092543;;76.83010977831836;;;;
2022-10-14 23:00:00;0.0;122.70981038092543;;71.80165568016082;;;;
2022-10-15 00:00:00;0.0;122.70981038092543;;68.85326346343005;;;;
2022-10-15 01:00:00;0.0;122.70981038092543;;68.24293697531584;;;;
2022-10-15 02:00:00;0.0;122.70981038092543;;69.5642082302002;;;;
2022-10-15 03:00:00;0.0;122.70981038092543;;73.28829023550452;;;;
2022-10-15 04:00:00;0.0;122.70981038092543;;79.18916686792069;;;;
2022-10-15 05:00:00;0.0;122.70981038092543;;86.89165813819892;;;;
2022-10-15 06:00:00;0.0;122.70981038092543;;95.90626657123047;;;;
2022-10-15 07:00:00;0.0;122.70981038092543;;105.6464291301476;;;;
2022-10-15 08:00:00;0.0;122.70981038092543;;115.4826731663365;;;;
2022-10-15 09:00:00;0.0;122.70981038092543;;124.7792636336089;;;;
2022-10-15 10:00:00;0.0;122.70981038092543;;132.9334685740386;;;;
2022-10-15 11:00:00;0.0;122.70981038092543;;139.4144319025866;;;;
2022-10-15 12:00:00;0.0;122.70981038092543;;143.7940438896749;;;;
2022-10-15 13:00:00;0.0;122.70981038092543;;145.7891590048172;;;;
2022-10-15 14:00:00;0.0;122.70981038092543;;145.2797872364762;;;;
2022-10-15 15:00:00;0.0;122.70981038092543;;142.3051246217067;;;;
2022-10-15 16:00:00;0.0;122.70981038092543;;137.0739550416112;;;;
2022-10-15 17:00:00;0.0;122.70981038092543;;129.9523129483887;;;;
2022-10-15 18:00:00;0.0;122.70981038092543;;121.4419588710164;;;;
2022-10-15 19:00:00;0.0;122.70981038092543;;112.154435751395;;;;
2022-10-15 20:00:00;0.0;122.70981038092543;;102.7589231822278;;;;
2022-10-15 21:00:00;0.0;122.70981038092543;;93.9450668386259;;;;
2022-10-15 22:00:00;0.0;122.70981038092543;;86.36506523648536;;;;
2022-10-15 23:00:00;0.0;122.70981038092543;;80.21280966959671;;;;
2022-10-16 00:00:00;0.0;122.70981038092543;;76.34111116311554;;;;
2022-10-16 01:00:00;0.0;122.70981038092543;;75.04633847734107;;;;
2022-10-16 02:00:00;0.0;122.70981038092543;;76.83680392173437;;;;
2022-10-16 03:00:00;0.0;122.70981038092543;;81.25747588608095;;;;
2022-10-16 04:00:00;0.0;122.70981038092543;;88.07598746627049;;;;
2022-10-16 05:00:00;0.0;122.70981038092543;;96.88161126879967;;;;
2022-10-16 06:00:00;0.0;122.70981038092543;;107.1289257267916;;;;
2022-10-16 07:00:00;0.0;122.70981038092543;;118.1554952973809;;;;
2022-10-16 08:00:00;0.0;122.70981038092543;;129.2397691832238;;;;
2022-10-16 09:00:00;0.0;122.70981038092543;;139.6384945100223;;;;
2022-10-16 10:00:00;0.0;122.70981038092543;;148.6555139964281;;;;
2022-10-16 11:00:00;0.0;122.70981038092543;;155.6836194567293;;;;
2022-10-16 12:00:00;0.0;122.70981038092543;;160.2500952167054;;;;
2022-10-16 13:00:00;0.0;122.70981038092543;;162.0439405544554;;;;
2022-10-16 14:00:00;0.0;122.70981038092543;;160.9398659764874;;;;
2022-10-16 15:00:00;0.0;122.70981038092543;;157.0148447761788;;;;
2022-10-16 16:00:00;0.0;122.70981038092543;;150.5507998270509;;;;
2022-10-16 17:00:00;0.0;122.70981038092543;;141.9995480750626;;;;
2022-10-16 18:00:00;0.0;122.70981038092543;;131.9598254367077;;;;
2022-10-16 19:00:00;0.0;122.70981038092543;;121.1180207062136;;;;
2022-10-16 20:00:00;0.0;122.70981038092543;;110.2327061787892;;;;
2022-10-16 21:00:00;0.0;122.70981038092543;;100.0511926104002;;;;
2022-10-16 22:00:00;0.0;122.70981038092543;;91.27471911971908;;;;
2022-10-16 23:00:00;0.0;122.70981038092543;;83.4511694525944;;;;
2022-10-17 00:00:00;0.0;122.70981038092543;;78.09037246966155;;;;
2022-10-17 01:00:00;0.0;122.70981038092543;;75.42552953488183;;;;
2022-10-17 02:00:00;0.0;122.70981038092543;;76.53676218331208;;;;
2022-10-17 03:00:00;0.0;122.70981038092543;;80.20760875126942;;;;
2022-10-17 04:00:00;0.0;122.70981038092543;;86.13805402110546;;;;
2022-10-17 05:00:00;0.0;122.70981038092543;;93.8753582488384;;;;
2022-10-17 06:00:00;0.0;122.70981038092543;;102.8445436602697;;;;
2022-10-17 07:00:00;0.0;122.70981038092543;;112.3878082014975;;;;
2022-10-17 08:00:00;0.0;122.70981038092543;;121.8089434616521;;;;
2022-10-17 09:00:00;0.0;122.70981038092543;;130.428704227501;;;;
2022-10-17 10:00:00;0.0;122.70981038092543;;137.6326166402518;;;;
2022-10-17 11:00:00;0.0;122.70981038092543;;142.9076164638641;;;;
2022-10-17 12:00:00;0.0;122.70981038092543;;145.8732315222088;;;;
2022-10-17 13:00:00;0.0;122.70981038092543;;146.3078768690963;;;;
2022-10-17 14:00:00;0.0;122.70981038092543;;144.1714114955554;;;;
2022-10-17 15:00:00;0.0;122.70981038092543;;139.6056823910613;;;;
2022-10-17 16:00:00;0.0;122.70981038092543;;132.9132740232879;;;;
2022-10-17 17:00:00;0.0;122.70981038092543;;124.5331766304949;;;;
2022-10-17 18:00:00;0.0;122.70981038092543;;115.0077459294477;;;;
2022-10-17 19:00:00;0.0;122.70981038092543;;104.9596296120983;;;;
2022-10-17 20:00:00;0.0;122.70981038092543;;95.03558174202304;;;;
2022-10-17 21:00:00;0.0;122.70981038092543;;85.86751753539978;;;;
2022-10-17 22:00:00;0.0;122.70981038092543;;78.02304970832566;;;;
2022-10-17 23:00:00;0.0;122.70981038092543;;71.25340273462952;;;;
2022-10-18 00:00:00;0.0;122.70981038092543;;66.65363273752587;;;;
2022-10-18 01:00:00;0.0;122.70981038092543;;64.40583843533308;;;;
2022-10-18 02:00:00;0.0;122.70981038092543;;65.2622826616062;;;;
2022-10-18 03:00:00;0.0;122.70981038092543;;68.34263358948893;;;;
2022-10-18 04:00:00;0.0;122.70981038092543;;73.3977280677691;;;;
2022-10-18 05:00:00;0.0;122.70981038092543;;80.04681517476085;;;;
2022-10-18 06:00:00;0.0;122.70981038092543;;87.81655970719875;;;;
2022-10-18 07:00:00;0.0;122.70981038092543;;96.15641327291448;;;;
2022-10-18 08:00:00;0.0;122.70981038092543;;104.4855842881366;;;;
2022-10-18 09:00:00;0.0;122.70981038092543;;112.2345921880886;;;;
2022-10-18 10:00:00;0.0;122.70981038092543;;118.8750240157193;;;;
2022-10-18 11:00:00;0.0;122.70981038092543;;123.9456461506825;;;;
2022-10-18 12:00:00;0.0;122.70981038092543;;127.1015363698035;;;;
2022-10-18 13:00:00;0.0;122.70981038092543;;128.1270997150402;;;;
2022-10-18 14:00:00;0.0;122.70981038092543;;126.9615502119193;;;;
2022-10-18 15:00:00;0.0;122.70981038092543;;123.6735344107519;;;;
2022-10-18 16:00:00;0.0;122.70981038092543;;118.4829539990288;;;;
2022-10-18 17:00:00;0.0;122.70981038092543;;111.7340945196824;;;;
2022-10-18 18:00:00;0.0;122.70981038092543;;103.8849742198003;;;;
2022-10-18 19:00:00;0.0;122.70981038092543;;95.46357576518535;;;;
2022-10-18 20:00:00;0.0;122.70981038092543;;87.04650797874368;;;;
2022-10-18 21:00:00;0.0;122.70981038092543;;79.20599197141118;;;;
2022-10-18 22:00:00;0.0;122.70981038092543;;72.48003229943423;;;;
2022-10-18 23:00:00;0.0;122.70981038092543;;67.41417180109435;;;;
2022-10-19 00:00:00;0.0;122.70981038092543;;64.29332262955494;;;;
2022-10-19 01:00:00;0.0;122.70981038092543;;63.3567079005764;;;;
2022-10-19 02:00:00;0.0;122.70981038092543;;64.61220237101519;;;;
2022-10-19 03:00:00;0.0;122.70981038092543;;68.07244343355556;;;;
2022-10-19 04:00:00;0.0;122.70981038092543;;73.51914563327449;;;;
2022-10-19 05:00:00;0.0;122.70981038092543;;80.59367790201597;;;;
2022-10-19 06:00:00;0.0;122.70981038092543;;88.82790359672128;;;;
2022-10-19 07:00:00;0.0;122.70981038092543;;97.66895852055342;;;;
2022-10-19 08:00:00;0.0;122.70981038092543;;106.5244762233127;;;;
2022-10-19 09:00:00;0.0;122.70981038092543;;114.7871616670066;;;;
2022-10-19 10:00:00;0.0;122.70981038092543;;121.8918631025168;;;;
2022-10-19 11:00:00;0.0;122.70981038092543;;127.3420691208423;;;;
2022-10-19 12:00:00;0.0;122.70981038092543;;130.7730645643871;;;;
2022-10-19 13:00:00;0.0;122.70981038092543;;131.9436495201313;;;;
2022-10-19 14:00:00;0.0;122.70981038092543;;130.7821548407372;;;;
2022-10-19 15:00:00;0.0;122.70981038092543;;127.3588263033678;;;;
2022-10-19 16:00:00;0.0;122.70981038092543;;121.9103999295343;;;;
2022-10-19 17:00:00;0.0;122.70981038092543;;114.807562125665;;;;
2022-10-19 18:00:00;0.0;122.70981038092543;;106.5352839391319;;;;
2022-10-19 19:00:00;0.0;122.70981038092543;;97.66423856929411;;;;
2022-10-19 20:00:00;0.0;122.70981038092543;;88.78964656829658;;;;
2022-10-19 21:00:00;0.0;122.70981038092543;;80.5181282239648;;;;
2022-10-19 22:00:00;0.0;122.70981038092543;;73.39567949611012;;;;
2022-10-19 23:00:00;0.0;122.70981038092543;;68.7764286850122;;;;
2022-10-20 00:00:00;0.0;122.70981038092543;;66.11353226269733;;;;
2022-10-20 01:00:00;0.0;122.70981038092543;;65.65633590086162;;;;
2022-10-20 02:00:00;0.0;122.70981038092543;;66.6132414167482;;;;
2022-10-20 03:00:00;0.0;122.70981038092543;;69.8106017928383;;;;
2022-10-20 04:00:00;0.0;122.70981038092543;;74.99027402212066;;;;
2022-10-20 05:00:00;0.0;122.70981038092543;;81.76338873409004;;;;
2022-10-20 06:00:00;0.0;122.70981038092543;;89.62785586464491;;;;
2022-10-20 07:00:00;0.0;122.70981038092543;;98.02026165641092;;;;
2022-10-20 08:00:00;0.0;122.70981038092543;;106.339065849357;;;;
2022-10-20 09:00:00;0.0;122.70981038092543;;113.9980244953964;;;;
2022-10-20 10:00:00;0.0;122.70981038092543;;120.4537503058603;;;;
2022-10-20 11:00:00;0.0;122.70981038092543;;125.256797899976;;;;
2022-10-20 12:00:00;0.0;122.70981038092543;;128.0678321754722;;;;
2022-10-20 13:00:00;0.0;122.70981038092543;;128.6894781726742;;;;
2022-10-20 14:00:00;0.0;122.70981038092543;;127.0758213818505;;;;
2022-10-20 15:00:00;0.0;122.70981038092543;;123.3416736906897;;;;
2022-10-20 16:00:00;0.0;122.70981038092543;;117.7373731711124;;;;
2022-10-20 17:00:00;0.0;122.70981038092543;;110.6294026028242;;;;
2022-10-20 18:00:00;0.0;122.70981038092543;;102.4893602895758;;;;
2022-10-20 19:00:00;0.0;122.70981038092543;;93.84846953063362;;;;
2022-10-20 20:00:00;0.0;122.70981038092543;;85.28233906270752;;;;
2022-10-20 21:00:00;0.0;122.70981038092543;;77.34939024886356;;;;
2022-10-20 22:00:00;0.0;122.70981038092543;;70.57217501000086;;;;
2022-10-20 23:00:00;0.0;122.70981038092543;;66.39348024323532;;;;
2022-10-21 00:00:00;0.0;122.70981038092543;;64.12851650154118;;;;
2022-10-21 01:00:00;0.0;122.70981038092543;;64.02523783308132;;;;
2022-10-21 02:00:00;0.0;122.70981038092543;;65.1934889625384;;;;
2022-10-21 03:00:00;0.0;122.70981038092543;;68.6171370823381;;;;
2022-10-21 04:00:00;0.0;122.70981038092543;;74.07557495047911;;;;
2022-10-21 05:00:00;0.0;122.70981038092543;;81.22005534999244;;;;
2022-10-21 06:00:00;0.0;122.70981038092543;;89.59253485861942;;;;
2022-10-21 07:00:00;0.0;122.70981038092543;;98.65264048418598;;;;
2022-10-21 08:00:00;0.0;122.70981038092543;;107.8173555606842;;;;
2022-10-21 09:00:00;0.0;122.70981038092543;;116.4852532480834;;;;
2022-10-21 10:00:00;0.0;122.70981038092543;;124.1026008356215;;;;
2022-10-21 11:00:00;0.0;122.70981038092543;;130.167179626814;;;;
2022-10-21 12:00:00;0.0;122.70981038092543;;134.2912873109452;;;;
2022-10-21 13:00:00;0.0;122.70981038092543;;136.2076496860975;;;;
2022-10-21 14:00:00;0.0;122.70981038092543;;135.7939701597099;;;;
2022-10-21 15:00:00;0.0;122.70981038092543;;133.0947963093339;;;;
2022-10-21 16:00:00;0.0;122.70981038092543;;128.2957856282737;;;;
2022-10-21 17:00:00;0.0;122.70981038092543;;121.741378841043;;;;
2022-10-21 18:00:00;0.0;122.70981038092543;;113.8876571497767;;;;
2022-10-21 19:00:00;0.0;122.70981038092543;;105.3016097367303;;;;
2022-10-21 20:00:00;0.0;122.70981038092543;;96.59980283631452;;;;
2022-10-21 21:00:00;0.0;122.70981038092543;;88.42735831796071;;;;
2022-10-21 22:00:00;0.0;122.70981038092543;;81.39552795471823;;;;
2022-10-21 23:00:00;0.0;122.70981038092543;;76.61457057923161;;;;
2022-10-22 00:00:00;0.0;122.70981038092543;;73.96779287399518;;;;
2022-10-22 01:00:00;0.0;122.70981038092543;;73.78214149590194;;;;
2022-10-22 02:00:00;0.0;122.70981038092543;;75.66170568907845;;;;
2022-10-22 03:00:00;0.0;122.70981038092543;;80.14968464990804;;;;
2022-10-22 04:00:00;0.0;122.70981038092543;;87.02429512737373;;;;
2022-10-22 05:00:00;0.0;122.70981038092543;;95.89688978911744;;;;
2022-10-22 06:00:00;0.0;122.70981038092543;;106.2265690429066;;;;
2022-10-22 07:00:00;0.0;122.70981038092543;;117.3675588446183;;;;
2022-10-22 08:00:00;0.0;122.70981038092543;;128.6027132034401;;;;
2022-10-22 09:00:00;0.0;122.70981038092543;;139.1962571533565;;;;
2022-10-22 10:00:00;0.0;122.70981038092543;;148.4546005335061;;;;
2022-10-22 11:00:00;0.0;122.70981038092543;;155.767880983638;;;;
2022-10-22 12:00:00;0.0;122.70981038092543;;160.6477897367064;;;;
2022-10-22 13:00:00;0.0;122.70981038092543;;162.7698050182615;;;;
2022-10-22 14:00:00;0.0;122.70981038092543;;161.9857617541639;;;;
2022-10-22 15:00:00;0.0;122.70981038092543;;158.3645642929382;;;;
2022-10-22 16:00:00;0.0;122.70981038092543;;152.160854511725;;;;
2022-10-22 17:00:00;0.0;122.70981038092543;;143.8212237812634;;;;
2022-10-22 18:00:00;0.0;122.70981038092543;;133.9305455751938;;;;
2022-10-22 19:00:00;0.0;122.70981038092543;;123.1920307212893;;;;
2022-10-22 20:00:00;0.0;122.70981038092543;;112.365516008005;;;;
2022-10-22 21:00:00;0.0;122.70981038092543;;102.2183514014899;;;;
2022-10-22 22:00:00;0.0;122.70981038092543;;93.46354274890112;;;;
2022-10-22 23:00:00;0.0;122.70981038092543;;86.30444481433953;;;;
2022-10-23 00:00:00;0.0;122.70981038092543;;81.63469001255898;;;;
2022-10-23 01:00:00;0.0;122.70981038092543;;79.73157654942183;;;;
2022-10-23 02:00:00;0.0;122.70981038092543;;81.09093922920292;;;;
2022-10-23 03:00:00;0.0;122.70981038092543;;85.17480619244547;;;;
2022-10-23 04:00:00;0.0;122.70981038092543;;91.69088953925088;;;;
2022-10-23 05:00:00;0.0;122.70981038092543;;100.1709469904199;;;;
2022-10-23 06:00:00;0.0;122.70981038092543;;110.0028490854531;;;;
2022-10-23 07:00:00;0.0;122.70981038092543;;120.4885985001366;;;;
2022-10-23 08:00:00;0.0;122.70981038092543;;130.8937519941475;;;;
2022-10-23 09:00:00;0.0;122.70981038092543;;140.487751832258;;;;
2022-10-23 10:00:00;0.0;122.70981038092543;;148.5989030992121;;;;
2022-10-23 11:00:00;0.0;122.70981038092543;;154.6484121819178;;;;
2022-10-23 12:00:00;0.0;122.70981038092543;;158.219514445145;;;;
2022-10-23 13:00:00;0.0;122.70981038092543;;159.0612999670345;;;;
2022-10-23 14:00:00;0.0;122.70981038092543;;157.1176339368361;;;;
2022-10-23 15:00:00;0.0;122.70981038092543;;152.5143066743045;;;;
2022-10-23 16:00:00;0.0;122.70981038092543;;145.5594971188442;;;;
2022-10-23 17:00:00;0.0;122.70981038092543;;136.7144149385775;;;;
2022-10-23 18:00:00;0.0;122.70981038092543;;126.5713074427347;;;;
2022-10-23 19:00:00;0.0;122.70981038092543;;115.79535553768;;;;
2022-10-23 20:00:00;0.0;122.70981038092543;;105.096030313846;;;;
2022-10-23 21:00:00;0.0;122.70981038092543;;95.17279339692412;;;;
2022-10-23 22:00:00;0.0;122.70981038092543;;86.6750351703327;;;;
2022-10-23 23:00:00;0.0;122.70981038092543;;79.15336574908805;;;;
2022-10-24 00:00:00;0.0;122.70981038092543;;74.02520127782982;;;;
2022-10-24 01:00:00;0.0;122.70981038092543;;71.49911768454848;;;;
2022-10-24 02:00:00;0.0;122.70981038092543;;72.60461682650944;;;;
2022-10-24 03:00:00;0.0;122.70981038092543;;76.18885716319508;;;;
2022-10-24 04:00:00;0.0;122.70981038092543;;81.98186811857857;;;;
2022-10-24 05:00:00;0.0;122.70981038092543;;89.57619591095248;;;;
2022-10-24 06:00:00;0.0;122.70981038092543;;98.4421351381944;;;;
2022-10-24 07:00:00;0.0;122.70981038092543;;107.972713122479;;;;
2022-10-24 08:00:00;0.0;122.70981038092543;;117.5094225923459;;;;
2022-10-24 09:00:00;0.0;122.70981038092543;;126.4083058742681;;;;
2022-10-24 10:00:00;0.0;122.70981038092543;;134.0611798637075;;;;
2022-10-24 11:00:00;0.0;122.70981038092543;;139.9590051688558;;;;
2022-10-24 12:00:00;0.0;122.70981038092543;;143.6947107742854;;;;
2022-10-24 13:00:00;0.0;122.70981038092543;;145.0195179087658;;;;
2022-10-24 14:00:00;0.0;122.70981038092543;;143.8383209520803;;;;
2022-10-24 15:00:00;0.0;122.70981038092543;;140.2403230780029;;;;
2022-10-24 16:00:00;0.0;122.70981038092543;;134.4613594074825;;;;
2022-10-24 17:00:00;0.0;122.70981038092543;;126.8912212802822;;;;
2022-10-24 18:00:00;0.0;122.70981038092543;;118.0395550381479;;;;
2022-10-24 19:00:00;0.0;122.70981038092543;;108.5179378679504;;;;
2022-10-24 20:00:00;0.0;122.70981038092543;;98.98077537831747;;;;
2022-10-24 21:00:00;0.0;122.70981038092543;;90.08468102903392;;;;
2022-10-24 22:00:00;0.0;122.70981038092543;;82.44887454382686;;;;
2022-10-24 23:00:00;0.0;122.70981038092543;;75.81980856779066;;;;
2022-10-25 00:00:00;0.0;122.70981038092543;;71.41255269503628;;;;
2022-10-25 01:00:00;0.0;122.70981038092543;;69.45892367195728;;;;
2022-10-25 02:00:00;0.0;122.70981038092543;;70.81525445909821;;;;
2022-10-25 03:00:00;0.0;122.70981038092543;;74.57924438786225;;;;
2022-10-25 04:00:00;0.0;122.70981038092543;;80.51052341020994;;;;
2022-10-25 05:00:00;0.0;122.70981038092543;;88.21559896694555;;;;
2022-10-25 06:00:00;0.0;122.70981038092543;;97.17242032421213;;;;
2022-10-25 07:00:00;0.0;122.70981038092543;;106.7703487765875;;;;
2022-10-25 08:00:00;0.0;122.70981038092543;;116.352422399583;;;;
2022-10-25 09:00:00;0.0;122.70981038092543;;125.2674239240784;;;;
2022-10-25 10:00:00;0.0;122.70981038092543;;132.8936044527228;;;;
2022-10-25 11:00:00;0.0;122.70981038092543;;138.7059719044491;;;;
2022-10-25 12:00:00;0.0;122.70981038092543;;142.292499600178;;;;
2022-10-25 13:00:00;0.0;122.70981038092543;;143.4148664686283;;;;
2022-10-25 14:00:00;0.0;122.70981038092543;;141.990360511778;;;;
2022-10-25 15:00:00;0.0;122.70981038092543;;138.1171937983737;;;;
2022-10-25 16:00:00;0.0;122.70981038092543;;132.0454096483979;;;;
2022-10-25 17:00:00;0.0;122.70981038092543;;124.1855002019928;;;;
2022-10-25 18:00:00;0.0;122.70981038092543;;115.0672910100226;;;;
2022-10-25 19:00:00;0.0;122.70981038092543;;105.318357149957;;;;
2022-10-25 20:00:00;0.0;122.70981038092543;;95.59564758455278;;;;
2022-10-25 21:00:00;0.0;122.70981038092543;;86.54514627689808;;;;
2022-10-25 22:00:00;0.0;122.70981038092543;;78.75590238104093;;;;
2022-10-25 23:00:00;0.0;122.70981038092543;;72.80538853326402;;;;
2022-10-26 00:00:00;0.0;122.70981038092543;;68.981267695455;;;;
2022-10-26 01:00:00;0.0;122.70981038092543;;67.50288427638901;;;;
2022-10-26 02:00:00;0.0;122.70981038092543;;68.34476911655128;;;;
2022-10-26 03:00:00;0.0;122.70981038092543;;71.47304399469387;;;;
2022-10-26 04:00:00;0.0;122.70981038092543;;76.61179853674018;;;;
2022-10-26 05:00:00;0.0;122.70981038092543;;83.34598581759631;;;;
2022-10-26 06:00:00;0.0;122.70981038092543;;91.15634544106126;;;;
2022-10-26 07:00:00;0.0;122.70981038092543;;99.45845941700154;;;;
2022-10-26 08:00:00;0.0;122.70981038092543;;107.6399510775994;;;;
2022-10-26 09:00:00;0.0;122.70981038092543;;115.1072063433667;;;;
2022-10-26 10:00:00;0.0;122.70981038092543;;121.3178653867404;;;;
2022-10-26 11:00:00;0.0;122.70981038092543;;125.8261039175159;;;;
2022-10-26 12:00:00;0.0;122.70981038092543;;128.314282569076;;;;
2022-10-26 13:00:00;0.0;122.70981038092543;;128.6005261424039;;;;
2022-10-26 14:00:00;0.0;122.70981038092543;;126.6608133021672;;;;
2022-10-26 15:00:00;0.0;122.70981038092543;;122.6075320177063;;;;
2022-10-26 16:00:00;0.0;122.70981038092543;;116.7106087856849;;;;
2022-10-26 17:00:00;0.0;122.70981038092543;;109.3536989210486;;;;
2022-10-26 18:00:00;0.0;122.70981038092543;;101.0177591803195;;;;
2022-10-26 19:00:00;0.0;122.70981038092543;;92.23940218116628;;;;
2022-10-26 20:00:00;0.0;122.70981038092543;;83.57479046603099;;;;
2022-10-26 21:00:00;0.0;122.70981038092543;;75.57714946804828;;;;
2022-10-26 22:00:00;0.0;122.70981038092543;;68.74677967096747;;;;
2022-10-26 23:00:00;0.0;122.70981038092543;;64.32415316267549;;;;
2022-10-27 00:00:00;0.0;122.70981038092543;;61.79132151833048;;;;
2022-10-27 01:00:00;0.0;122.70981038092543;;61.36530939035259;;;;
2022-10-27 02:00:00;0.0;122.70981038092543;;62.31095199332329;;;;
2022-10-27 03:00:00;0.0;122.70981038092543;;65.40287745062338;;;;
2022-10-27 04:00:00;0.0;122.70981038092543;;70.41675933742616;;;;
2022-10-27 05:00:00;0.0;122.70981038092543;;77.0076074638454;;;;
2022-10-27 06:00:00;0.0;122.70981038092543;;84.72795317139501;;;;
2022-10-27 07:00:00;0.0;122.70981038092543;;93.06476313875342;;;;
2022-10-27 08:00:00;0.0;122.70981038092543;;101.4617566598659;;;;
2022-10-27 09:00:00;0.0;122.70981038092543;;109.3650889885315;;;;
2022-10-27 10:00:00;0.0;122.70981038092543;;116.2485660866529;;;;
2022-10-27 11:00:00;0.0;122.70981038092543;;121.666130221413;;;;
2022-10-27 12:00:00;0.0;122.70981038092543;;125.2624330385735;;;;
2022-10-27 13:00:00;0.0;122.70981038092543;;126.8038298307839;;;;
2022-10-27 14:00:00;0.0;122.70981038092543;;126.1853058671079;;;;
2022-10-27 15:00:00;0.0;122.70981038092543;;123.4551089725616;;;;
2022-10-27 16:00:00;0.0;122.70981038092543;;118.8034600515509;;;;
2022-10-27 17:00:00;0.0;122.70981038092543;;112.5498764086262;;;;
2022-10-27 18:00:00;0.0;122.70981038092543;;105.1298815309077;;;;
2022-10-27 19:00:00;0.0;122.70981038092543;;97.06669632103107;;;;
2022-10-27 20:00:00;0.0;122.70981038092543;;88.93555283803978;;;;
2022-10-27 21:00:00;0.0;122.70981038092543;;81.3186894046259;;;;
2022-10-27 22:00:00;0.0;122.70981038092543;;74.77817754859815;;;;
2022-10-27 23:00:00;0.0;122.70981038092543;;70.8937431822186;;;;
2022-10-28 00:00:00;0.0;122.70981038092543;;68.97649858716127;;;;
2022-10-28 01:00:00;0.0;122.70981038092543;;69.33946339007922;;;;
2022-10-28 02:00:00;0.0;122.70981038092543;;71.0646523741085;;;;
2022-10-28 03:00:00;0.0;122.70981038092543;;75.24679106041927;;;;
2022-10-28 04:00:00;0.0;122.70981038092543;;81.67246652700453;;;;
2022-10-28 05:00:00;0.0;122.70981038092543;;89.9792721357615;;;;
2022-10-28 06:00:00;0.0;122.70981038092543;;99.6574304617176;;;;
2022-10-28 07:00:00;0.0;122.70981038092543;;110.1023957194786;;;;
2022-10-28 08:00:00;0.0;122.70981038092543;;120.6433824878215;;;;
2022-10-28 09:00:00;0.0;122.70981038092543;;130.601038867071;;;;
2022-10-28 10:00:00;0.0;122.70981038092543;;139.320445385171;;;;
2022-10-28 11:00:00;0.0;122.70981038092543;;146.2234733402611;;;;
2022-10-28 12:00:00;0.0;122.70981038092543;;150.8413229690277;;;;
2022-10-28 13:00:00;0.0;122.70981038092543;;152.8717715721492;;;;
2022-10-28 14:00:00;0.0;122.70981038092543;;152.1883822204619;;;;
2022-10-28 15:00:00;0.0;122.70981038092543;;148.8479644678788;;;;
2022-10-28 16:00:00;0.0;122.70981038092543;;143.0875234665714;;;;
2022-10-28 17:00:00;0.0;122.70981038092543;;135.3186336035902;;;;
2022-10-28 18:00:00;0.0;122.70981038092543;;126.0885182909584;;;;
2022-10-28 19:00:00;0.0;122.70981038092543;;116.0621473068527;;;;
2022-10-28 20:00:00;0.0;122.70981038092543;;105.9420642490182;;;;
2022-10-28 21:00:00;0.0;122.70981038092543;;96.45800457906186;;;;
2022-10-28 22:00:00;0.0;122.70981038092543;;88.27551700905396;;;;
2022-10-28 23:00:00;0.0;122.70981038092543;;82.56837838022;;;;
2022-10-29 00:00:00;0.0;122.70981038092543;;79.18762304389189;;;;
2022-10-29 01:00:00;0.0;122.70981038092543;;78.4466752371568;;;;
2022-10-29 02:00:00;0.0;122.70981038092543;;79.87809140188659;;;;
2022-10-29 03:00:00;0.0;122.70981038092543;;84.00824318665319;;;;
2022-10-29 04:00:00;0.0;122.70981038092543;;90.55016019806196;;;;
2022-10-29 05:00:00;0.0;122.70981038092543;;99.05766694704438;;;;
2022-10-29 06:00:00;0.0;122.70981038092543;;108.9400202640996;;;;
2022-10-29 07:00:00;0.0;122.70981038092543;;119.5117318155972;;;;
2022-10-29 08:00:00;0.0;122.70981038092543;;130.03683786702;;;;
2022-10-29 09:00:00;0.0;122.70981038092543;;139.7862929869245;;;;
2022-10-29 10:00:00;0.0;122.70981038092543;;148.0903197143928;;;;
2022-10-29 11:00:00;0.0;122.70981038092543;;154.3829867045848;;;;
2022-10-29 12:00:00;0.0;122.70981038092543;;158.2355636036919;;;;
2022-10-29 13:00:00;0.0;122.70981038092543;;159.3757710630686;;;;
2022-10-29 14:00:00;0.0;122.70981038092543;;157.7241224800069;;;;
2022-10-29 15:00:00;0.0;122.70981038092543;;153.3927566120762;;;;
2022-10-29 16:00:00;0.0;122.70981038092543;;146.6879959259542;;;;
2022-10-29 17:00:00;0.0;122.70981038092543;;138.0583903421825;;;;
2022-10-29 18:00:00;0.0;122.70981038092543;;128.0849697320545;;;;
2022-10-29 19:00:00;0.0;122.70981038092543;;117.4360599500127;;;;
2022-10-29 20:00:00;0.0;122.70981038092543;;106.8280619837425;;;;
2022-10-29 21:00:00;0.0;122.70981038092543;;96.97276079319865;;;;
2022-10-29 22:00:00;0.0;122.70981038092543;;88.5267597597951;;;;
2022-10-29 23:00:00;0.0;122.70981038092543;;81.65992894510767;;;;
2022-10-30 00:00:00;0.0;122.70981038092543;;77.20808731093838;;;;
2022-10-30 01:00:00;0.0;122.70981038092543;;75.42429195596404;;;;
2022-10-30 02:00:00;0.0;122.70981038092543;;76.78312895777859;;;;
2022-10-30 03:00:00;0.0;122.70981038092543;;80.7775656102753;;;;
2022-10-30 04:00:00;0.0;122.70981038092543;;87.14452353056382;;;;
2022-10-30 05:00:00;0.0;122.70981038092543;;95.46131611494316;;;;
2022-10-30 06:00:00;0.0;122.70981038092543;;105.1779900982694;;;;
2022-10-30 07:00:00;0.0;122.70981038092543;;115.6523238967314;;;;
2022-10-30 08:00:00;0.0;122.70981038092543;;126.1933818452418;;;;
2022-10-30 09:00:00;0.0;122.70981038092543;;136.0994083441302;;;;
2022-10-30 10:00:00;0.0;122.70981038092543;;144.7082755032458;;;;
2022-10-30 11:00:00;0.0;122.70981038092543;;151.4481139932939;;;;
2022-10-30 12:00:00;0.0;122.70981038092543;;155.8760604312177;;;;
2022-10-30 13:00:00;0.0;122.70981038092543;;157.6947022502773;;;;
2022-10-30 14:00:00;0.0;122.70981038092543;;156.789468442789;;;;
2022-10-30 15:00:00;0.0;122.70981038092543;;153.2196760579242;;;;
2022-10-30 16:00:00;0.0;122.70981038092543;;147.2412719021693;;;;
2022-10-30 17:00:00;0.0;122.70981038092543;;139.2639159200045;;;;
2022-10-30 18:00:00;0.0;122.70981038092543;;129.8425355830795;;;;
2022-10-30 19:00:00;0.0;122.70981038092543;;119.6329959549895;;;;
2022-10-30 20:00:00;0.0;122.70981038092543;;109.3480193492051;;;;
2022-10-30 21:00:00;0.0;122.70981038092543;;99.72140172763729;;;;
2022-10-30 22:00:00;0.0;122.70981038092543;;91.44467436300222;;;;
2022-10-30 23:00:00;0.0;122.70981038092543;;84.0607935042726;;;;
2022-10-31 00:00:00;0.0;122.70981038092543;;79.1181098964249;;;;
2022-10-31 01:00:00;0.0;122.70981038092543;;76.89157798589386;;;;
2022-10-31 02:00:00;0.0;122.70981038092543;;78.5314399700911;;;;
2022-10-31 03:00:00;0.0;122.70981038092543;;82.84828955000799;;;;
2022-10-31 04:00:00;0.0;122.70981038092543;;89.58203457994736;;;;
2022-10-31 05:00:00;0.0;122.70981038092543;;98.30136132362152;;;;
2022-10-31 06:00:00;0.0;122.70981038092543;;108.4436898883138;;;;
2022-10-31 07:00:00;0.0;122.70981038092543;;119.327425685864;;;;
2022-10-31 08:00:00;0.0;122.70981038092543;;130.2207742933825;;;;
2022-10-31 09:00:00;0.0;122.70981038092543;;140.3780077597749;;;;
2022-10-31 10:00:00;0.0;122.70981038092543;;149.1090629820062;;;;
2022-10-31 11:00:00;0.0;122.70981038092543;;155.8129847859009;;;;
2022-10-31 12:00:00;0.0;122.70981038092543;;160.0241769073477;;;;
2022-10-31 13:00:00;0.0;122.70981038092543;;161.4492328734848;;;;
2022-10-31 14:00:00;0.0;122.70981038092543;;159.9953062706345;;;;
2022-10-31 15:00:00;0.0;122.70981038092543;;155.7582097169024;;;;
2022-10-31 16:00:00;0.0;122.70981038092543;;149.0313422854276;;;;
2022-10-31 17:00:00;0.0;122.70981038092543;;140.2672338512942;;;;
2022-10-31 18:00:00;0.0;122.70981038092543;;130.0750499418188;;;;
2022-10-31 19:00:00;0.0;122.70981038092543;;119.1465961940763;;;;
2022-10-31 20:00:00;0.0;122.70981038092543;;108.2228065346202;;;;
2022-10-31 21:00:00;0.0;122.70981038092543;;98.032805924374;;;;
2022-10-31 22:00:00;0.0;122.70981038092543;;89.25202977613091;;;;
2022-10-31 23:00:00;0.0;122.70981038092543;;81.60663962793632;;;;
2022-11-01 00:00:00;0.0;122.70981038092543;;76.38557698035515;;;;
2022-11-01 01:00:00;0.0;122.70981038092543;;73.80545853130104;;;;
2022-11-01 02:00:00;0.0;122.70981038092543;;74.74203887895871;;;;
2022-11-01 03:00:00;0.0;122.70981038092543;;78.17091155506469;;;;
2022-11-01 04:00:00;0.0;122.70981038092543;;83.79350605885762;;;;
2022-11-01 05:00:00;0.0;122.70981038092543;;91.15464850434378;;;;
2022-11-01 06:00:00;0.0;122.70981038092543;;99.68906809551451;;;;
2022-11-01 07:00:00;0.0;122.70981038092543;;108.754873313059;;;;
2022-11-01 08:00:00;0.0;122.70981038092543;;117.6752598343602;;;;
2022-11-01 09:00:00;0.0;122.70981038092543;;125.7937978382449;;;;
2022-11-01 10:00:00;0.0;122.70981038092543;;132.5185177003389;;;;
2022-11-01 11:00:00;0.0;122.70981038092543;;137.372506761572;;;;
2022-11-01 12:00:00;0.0;122.70981038092543;;140.004259856438;;;;
2022-11-01 13:00:00;0.0;122.70981038092543;;140.2162421415156;;;;
2022-11-01 14:00:00;0.0;122.70981038092543;;137.9839323389146;;;;
2022-11-01 15:00:00;0.0;122.70981038092543;;133.4465627772038;;;;
2022-11-01 16:00:00;0.0;122.70981038092543;;126.9001308636018;;;;
2022-11-01 17:00:00;0.0;122.70981038092543;;118.7631646900399;;;;
2022-11-01 18:00:00;0.0;122.70981038092543;;109.5639118970915;;;;
2022-11-01 19:00:00;0.0;122.70981038092543;;99.89546631949224;;;;
2022-11-01 20:00:00;0.0;122.70981038092543;;90.37386559061412;;;;
2022-11-01 21:00:00;0.0;122.70981038092543;;81.59335559152018;;;;
2022-11-01 22:00:00;0.0;122.70981038092543;;74.09123994142564;;;;
2022-11-01 23:00:00;0.0;122.70981038092543;;68.38826369771306;;;;
2022-11-02 00:00:00;0.0;122.70981038092543;;64.7410838555714;;;;
2022-11-02 01:00:00;0.0;122.70981038092543;;63.34366820955992;;;;
2022-11-02 02:00:00;0.0;122.70981038092543;;64.16954019498093;;;;
2022-11-02 03:00:00;0.0;122.70981038092543;;67.19240895123036;;;;
2022-11-02 04:00:00;0.0;122.70981038092543;;72.1682690297568;;;;
2022-11-02 05:00:00;0.0;122.70981038092543;;78.72697478440499;;;;
2022-11-02 06:00:00;0.0;122.70981038092543;;86.40115817315876;;;;
2022-11-02 07:00:00;0.0;122.70981038092543;;94.65502831159476;;;;
2022-11-02 08:00:00;0.0;122.70981038092543;;102.9192846927691;;;;
2022-11-02 09:00:00;0.0;122.70981038092543;;110.6294248835191;;;;
2022-11-02 10:00:00;0.0;122.70981038092543;;117.2668642880413;;;;
2022-11-02 11:00:00;0.0;122.70981038092543;;122.3902679984798;;;;
2022-11-02 12:00:00;0.0;122.70981038092543;;125.6571873091625;;;;
2022-11-02 13:00:00;0.0;122.70981038092543;;126.8463052419565;;;;
2022-11-02 14:00:00;0.0;122.70981038092543;;125.870977740512;;;;
2022-11-02 15:00:00;0.0;122.70981038092543;;122.7953041965755;;;;
2022-11-02 16:00:00;0.0;122.70981038092543;;117.8218282448536;;;;
2022-11-02 17:00:00;0.0;122.70981038092543;;111.2913314052627;;;;
2022-11-02 18:00:00;0.0;122.70981038092543;;103.6521487504052;;;;
2022-11-02 19:00:00;0.0;122.70981038092543;;95.42452775399602;;;;
2022-11-02 20:00:00;0.0;122.70981038092543;;87.17969763097872;;;;
2022-11-02 21:00:00;0.0;122.70981038092543;;79.48354980564322;;;;
2022-11-02 22:00:00;0.0;122.70981038092543;;72.88781034814765;;;;
2022-11-02 23:00:00;0.0;122.70981038092543;;68.73959423140485;;;;
2022-11-03 00:00:00;0.0;122.70981038092543;;66.5288317810168;;;;
2022-11-03 01:00:00;0.0;122.70981038092543;;66.53356325706739;;;;
2022-11-03 02:00:00;0.0;122.70981038092543;;68.01332576057098;;;;
2022-11-03 03:00:00;0.0;122.70981038092543;;71.83183442274623;;;;
2022-11-03 04:00:00;0.0;122.70981038092543;;77.7735151505702;;;;
2022-11-03 05:00:00;0.0;122.70981038092543;;85.47777460914368;;;;
2022-11-03 06:00:00;0.0;122.70981038092543;;94.45537866022596;;;;
2022-11-03 07:00:00;0.0;122.70981038092543;;104.1263886734874;;;;
2022-11-03 08:00:00;0.0;122.70981038092543;;113.8518465976413;;;;
2022-11-03 09:00:00;0.0;122.70981038092543;;122.9935371114497;;;;
2022-11-03 10:00:00;0.0;122.70981038092543;;130.9350087267925;;;;
2022-11-03 11:00:00;0.0;122.70981038092543;;137.1509638996555;;;;
2022-11-03 12:00:00;0.0;122.70981038092543;;141.2148853172427;;;;
2022-11-03 13:00:00;0.0;122.70981038092543;;142.8585177284923;;;;
2022-11-03 14:00:00;0.0;122.70981038092543;;141.9708217343822;;;;
2022-11-03 15:00:00;0.0;122.70981038092543;;138.6206817398125;;;;
2022-11-03 16:00:00;0.0;122.70981038092543;;133.0451333449429;;;;
2022-11-03 17:00:00;0.0;122.70981038092543;;125.6258557940021;;;;
2022-11-03 18:00:00;0.0;122.70981038092543;;116.8836606340588;;;;
2022-11-03 19:00:00;0.0;122.70981038092543;;107.4329325625083;;;;
2022-11-03 20:00:00;0.0;122.70981038092543;;97.93382957549424;;;;
2022-11-03 21:00:00;0.0;122.70981038092543;;89.05027837243033;;;;
2022-11-03 22:00:00;0.0;122.70981038092543;;81.39543838899779;;;;
2022-11-03 23:00:00;0.0;122.70981038092543;;76.65600565612635;;;;
2022-11-04 00:00:00;0.0;122.70981038092543;;74.06341437842124;;;;
2022-11-04 01:00:00;0.0;122.70981038092543;;73.92011889305518;;;;
2022-11-04 02:00:00;0.0;122.70981038092543;;75.19594349481295;;;;
2022-11-04 03:00:00;0.0;122.70981038092543;;79.01345316434566;;;;
2022-11-04 04:00:00;0.0;122.70981038092543;;85.09341383497625;;;;
2022-11-04 05:00:00;0.0;122.70981038092543;;93.01870055108142;;;;
2022-11-04 06:00:00;0.0;122.70981038092543;;102.2288603474526;;;;
2022-11-04 07:00:00;0.0;122.70981038092543;;112.0834194865476;;;;
2022-11-04 08:00:00;0.0;122.70981038092543;;121.8947420924291;;;;
2022-11-04 09:00:00;0.0;122.70981038092543;;130.9846560122693;;;;
2022-11-04 10:00:00;0.0;122.70981038092543;;138.7284499055452;;;;
2022-11-04 11:00:00;0.0;122.70981038092543;;144.5843675683903;;;;
2022-11-04 12:00:00;0.0;122.70981038092543;;148.1582562542748;;;;
2022-11-04 13:00:00;0.0;122.70981038092543;;149.2043521671179;;;;
2022-11-04 14:00:00;0.0;122.70981038092543;;147.6609203393297;;;;
2022-11-04 15:00:00;0.0;122.70981038092543;;143.630366642004;;;;
2022-11-04 16:00:00;0.0;122.70981038092543;;137.384584249069;;;;
2022-11-04 17:00:00;0.0;122.70981038092543;;129.341730503786;;;;
2022-11-04 18:00:00;0.0;122.70981038092543;;120.0434904216919;;;;
2022-11-04 19:00:00;0.0;122.70981038092543;;110.1199037602571;;;;
2022-11-04 20:00:00;0.0;122.70981038092543;;100.239193259649;;;;
2022-11-04 21:00:00;0.0;122.70981038092543;;91.06204187116552;;;;
2022-11-04 22:00:00;0.0;122.70981038092543;;83.20663278141595;;;;
2022-11-04 23:00:00;0.0;122.70981038092543;;77.75042424946395;;;;
2022-11-05 00:00:00;0.0;122.70981038092543;;74.54767728531691;;;;
2022-11-05 01:00:00;0.0;122.70981038092543;;73.8807990872812;;;;
2022-11-05 02:00:00;0.0;122.70981038092543;;75.31415262260785;;;;
2022-11-05 03:00:00;0.0;122.70981038092543;;79.3472285193985;;;;
2022-11-05 04:00:00;0.0;122.70981038092543;;85.73156542783374;;;;
2022-11-05 05:00:00;0.0;122.70981038092543;;94.06938790261596;;;;
2022-11-05 06:00:00;0.0;122.70981038092543;;103.8231301967114;;;;
2022-11-05 07:00:00;0.0;122.70981038092543;;114.3670253902473;;;;
2022-11-05 08:00:00;0.0;122.70981038092543;;125.0182463596707;;;;
2022-11-05 09:00:00;0.0;122.70981038092543;;135.0888218722747;;;;
2022-11-05 10:00:00;0.0;122.70981038092543;;143.9184740355977;;;;
2022-11-05 11:00:00;0.0;122.70981038092543;;150.9301941209646;;;;
2022-11-05 12:00:00;0.0;122.70981038092543;;155.6655613312664;;;;
2022-11-05 13:00:00;0.0;122.70981038092543;;157.8185976219443;;;;
2022-11-05 14:00:00;0.0;122.70981038092543;;157.2522739315747;;;;
2022-11-05 15:00:00;0.0;122.70981038092543;;154.0134003590962;;;;
2022-11-05 16:00:00;0.0;122.70981038092543;;148.3371604108154;;;;
2022-11-05 17:00:00;0.0;122.70981038092543;;140.6196699454219;;;;
2022-11-05 18:00:00;0.0;122.70981038092543;;131.4078982527706;;;;
2022-11-05 19:00:00;0.0;122.70981038092543;;121.3554582791467;;;;
2022-11-05 20:00:00;0.0;122.70981038092543;;111.188388984617;;;;
2022-11-05 21:00:00;0.0;122.70981038092543;;101.648494379439;;;;
2022-11-05 22:00:00;0.0;122.70981038092543;;93.43763800250773;;;;
2022-11-05 23:00:00;0.0;122.70981038092543;;86.76210585462242;;;;
2022-11-06 00:00:00;0.0;122.70981038092543;;82.55142691081247;;;;
2022-11-06 01:00:00;0.0;122.70981038092543;;81.13395008985692;;;;
2022-11-06 02:00:00;0.0;122.70981038092543;;83.0655159849611;;;;
2022-11-06 03:00:00;0.0;122.70981038092543;;87.84477649222951;;;;
2022-11-06 04:00:00;0.0;122.70981038092543;;95.21277758065511;;;;
2022-11-06 05:00:00;0.0;122.70981038092543;;104.7321565065565;;;;
2022-11-06 06:00:00;0.0;122.70981038092543;;115.8073486090683;;;;
2022-11-06 07:00:00;0.0;122.70981038092543;;127.7276409099655;;;;
2022-11-06 08:00:00;0.0;122.70981038092543;;139.704494696331;;;;
2022-11-06 09:00:00;0.0;122.70981038092543;;150.9454772864435;;;;
2022-11-06 10:00:00;0.0;122.70981038092543;;160.6927140534;;;;
2022-11-06 11:00:00;0.0;122.70981038092543;;168.2935522840034;;;;
2022-11-06 12:00:00;0.0;122.70981038092543;;173.2308890782887;;;;
2022-11-06 13:00:00;0.0;122.70981038092543;;175.1639129001161;;;;
2022-11-06 14:00:00;0.0;122.70981038092543;;173.9617882403005;;;;
2022-11-06 15:00:00;0.0;122.70981038092543;;169.7135434450548;;;;
2022-11-06 16:00:00;0.0;122.70981038092543;;162.7189513047418;;;;
2022-11-06 17:00:00;0.0;122.70981038092543;;153.4670062293287;;;;
2022-11-06 18:00:00;0.0;122.70981038092543;;142.6029420617787;;;;
2022-11-06 19:00:00;0.0;122.70981038092543;;130.8905375849359;;;;
2022-11-06 20:00:00;0.0;122.70981038092543;;119.1345875415092;;;;
2022-11-06 21:00:00;0.0;122.70981038092543;;108.1432547228549;;;;
2022-11-06 22:00:00;0.0;122.70981038092543;;98.66178012964522;;;;
2022-11-06 23:00:00;0.0;122.70981038092543;;90.1901959768499;;;;
2022-11-07 00:00:00;0.0;122.70981038092543;;84.37627876757992;;;;
2022-11-07 01:00:00;0.0;122.70981038092543;;81.47599899656083;;;;
2022-11-07 02:00:00;0.0;122.70981038092543;;82.67423494710168;;;;
2022-11-07 03:00:00;0.0;122.70981038092543;;86.63744261056968;;;;
2022-11-07 04:00:00;0.0;122.70981038092543;;93.0415100036755;;;;
2022-11-07 05:00:00;0.0;122.70981038092543;;101.4012510453176;;;;
2022-11-07 06:00:00;0.0;122.70981038092543;;111.0933995316778;;;;
2022-11-07 07:00:00;0.0;122.70981038092543;;121.4085485138282;;;;
2022-11-07 08:00:00;0.0;122.70981038092543;;131.5945342502173;;;;
2022-11-07 09:00:00;0.0;122.70981038092543;;140.9160719560673;;;;
2022-11-07 10:00:00;0.0;122.70981038092543;;148.7027539346938;;;;
2022-11-07 11:00:00;0.0;122.70981038092543;;154.3968012032588;;;;
2022-11-07 12:00:00;0.0;122.70981038092543;;157.5897611698029;;;;
2022-11-07 13:00:00;0.0;122.70981038092543;;158.0554285205452;;;;
2022-11-07 14:00:00;0.0;122.70981038092543;;155.7526145741163;;;;
2022-11-07 15:00:00;0.0;122.70981038092543;;150.8297463445047;;;;
2022-11-07 16:00:00;0.0;122.70981038092543;;143.6055902304794;;;;
2022-11-07 17:00:00;0.0;122.70981038092543;;134.5543823785524;;;;
2022-11-07 18:00:00;0.0;122.70981038092543;;124.2701081372638;;;;
2022-11-07 19:00:00;0.0;122.70981038092543;;113.4199313487004;;;;
2022-11-07 20:00:00;0.0;122.70981038092543;;102.6977211137219;;;;
2022-11-07 21:00:00;0.0;122.70981038092543;;92.78629163016303;;;;
2022-11-07 22:00:00;0.0;122.70981038092543;;84.308298462816;;;;
2022-11-07 23:00:00;0.0;122.70981038092543;;76.98181837493615;;;;
2022-11-08 00:00:00;0.0;122.70981038092543;;72.00158260046896;;;;
2022-11-08 01:00:00;0.0;122.70981038092543;;69.55854577107382;;;;
2022-11-08 02:00:00;0.0;122.70981038092543;;70.47995845830366;;;;
2022-11-08 03:00:00;0.0;122.70981038092543;;73.80791411881842;;;;
2022-11-08 04:00:00;0.0;122.70981038092543;;79.27007914219362;;;;
2022-11-08 05:00:00;0.0;122.70981038092543;;86.45605324404426;;;;
2022-11-08 06:00:00;0.0;122.70981038092543;;94.84544593106418;;;;
2022-11-08 07:00:00;0.0;122.70981038092543;;103.8526191845034;;;;
2022-11-08 08:00:00;0.0;122.70981038092543;;112.8521949448656;;;;
2022-11-08 09:00:00;0.0;122.70981038092543;;121.2237156823706;;;;
2022-11-08 10:00:00;0.0;122.70981038092543;;128.3892319256051;;;;
2022-11-08 11:00:00;0.0;122.70981038092543;;133.8685269375208;;;;
2022-11-08 12:00:00;0.0;122.70981038092543;;137.2844414918865;;;;
2022-11-08 13:00:00;0.0;122.70981038092543;;138.4064680540058;;;;
2022-11-08 14:00:00;0.0;122.70981038092543;;137.1441638723811;;;;
2022-11-08 15:00:00;0.0;122.70981038092543;;133.5904620565323;;;;
2022-11-08 16:00:00;0.0;122.70981038092543;;127.9762138379504;;;;
2022-11-08 17:00:00;0.0;122.70981038092543;;120.6853979503628;;;;
2022-11-08 18:00:00;0.0;122.70981038092543;;112.2022116946747;;;;
2022-11-08 19:00:00;0.0;122.70981038092543;;103.107830044474;;;;
2022-11-08 20:00:00;0.0;122.70981038092543;;94.01473232034586;;;;
2022-11-08 21:00:00;0.0;122.70981038092543;;85.54655694838621;;;;
2022-11-08 22:00:00;0.0;122.70981038092543;;78.27907887055414;;;;
2022-11-08 23:00:00;0.0;122.70981038092543;;72.79623245580827;;;;
2022-11-09 00:00:00;0.0;122.70981038092543;;69.41257838272374;;;;
2022-11-09 01:00:00;0.0;122.70981038092543;;68.38480983879232;;;;
2022-11-09 02:00:00;0.0;122.70981038092543;;69.73602726613828;;;;
2022-11-09 03:00:00;0.0;122.70981038092543;;73.46986062281565;;;;
2022-11-09 04:00:00;0.0;122.70981038092543;;79.34945276684005;;;;
2022-11-09 05:00:00;0.0;122.70981038092543;;86.98762749320322;;;;
2022-11-09 06:00:00;0.0;122.70981038092543;;95.87678749618496;;;;
2022-11-09 07:00:00;0.0;122.70981038092543;;105.4204893269264;;;;
2022-11-09 08:00:00;0.0;122.70981038092543;;114.9724495644547;;;;
2022-11-09 09:00:00;0.0;122.70981038092543;;123.8861656068852;;;;
2022-11-09 10:00:00;0.0;122.70981038092543;;131.548132610633;;;;
2022-11-09 11:00:00;0.0;122.70981038092543;;137.4359176108465;;;;
2022-11-09 12:00:00;0.0;122.70981038092543;;141.1394345191051;;;;
2022-11-09 13:00:00;0.0;122.70981038092543;;142.4168216606803;;;;
2022-11-09 14:00:00;0.0;122.70981038092543;;141.1685187231612;;;;
2022-11-09 15:00:00;0.0;122.70981038092543;;137.4827110960222;;;;
2022-11-09 16:00:00;0.0;122.70981038092543;;131.5982394656144;;;;
2022-11-09 17:00:00;0.0;122.70981038092543;;123.9278787527839;;;;
2022-11-09 18:00:00;0.0;122.70981038092543;;114.9941755150746;;;;
2022-11-09 19:00:00;0.0;122.70981038092543;;105.4154739066436;;;;
2022-11-09 20:00:00;0.0;122.70981038092543;;95.83754227567177;;;;
2022-11-09 21:00:00;0.0;122.70981038092543;;86.9085546334006;;;;
2022-11-09 22:00:00;0.0;122.70981038092543;;79.21957137099336;;;;
2022-11-09 23:00:00;0.0;122.70981038092543;;74.21699974206574;;;;
2022-11-10 00:00:00;0.0;122.70981038092543;;71.32835140551205;;;;
2022-11-10 01:00:00;0.0;122.70981038092543;;70.81846172723337;;;;
2022-11-10 02:00:00;0.0;122.70981038092543;;71.84957724207591;;;;
2022-11-10 03:00:00;0.0;122.70981038092543;;75.29610427995411;;;;
2022-11-10 04:00:00;0.0;122.70981038092543;;80.88493433498861;;;;
2022-11-10 05:00:00;0.0;122.70981038092543;;88.18826203485206;;;;
2022-11-10 06:00:00;0.0;122.70981038092543;;96.67520329834542;;;;
2022-11-10 07:00:00;0.0;122.70981038092543;;105.7262237372694;;;;
2022-11-10 08:00:00;0.0;122.70981038092543;;114.6978513393648;;;;
2022-11-10 09:00:00;0.0;122.70981038092543;;122.9503993503895;;;;
2022-11-10 10:00:00;0.0;122.70981038092543;;129.9087203456462;;;;
2022-11-10 11:00:00;0.0;122.70981038092543;;135.0853925626645;;;;
2022-11-10 12:00:00;0.0;122.70981038092543;;138.1170421200489;;;;
2022-11-10 13:00:00;0.0;122.70981038092543;;138.7961916031158;;;;
2022-11-10 14:00:00;0.0;122.70981038092543;;137.0748358568774;;;;
2022-11-10 15:00:00;0.0;122.70981038092543;;133.0672353375363;;;;
2022-11-10 16:00:00;0.0;122.70981038092543;;127.0309754051083;;;;
2022-11-10 17:00:00;0.0;122.70981038092543;;119.3659831070518;;;;
2022-11-10 18:00:00;0.0;122.70981038092543;;110.5821017510449;;;;
2022-11-10 19:00:00;0.0;122.70981038092543;;101.2587725449868;;;;
2022-11-10 20:00:00;0.0;122.70981038092543;;92.0058515086876;;;;
2022-11-10 21:00:00;0.0;122.70981038092543;;83.43808087072534;;;;
2022-11-10 22:00:00;0.0;122.70981038092543;;76.11880259383462;;;;
2022-11-10 23:00:00;0.0;122.70981038092543;;71.59643752881922;;;;
2022-11-11 00:00:00;0.0;122.70981038092543;;69.14250569388194;;;;
2022-11-11 01:00:00;0.0;122.70981038092543;;69.02366559333079;;;;
2022-11-11 02:00:00;0.0;122.70981038092543;;70.29140518719797;;;;
2022-11-11 03:00:00;0.0;122.70981038092543;;73.98918868881293;;;;
2022-11-11 04:00:00;0.0;122.70981038092543;;79.88423112694356;;;;
2022-11-11 05:00:00;0.0;122.70981038092543;;87.59943798515155;;;;
2022-11-11 06:00:00;0.0;122.70981038092543;;96.63968286210272;;;;
2022-11-11 07:00:00;0.0;122.70981038092543;;106.4190004598079;;;;
2022-11-11 08:00:00;0.0;122.70981038092543;;116.3061870130861;;;;
2022-11-11 09:00:00;0.0;122.70981038092543;;125.664597049692;;;;
2022-11-11 10:00:00;0.0;122.70981038092543;;133.8844519957684;;;;
2022-11-11 11:00:00;0.0;122.70981038092543;;140.4325412730506;;;;
2022-11-11 12:00:00;0.0;122.70981038092543;;144.8816262548479;;;;
2022-11-11 13:00:00;0.0;122.70981038092543;;146.9515942803276;;;;
2022-11-11 14:00:00;0.0;122.70981038092543;;146.5069961196677;;;;
2022-11-11 15:00:00;0.0;122.70981038092543;;143.5900996230452;;;;
2022-11-11 16:00:00;0.0;122.70981038092543;;138.4031865125385;;;;
2022-11-11 17:00:00;0.0;122.70981038092543;;131.3213388519305;;;;
2022-11-11 18:00:00;0.0;122.70981038092543;;122.8376519262063;;;;
2022-11-11 19:00:00;0.0;122.70981038092543;;113.5592294851924;;;;
2022-11-11 20:00:00;0.0;122.70981038092543;;104.1584886217042;;;;
2022-11-11 21:00:00;0.0;122.70981038092543;;95.33202289143055;;;;
2022-11-11 22:00:00;0.0;122.70981038092543;;87.74788379262901;;;;
2022-11-11 23:00:00;0.0;122.70981038092543;;82.57488672212477;;;;
2022-11-12 00:00:00;0.0;122.70981038092543;;79.70651997465377;;;;
2022-11-12 01:00:00;0.0;122.70981038092543;;79.49178504142897;;;;
2022-11-12 02:00:00;0.0;122.70981038092543;;81.52086876368449;;;;
2022-11-12 03:00:00;0.0;122.70981038092543;;86.35830435218273;;;;
2022-11-12 04:00:00;0.0;122.70981038092543;;93.76539207562114;;;;
2022-11-12 05:00:00;0.0;122.70981038092543;;103.3233388845578;;;;
2022-11-12 06:00:00;0.0;122.70981038092543;;114.4543615784913;;;;
2022-11-12 07:00:00;0.0;122.70981038092543;;126.4617256270245;;;;
2022-11-12 08:00:00;0.0;122.70981038092543;;138.572594315117;;;;
2022-11-12 09:00:00;0.0;122.70981038092543;;149.9956799349336;;;;
2022-11-12 10:00:00;0.0;122.70981038092543;;159.9790301929885;;;;
2022-11-12 11:00:00;0.0;122.70981038092543;;167.864479194014;;;;
2022-11-12 12:00:00;0.0;122.70981038092543;;173.1189836785714;;;;
2022-11-12 13:00:00;0.0;122.70981038092543;;175.3976075209752;;;;
2022-11-12 14:00:00;0.0;122.70981038092543;;174.5413079005419;;;;
2022-11-12 15:00:00;0.0;122.70981038092543;;170.6289498623973;;;;
2022-11-12 16:00:00;0.0;122.70981038092543;;163.9359896639005;;;;
2022-11-12 17:00:00;0.0;122.70981038092543;;154.9390430469018;;;;
2022-11-12 18:00:00;0.0;122.70981038092543;;144.2781599516378;;;;
2022-11-12 19:00:00;0.0;122.70981038092543;;132.7026786111586;;;;
2022-11-12 20:00:00;0.0;122.70981038092543;;121.0415669839125;;;;
2022-11-12 21:00:00;0.0;122.70981038092543;;110.1115874363586;;;;
2022-11-12 22:00:00;0.0;122.70981038092543;;100.6848214117837;;;;
2022-11-12 23:00:00;0.0;122.70981038092543;;92.95754566861532;;;;
2022-11-13 00:00:00;0.0;122.70981038092543;;87.91048273999328;;;;
2022-11-13 01:00:00;0.0;122.70981038092543;;85.84780499995253;;;;
2022-11-13 02:00:00;0.0;122.70981038092543;;87.31605134586746;;;;
2022-11-13 03:00:00;0.0;122.70981038092543;;91.7166782232226;;;;
2022-11-13 04:00:00;0.0;122.70981038092543;;98.73171402553449;;;;
2022-11-13 05:00:00;0.0;122.70981038092543;;107.8556391774843;;;;
2022-11-13 06:00:00;0.0;122.70981038092543;;118.4379458178458;;;;
2022-11-13 07:00:00;0.0;122.70981038092543;;129.7283751079987;;;;
2022-11-13 08:00:00;0.0;122.70981038092543;;140.9376734802564;;;;
2022-11-13 09:00:00;0.0;122.70981038092543;;151.2727936757669;;;;
2022-11-13 10:00:00;0.0;122.70981038092543;;160.0150012119713;;;;
2022-11-13 11:00:00;0.0;122.70981038092543;;166.5429566386944;;;;
2022-11-13 12:00:00;0.0;122.70981038092543;;170.4021623755183;;;;
2022-11-13 13:00:00;0.0;122.70981038092543;;171.3195410433776;;;;
2022-11-13 14:00:00;0.0;122.70981038092543;;169.2280784258251;;;;
2022-11-13 15:00:00;0.0;122.70981038092543;;164.2706362921153;;;;
2022-11-13 16:00:00;0.0;122.70981038092543;;156.7717859816809;;;;
2022-11-13 17:00:00;0.0;122.70981038092543;;147.2365626088526;;;;
2022-11-13 18:00:00;0.0;122.70981038092543;;136.2994045352227;;;;
2022-11-13 19:00:00;0.0;122.70981038092543;;124.6846391023993;;;;
2022-11-13 20:00:00;0.0;122.70981038092543;;113.1644870060772;;;;
2022-11-13 21:00:00;0.0;122.70981038092543;;102.4876843529744;;;;
2022-11-13 22:00:00;0.0;122.70981038092543;;93.34624541703803;;;;
2022-11-13 23:00:00;0.0;122.70981038092543;;85.23294776384171;;;;
2022-11-14 00:00:00;0.0;122.70981038092543;;79.69473458221745;;;;
2022-11-14 01:00:00;0.0;122.70981038092543;;76.95719872329431;;;;
2022-11-14 02:00:00;0.0;122.70981038092543;;78.14584778070514;;;;
2022-11-14 03:00:00;0.0;122.70981038092543;;82.00246818965628;;;;
2022-11-14 04:00:00;0.0;122.70981038092543;;88.24262477146691;;;;
2022-11-14 05:00:00;0.0;122.70981038092543;;96.4239965855062;;;;
2022-11-14 06:00:00;0.0;122.70981038092543;;105.9744044504017;;;;
2022-11-14 07:00:00;0.0;122.70981038092543;;116.2286922412652;;;;
2022-11-14 08:00:00;0.0;122.70981038092543;;126.4961464865694;;;;
2022-11-14 09:00:00;0.0;122.70981038092543;;136.0779670072384;;;;
2022-11-14 10:00:00;0.0;122.70981038092543;;144.3304187011953;;;;
2022-11-14 11:00:00;0.0;122.70981038092543;;150.6857425347824;;;;
2022-11-14 12:00:00;0.0;122.70981038092543;;154.7168692292806;;;;
2022-11-14 13:00:00;0.0;122.70981038092543;;156.1516179605175;;;;
2022-11-14 14:00:00;0.0;122.70981038092543;;154.8875031954916;;;;
2022-11-14 15:00:00;0.0;122.70981038092543;;151.0129069713047;;;;
2022-11-14 16:00:00;0.0;122.70981038092543;;144.7898529766729;;;;
2022-11-14 17:00:00;0.0;122.70981038092543;;136.6373272697189;;;;
2022-11-14 18:00:00;0.0;122.70981038092543;;127.1098411231278;;;;
2022-11-14 19:00:00;0.0;122.70981038092543;;116.8565492524166;;;;
2022-11-14 20:00:00;0.0;122.70981038092543;;106.586087466637;;;;
2022-11-14 21:00:00;0.0;122.70981038092543;;97.0067603471639;;;;
2022-11-14 22:00:00;0.0;122.70981038092543;;88.77910133038482;;;;
2022-11-14 23:00:00;0.0;122.70981038092543;;81.62037100275533;;;;
2022-11-15 00:00:00;0.0;122.70981038092543;;76.85132507198503;;;;
2022-11-15 01:00:00;0.0;122.70981038092543;;74.73212774381979;;;;
2022-11-15 02:00:00;0.0;122.70981038092543;;76.19223275071379;;;;
2022-11-15 03:00:00;0.0;122.70981038092543;;80.24553641896776;;;;
2022-11-15 04:00:00;0.0;122.70981038092543;;86.6287869110349;;;;
2022-11-15 05:00:00;0.0;122.70981038092543;;94.9217225032303;;;;
2022-11-15 06:00:00;0.0;122.70981038092543;;104.562871994584;;;;
2022-11-15 07:00:00;0.0;122.70981038092543;;114.8934847907858;;;;
2022-11-15 08:00:00;0.0;122.70981038092543;;125.2125522456195;;;;
2022-11-15 09:00:00;0.0;122.70981038092543;;134.8064525524264;;;;
2022-11-15 10:00:00;0.0;122.70981038092543;;143.0153962186252;;;;
2022-11-15 11:00:00;0.0;122.70981038092543;;149.268153917157;;;;
2022-11-15 12:00:00;0.0;122.70981038092543;;153.1353681721312;;;;
2022-11-15 13:00:00;0.0;122.70981038092543;;154.3443002640389;;;;
2022-11-15 14:00:00;0.0;122.70981038092543;;152.8027343131252;;;;
2022-11-15 15:00:00;0.0;122.70981038092543;;148.6157865452849;;;;
2022-11-15 16:00:00;0.0;122.70981038092543;;142.0665713519611;;;;
2022-11-15 17:00:00;0.0;122.70981038092543;;133.6043778094922;;;;
2022-11-15 18:00:00;0.0;122.70981038092543;;123.7975007232393;;;;
2022-11-15 19:00:00;0.0;122.70981038092543;;113.312738296934;;;;
2022-11-15 20:00:00;0.0;122.70981038092543;;102.8498433191078;;;;
2022-11-15 21:00:00;0.0;122.70981038092543;;93.10863277906242;;;;
2022-11-15 22:00:00;0.0;122.70981038092543;;84.72762659455364;;;;
2022-11-15 23:00:00;0.0;122.70981038092543;;78.31418502611811;;;;
2022-11-16 00:00:00;0.0;122.70981038092543;;74.18811755356157;;;;
2022-11-16 01:00:00;0.0;122.70981038092543;;72.58591684369321;;;;
2022-11-16 02:00:00;0.0;122.70981038092543;;73.49084591641324;;;;
2022-11-16 03:00:00;0.0;122.70981038092543;;76.8566471074356;;;;
2022-11-16 04:00:00;0.0;122.70981038092543;;82.38200203213566;;;;
2022-11-16 05:00:00;0.0;122.70981038092543;;89.62499367501366;;;;
2022-11-16 06:00:00;0.0;122.70981038092543;;98.03050019569766;;;;
2022-11-16 07:00:00;0.0;122.70981038092543;;106.9647420362975;;;;
2022-11-16 08:00:00;0.0;122.70981038092543;;115.7711944351165;;;;
2022-11-16 09:00:00;0.0;122.70981038092543;;123.8048233992861;;;;
2022-11-16 10:00:00;0.0;122.70981038092543;;130.491105752211;;;;
2022-11-16 11:00:00;0.0;122.70981038092543;;135.3476674400567;;;;
2022-11-16 12:00:00;0.0;122.70981038092543;;138.0302569569899;;;;
2022-11-16 13:00:00;0.0;122.70981038092543;;138.3432981407224;;;;
2022-11-16 14:00:00;0.0;122.70981038092543;;136.2598586040793;;;;
2022-11-16 15:00:00;0.0;122.70981038092543;;131.9086033114492;;;;
2022-11-16 16:00:00;0.0;122.70981038092543;;125.5733964658946;;;;
2022-11-16 17:00:00;0.0;122.70981038092543;;117.6652303461573;;;;
2022-11-16 18:00:00;0.0;122.70981038092543;;108.6962670420151;;;;
2022-11-16 19:00:00;0.0;122.70981038092543;;99.24828386186871;;;;
2022-11-16 20:00:00;0.0;122.70981038092543;;89.92696355607957;;;;
2022-11-16 21:00:00;0.0;122.70981038092543;;81.32367781484962;;;;
2022-11-16 22:00:00;0.0;122.70981038092543;;73.97662568952867;;;;
2022-11-16 23:00:00;0.0;122.70981038092543;;69.20441981332795;;;;
2022-11-17 00:00:00;0.0;122.70981038092543;;66.46423975521009;;;;
2022-11-17 01:00:00;0.0;122.70981038092543;;65.99164770660023;;;;
2022-11-17 02:00:00;0.0;122.70981038092543;;67.01064252634103;;;;
2022-11-17 03:00:00;0.0;122.70981038092543;;70.33725987408654;;;;
2022-11-17 04:00:00;0.0;122.70981038092543;;75.73036054343939;;;;
2022-11-17 05:00:00;0.0;122.70981038092543;;82.8158288757384;;;;
2022-11-17 06:00:00;0.0;122.70981038092543;;91.11824114497772;;;;
2022-11-17 07:00:00;0.0;122.70981038092543;;100.0812185352189;;;;
2022-11-17 08:00:00;0.0;122.70981038092543;;109.1116717322595;;;;
2022-11-17 09:00:00;0.0;122.70981038092543;;117.6173172704803;;;;
2022-11-17 10:00:00;0.0;122.70981038092543;;125.0336679942993;;;;
2022-11-17 11:00:00;0.0;122.70981038092543;;130.8699764071778;;;;
2022-11-17 12:00:00;0.0;122.70981038092543;;134.7406969565669;;;;
2022-11-17 13:00:00;0.0;122.70981038092543;;136.3948413450036;;;;
2022-11-17 14:00:00;0.0;122.70981038092543;;135.7316476652862;;;;
2022-11-17 15:00:00;0.0;122.70981038092543;;132.7918696649461;;;;
2022-11-17 16:00:00;0.0;122.70981038092543;;127.7909168403311;;;;
2022-11-17 17:00:00;0.0;122.70981038092543;;121.0661573606561;;;;
2022-11-17 18:00:00;0.0;122.70981038092543;;113.0914318472309;;;;
2022-11-17 19:00:00;0.0;122.70981038092543;;104.4175240238604;;;;
2022-11-17 20:00:00;0.0;122.70981038092543;;95.6654508865191;;;;
2022-11-17 21:00:00;0.0;122.70981038092543;;87.46776297121859;;;;
2022-11-17 22:00:00;0.0;122.70981038092543;;80.43398559966592;;;;
2022-11-17 23:00:00;0.0;122.70981038092543;;76.23903766317795;;;;
2022-11-18 00:00:00;0.0;122.70981038092543;;74.16039365434406;;;;
2022-11-18 01:00:00;0.0;122.70981038092543;;74.53045780588444;;;;
2022-11-18 02:00:00;0.0;122.70981038092543;;76.38498715995807;;;;
2022-11-18 03:00:00;0.0;122.70981038092543;;80.87429627157823;;;;
2022-11-18 04:00:00;0.0;122.70981038092543;;87.77527464578556;;;;
2022-11-18 05:00:00;0.0;122.70981038092543;;96.6934238777378;;;;
2022-11-18 06:00:00;0.0;122.70981038092543;;107.0887564104396;;;;
2022-11-18 07:00:00;0.0;122.70981038092543;;118.3132704969661;;;;
2022-11-18 08:00:00;0.0;122.70981038092543;;129.6459662029592;;;;
2022-11-18 09:00:00;0.0;122.70981038092543;;140.3496012050429;;;;
2022-11-18 10:00:00;0.0;122.70981038092543;;149.71839873505;;;;
2022-11-18 11:00:00;0.0;122.70981038092543;;157.135229632348;;;;
2022-11-18 12:00:00;0.0;122.70981038092543;;162.10125324224;;;;
2022-11-18 13:00:00;0.0;122.70981038092543;;164.2834458451747;;;;
2022-11-18 14:00:00;0.0;122.70981038092543;;163.5409529140963;;;;
2022-11-18 15:00:00;0.0;122.70981038092543;;159.946375636454;;;;
2022-11-18 16:00:00;0.0;122.70981038092543;;153.7590422253234;;;;
2022-11-18 17:00:00;0.0;122.70981038092543;;145.4145424634855;;;;
2022-11-18 18:00:00;0.0;122.70981038092543;;135.4932558682138;;;;
2022-11-18 19:00:00;0.0;122.70981038092543;;124.7090649253527;;;;
2022-11-18 20:00:00;0.0;122.70981038092543;;113.8335445810964;;;;
2022-11-18 21:00:00;0.0;122.70981038092543;;103.6408553174945;;;;
2022-11-18 22:00:00;0.0;122.70981038092543;;94.8491101040519;;;;
2022-11-18 23:00:00;0.0;122.70981038092543;;88.69619306438838;;;;
2022-11-19 00:00:00;0.0;122.70981038092543;;85.05090544103746;;;;
2022-11-19 01:00:00;0.0;122.70981038092543;;84.24037067408875;;;;
2022-11-19 02:00:00;0.0;122.70981038092543;;85.78271564842738;;;;
2022-11-19 03:00:00;0.0;122.70981038092543;;90.22114849182958;;;;
2022-11-19 04:00:00;0.0;122.70981038092543;;97.25044678321576;;;;
2022-11-19 05:00:00;0.0;122.70981038092543;;106.3895972280601;;;;
2022-11-19 06:00:00;0.0;122.70981038092543;;117.0027703016664;;;;
2022-11-19 07:00:00;0.0;122.70981038092543;;128.3584799701387;;;;
2022-11-19 08:00:00;0.0;122.70981038092543;;139.6642290882024;;;;
2022-11-19 09:00:00;0.0;122.70981038092543;;150.1403655883175;;;;
2022-11-19 10:00:00;0.0;122.70981038092543;;159.0611328245325;;;;
2022-11-19 11:00:00;0.0;122.70981038092543;;165.8147721468311;;;;
2022-11-19 12:00:00;0.0;122.70981038092543;;169.9404825400167;;;;
2022-11-19 13:00:00;0.0;122.70981038092543;;171.1559592871178;;;;
2022-11-19 14:00:00;0.0;122.70981038092543;;169.379420787946;;;;
2022-11-19 15:00:00;0.0;122.70981038092543;;164.7289244119587;;;;
2022-11-19 16:00:00;0.0;122.70981038092543;;157.5270117177548;;;;
2022-11-19 17:00:00;0.0;122.70981038092543;;148.2492425117543;;;;
2022-11-19 18:00:00;0.0;122.70981038092543;;137.5284938546494;;;;
2022-11-19 19:00:00;0.0;122.70981038092543;;126.0805613189396;;;;
2022-11-19 20:00:00;0.0;122.70981038092543;;114.6881000209755;;;;
2022-11-19 21:00:00;0.0;122.70981038092543;;104.1039592931818;;;;
2022-11-19 22:00:00;0.0;122.70981038092543;;95.03607307254693;;;;
2022-11-19 23:00:00;0.0;122.70981038092543;;87.64418526757359;;;;
2022-11-20 00:00:00;0.0;122.70981038092543;;82.84406150062084;;;;
2022-11-20 01:00:00;0.0;122.70981038092543;;80.91198380856204;;;;
2022-11-20 02:00:00;0.0;122.70981038092543;;82.3726826301129;;;;
2022-11-20 03:00:00;0.0;122.70981038092543;;86.66426818913945;;;;
2022-11-20 04:00:00;0.0;122.70981038092543;;93.50111085587515;;;;
2022-11-20 05:00:00;0.0;122.70981038092543;;102.4285135632212;;;;
2022-11-20 06:00:00;0.0;122.70981038092543;;112.8562946009666;;;;
2022-11-20 07:00:00;0.0;122.70981038092543;;124.0902971363174;;;;
2022-11-20 08:00:00;0.0;122.70981038092543;;135.3915708125978;;;;
2022-11-20 09:00:00;0.0;122.70981038092543;;146.0071065193858;;;;
2022-11-20 10:00:00;0.0;122.70981038092543;;155.2301601929975;;;;
2022-11-20 11:00:00;0.0;122.70981038092543;;162.4505708622165;;;;
2022-11-20 12:00:00;0.0;122.70981038092543;;167.1906000151298;;;;
2022-11-20 13:00:00;0.0;122.70981038092543;;169.139385832169;;;;
2022-11-20 14:00:00;0.0;122.70981038092543;;168.1655851204744;;;;
2022-11-20 15:00:00;0.0;122.70981038092543;;164.3373582090649;;;;
2022-11-20 16:00:00;0.0;122.70981038092543;;157.9222267279136;;;;
2022-11-20 17:00:00;0.0;122.70981038092543;;149.3655065921996;;;;
2022-11-20 18:00:00;0.0;122.70981038092543;;139.2575959796583;;;;
2022-11-20 19:00:00;0.0;122.70981038092543;;128.303103214848;;;;
2022-11-20 20:00:00;0.0;122.70981038092543;;117.2687257270723;;;;
2022-11-20 21:00:00;0.0;122.70981038092543;;106.9427946098512;;;;
2022-11-20 22:00:00;0.0;122.70981038092543;;98.06604228249284;;;;
2022-11-20 23:00:00;0.0;122.70981038092543;;90.1238444863578;;;;
2022-11-21 00:00:00;0.0;122.70981038092543;;84.80213371535534;;;;
2022-11-21 01:00:00;0.0;122.70981038092543;;82.39147843328116;;;;
2022-11-21 02:00:00;0.0;122.70981038092543;;84.14496114188442;;;;
2022-11-21 03:00:00;0.0;122.70981038092543;;88.7680847967545;;;;
2022-11-21 04:00:00;0.0;122.70981038092543;;95.9832852325826;;;;
2022-11-21 05:00:00;0.0;122.70981038092543;;105.3267487424776;;;;
2022-11-21 06:00:00;0.0;122.70981038092543;;116.1901652238279;;;;
2022-11-21 07:00:00;0.0;122.70981038092543;;127.8506897243299;;;;
2022-11-21 08:00:00;0.0;122.70981038092543;;139.5239216437444;;;;
2022-11-21 09:00:00;0.0;122.70981038092543;;150.4072044237134;;;;
2022-11-21 10:00:00;0.0;122.70981038092543;;159.7523868701622;;;;
2022-11-21 11:00:00;0.0;122.70981038092543;;166.922813968762;;;;
2022-11-21 12:00:00;0.0;122.70981038092543;;171.4244665877559;;;;
2022-11-21 13:00:00;0.0;122.70981038092543;;172.9493527652811;;;;
2022-11-21 14:00:00;0.0;122.70981038092543;;171.3875275579673;;;;
2022-11-21 15:00:00;0.0;122.70981038092543;;166.8427556451121;;;;
2022-11-21 16:00:00;0.0;122.70981038092543;;159.6288367044861;;;;
2022-11-21 17:00:00;0.0;122.70981038092543;;150.2374636543701;;;;
2022-11-21 18:00:00;0.0;122.70981038092543;;139.3162247498095;;;;
2022-11-21 19:00:00;0.0;122.70981038092543;;127.6056613449039;;;;
2022-11-21 20:00:00;0.0;122.70981038092543;;115.8972660359623;;;;
2022-11-21 21:00:00;0.0;122.70981038092543;;104.9810544401194;;;;
2022-11-21 22:00:00;0.0;122.70981038092543;;95.57758434419576;;;;
2022-11-21 23:00:00;0.0;122.70981038092543;;87.37663955626917;;;;
2022-11-22 00:00:00;0.0;122.70981038092543;;81.77017654168961;;;;
2022-11-22 01:00:00;0.0;122.70981038092543;;78.98953920683036;;;;
2022-11-22 02:00:00;0.0;122.70981038092543;;79.99230987819081;;;;
2022-11-22 03:00:00;0.0;122.70981038092543;;83.66206887852415;;;;
2022-11-22 04:00:00;0.0;122.70981038092543;;89.68258191393966;;;;
2022-11-22 05:00:00;0.0;122.70981038092543;;97.5646758656871;;;;
2022-11-22 06:00:00;0.0;122.70981038092543;;106.7026545702925;;;;
2022-11-22 07:00:00;0.0;122.70981038092543;;116.4035602837335;;;;
2022-11-22 08:00:00;0.0;122.70981038092543;;125.9505523010851;;;;
2022-11-22 09:00:00;0.0;122.70981038092543;;134.6390663613467;;;;
2022-11-22 10:00:00;0.0;122.70981038092543;;141.8398176538401;;;;
2022-11-22 11:00:00;0.0;122.70981038092543;;147.0299332481864;;;;
2022-11-22 12:00:00;0.0;122.70981038092543;;149.8414093921256;;;;
2022-11-22 13:00:00;0.0;122.70981038092543;;150.0673533947219;;;;
2022-11-22 14:00:00;0.0;122.70981038092543;;147.674629929451;;;;
2022-11-22 15:00:00;0.0;122.70981038092543;;142.8189301176056;;;;
2022-11-22 16:00:00;0.0;122.70981038092543;;135.8075447739089;;;;
2022-11-22 17:00:00;0.0;122.70981038092543;;127.1029547159009;;;;
2022-11-22 18:00:00;0.0;122.70981038092543;;117.2610428138798;;;;
2022-11-22 19:00:00;0.0;122.70981038092543;;106.9179750999507;;;;
2022-11-22 20:00:00;0.0;122.70981038092543;;96.7254542466832;;;;
2022-11-22 21:00:00;0.0;122.70981038092543;;87.32567845218912;;;;
2022-11-22 22:00:00;0.0;122.70981038092543;;79.29547708947015;;;;
2022-11-22 23:00:00;0.0;122.70981038092543;;73.17989336339224;;;;
2022-11-23 00:00:00;0.0;122.70981038092543;;69.263373553469;;;;
2022-11-23 01:00:00;0.0;122.70981038092543;;67.75459312137826;;;;
2022-11-23 02:00:00;0.0;122.70981038092543;;68.63946978648946;;;;
2022-11-23 03:00:00;0.0;122.70981038092543;;71.8735988916983;;;;
2022-11-23 04:00:00;0.0;122.70981038092543;;77.19228014482223;;;;
2022-11-23 05:00:00;0.0;122.70981038092543;;84.20818744415347;;;;
2022-11-23 06:00:00;0.0;122.70981038092543;;92.41826054388976;;;;
2022-11-23 07:00:00;0.0;122.70981038092543;;101.249408994321;;;;
2022-11-23 08:00:00;0.0;122.70981038092543;;110.0866047714747;;;;
2022-11-23 09:00:00;0.0;122.70981038092543;;118.3345382284134;;;;
2022-11-23 10:00:00;0.0;122.70981038092543;;125.4374776139213;;;;
2022-11-23 11:00:00;0.0;122.70981038092543;;130.9219157351903;;;;
2022-11-23 12:00:00;0.0;122.70981038092543;;134.4117428950184;;;;
2022-11-23 13:00:00;0.0;122.70981038092543;;135.6747844800018;;;;
2022-11-23 14:00:00;0.0;122.70981038092543;;134.619770733629;;;;
2022-11-23 15:00:00;0.0;122.70981038092543;;131.325159772051;;;;
2022-11-23 16:00:00;0.0;122.70981038092543;;126.0146534627762;;;;
2022-11-23 17:00:00;0.0;122.70981038092543;;119.0421101463108;;;;
2022-11-23 18:00:00;0.0;122.70981038092543;;110.8823385661041;;;;
2022-11-23 19:00:00;0.0;122.70981038092543;;102.0858568514578;;;;
2022-11-23 20:00:00;0.0;122.70981038092543;;93.26957084692266;;;;
2022-11-23 21:00:00;0.0;122.70981038092543;;85.04053463345008;;;;
2022-11-23 22:00:00;0.0;122.70981038092543;;77.98295349421468;;;;
2022-11-23 23:00:00;0.0;122.70981038092543;;73.52446031583149;;;;
2022-11-24 00:00:00;0.0;122.70981038092543;;71.13540266994687;;;;
2022-11-24 01:00:00;0.0;122.70981038092543;;71.1173239381031;;;;
2022-11-24 02:00:00;0.0;122.70981038092543;;72.69572260577233;;;;
2022-11-24 03:00:00;0.0;122.70981038092543;;76.77264255979584;;;;
2022-11-24 04:00:00;0.0;122.70981038092543;;83.11998148332717;;;;
2022-11-24 05:00:00;0.0;122.70981038092543;;91.34639444272273;;;;
2022-11-24 06:00:00;0.0;122.70981038092543;;100.9340359472044;;;;
2022-11-24 07:00:00;0.0;122.70981038092543;;111.2632529451379;;;;
2022-11-24 08:00:00;0.0;122.70981038092543;;121.6558777703933;;;;
2022-11-24 09:00:00;0.0;122.70981038092543;;131.4221615665002;;;;
2022-11-24 10:00:00;0.0;122.70981038092543;;139.9139758224795;;;;
2022-11-24 11:00:00;0.0;122.70981038092543;;146.553491718891;;;;
2022-11-24 12:00:00;0.0;122.70981038092543;;150.9006595635385;;;;
2022-11-24 13:00:00;0.0;122.70981038092543;;152.6526641217548;;;;
2022-11-24 14:00:00;0.0;122.70981038092543;;151.7052073326577;;;;
2022-11-24 15:00:00;0.0;122.70981038092543;;148.1214383076447;;;;
2022-11-24 16:00:00;0.0;122.70981038092543;;142.161588059979;;;;
2022-11-24 17:00:00;0.0;122.70981038092543;;134.2312464638822;;;;
2022-11-24 18:00:00;0.0;122.70981038092543;;124.8954746165213;;;;
2022-11-24 19:00:00;0.0;122.70981038092543;;114.7974635634561;;;;
2022-11-24 20:00:00;0.0;122.70981038092543;;104.6472991162553;;;;
2022-11-24 21:00:00;0.0;122.70981038092543;;95.14646551683568;;;;
2022-11-24 22:00:00;0.0;122.70981038092543;;86.9600033668797;;;;
2022-11-24 23:00:00;0.0;122.70981038092543;;81.8709283390189;;;;
2022-11-25 00:00:00;0.0;122.70981038092543;;79.07647095804892;;;;
2022-11-25 01:00:00;0.0;122.70981038092543;;78.89691064871016;;;;
2022-11-25 02:00:00;0.0;122.70981038092543;;80.25318539169545;;;;
2022-11-25 03:00:00;0.0;122.70981038092543;;84.32221152886065;;;;
2022-11-25 04:00:00;0.0;122.70981038092543;;90.80952934894655;;;;
2022-11-25 05:00:00;0.0;122.70981038092543;;99.25924782542454;;;;
2022-11-25 06:00:00;0.0;122.70981038092543;;109.0789686587652;;;;
2022-11-25 07:00:00;0.0;122.70981038092543;;119.585984545221;;;;
2022-11-25 08:00:00;0.0;122.70981038092543;;130.0497263749074;;;;
2022-11-25 09:00:00;0.0;122.70981038092543;;139.7488090405125;;;;
2022-11-25 10:00:00;0.0;122.70981038092543;;148.0128804906282;;;;
2022-11-25 11:00:00;0.0;122.70981038092543;;154.2698028742727;;;;
2022-11-25 12:00:00;0.0;122.70981038092543;;158.0891103751316;;;;
2022-11-25 13:00:00;0.0;122.70981038092543;;159.2148286367871;;;;
2022-11-25 14:00:00;0.0;122.70981038092543;;157.5724580367014;;;;
2022-11-25 15:00:00;0.0;122.70981038092543;;153.2736652196898;;;;
2022-11-25 16:00:00;0.0;122.70981038092543;;146.6043125070855;;;;
2022-11-25 17:00:00;0.0;122.70981038092543;;138.019446613516;;;;
2022-11-25 18:00:00;0.0;122.70981038092543;;128.0998793195294;;;;
2022-11-25 19:00:00;0.0;122.70981038092543;;117.5121481985863;;;;
2022-11-25 20:00:00;0.0;122.70981038092543;;106.96625627996;;;;
2022-11-25 21:00:00;0.0;122.70981038092543;;97.170985893064;;;;
2022-11-25 22:00:00;0.0;122.70981038092543;;88.78548771492159;;;;
2022-11-25 23:00:00;0.0;122.70981038092543;;82.94119722863212;;;;
2022-11-26 00:00:00;0.0;122.70981038092543;;79.4989015014937;;;;
2022-11-26 01:00:00;0.0;122.70981038092543;;78.76155835863807;;;;
2022-11-26 02:00:00;0.0;122.70981038092543;;80.28758774485632;;;;
2022-11-26 03:00:00;0.0;122.70981038092543;;84.58566032104848;;;;
2022-11-26 04:00:00;0.0;122.70981038092543;;91.39127584999709;;;;
2022-11-26 05:00:00;0.0;122.70981038092543;;100.2762631543058;;;;
2022-11-26 06:00:00;0.0;122.70981038092543;;110.672280791206;;;;
2022-11-26 07:00:00;0.0;122.70981038092543;;121.906962483177;;;;
2022-11-26 08:00:00;0.0;122.70981038092543;;133.2590549409529;;;;
2022-11-26 09:00:00;0.0;122.70981038092543;;143.9905627262856;;;;
2022-11-26 10:00:00;0.0;122.70981038092543;;153.4056675831397;;;;
2022-11-26 11:00:00;0.0;122.70981038092543;;160.8814332205765;;;;
2022-11-26 12:00:00;0.0;122.70981038092543;;165.9302819861347;;;;
2022-11-26 13:00:00;0.0;122.70981038092543;;168.2251064612626;;;;
2022-11-26 14:00:00;0.0;122.70981038092543;;167.6188923607538;;;;
2022-11-26 15:00:00;0.0;122.70981038092543;;164.163479028221;;;;
2022-11-26 16:00:00;0.0;122.70981038092543;;158.1028232513368;;;;
2022-11-26 17:00:00;0.0;122.70981038092543;;149.8726165755589;;;;
2022-11-26 18:00:00;0.0;122.70981038092543;;140.0500334679137;;;;
2022-11-26 19:00:00;0.0;122.70981038092543;;129.3358953332787;;;;
2022-11-26 20:00:00;0.0;122.70981038092543;;118.4963772825288;;;;
2022-11-26 21:00:00;0.0;122.70981038092543;;108.3236405271297;;;;
2022-11-26 22:00:00;0.0;122.70981038092543;;99.57330839223762;;;;
2022-11-26 23:00:00;0.0;122.70981038092543;;92.43745664289423;;;;
2022-11-27 00:00:00;0.0;122.70981038092543;;87.93606545796422;;;;
2022-11-27 01:00:00;0.0;122.70981038092543;;86.40749267260883;;;;
2022-11-27 02:00:00;0.0;122.70981038092543;;88.47018461628498;;;;
2022-11-27 03:00:00;0.0;122.70981038092543;;93.5618958377583;;;;
2022-11-27 04:00:00;0.0;122.70981038092543;;101.4193510077929;;;;
2022-11-27 05:00:00;0.0;122.70981038092543;;111.5673854281825;;;;
2022-11-27 06:00:00;0.0;122.70981038092543;;123.3790422954767;;;;
2022-11-27 07:00:00;0.0;122.70981038092543;;136.0826100714257;;;;
2022-11-27 08:00:00;0.0;122.70981038092543;;148.8493230890762;;;;
2022-11-27 09:00:00;0.0;122.70981038092543;;160.8287160253103;;;;
2022-11-27 10:00:00;0.0;122.70981038092543;;171.2185418604156;;;;
2022-11-27 11:00:00;0.0;122.70981038092543;;179.3189087568197;;;;
2022-11-27 12:00:00;0.0;122.70981038092543;;184.5728023426761;;;;
2022-11-27 13:00:00;0.0;122.70981038092543;;186.6300044116663;;;;
2022-11-27 14:00:00;0.0;122.70981038092543;;185.354443109718;;;;
2022-11-27 15:00:00;0.0;122.70981038092543;;180.8317378429793;;;;
2022-11-27 16:00:00;0.0;122.70981038092543;;173.3867713189214;;;;
2022-11-27 17:00:00;0.0;122.70981038092543;;163.5315904866839;;;;
2022-11-27 18:00:00;0.0;122.70981038092543;;151.9659480692523;;;;
2022-11-27 19:00:00;0.0;122.70981038092543;;139.4840918994636;;;;
2022-11-27 20:00:00;0.0;122.70981038092543;;126.9548456699201;;;;
2022-11-27 21:00:00;0.0;122.70981038092543;;115.2404050646186;;;;
2022-11-27 22:00:00;0.0;122.70981038092543;;105.1389865103107;;;;
2022-11-27 23:00:00;0.0;122.70981038092543;;96.09721181405328;;;;
2022-11-28 00:00:00;0.0;122.70981038092543;;89.88951310331315;;;;
2022-11-28 01:00:00;0.0;122.70981038092543;;86.78368625108564;;;;
2022-11-28 02:00:00;0.0;122.70981038092543;;88.0616771547007;;;;
2022-11-28 03:00:00;0.0;122.70981038092543;;92.2833477122797;;;;
2022-11-28 04:00:00;0.0;122.70981038092543;;99.10813541227924;;;;
2022-11-28 05:00:00;0.0;122.70981038092543;;108.0148520954627;;;;
2022-11-28 06:00:00;0.0;122.70981038092543;;118.3419752330901;;;;
2022-11-28 07:00:00;0.0;122.70981038092543;;129.3256855155433;;;;
2022-11-28 08:00:00;0.0;122.70981038092543;;140.1700781249416;;;;
2022-11-28 09:00:00;0.0;122.70981038092543;;150.0887607015021;;;;
2022-11-28 10:00:00;0.0;122.70981038092543;;158.3742589125835;;;;
2022-11-28 11:00:00;0.0;122.70981038092543;;164.4324699554844;;;;
2022-11-28 12:00:00;0.0;122.70981038092543;;167.8356933218694;;;;
2022-11-28 13:00:00;0.0;122.70981038092543;;168.3395456595305;;;;
2022-11-28 14:00:00;0.0;122.70981038092543;;165.8863295563278;;;;
2022-11-28 15:00:00;0.0;122.70981038092543;;160.6356600418767;;;;
2022-11-28 16:00:00;0.0;122.70981038092543;;152.9310861046008;;;;
2022-11-28 17:00:00;0.0;122.70981038092543;;143.2870265811139;;;;
2022-11-28 18:00:00;0.0;122.70981038092543;;132.3289831407911;;;;
2022-11-28 19:00:00;0.0;122.70981038092543;;120.7789122675978;;;;
2022-11-28 20:00:00;0.0;122.70981038092543;;109.3732945496769;;;;
2022-11-28 21:00:00;0.0;122.70981038092543;;98.8347695744219;;;;
2022-11-28 22:00:00;0.0;122.70981038092543;;89.81152469201479;;;;
2022-11-28 23:00:00;0.0;122.70981038092543;;81.98789349017466;;;;
2022-11-29 00:00:00;0.0;122.70981038092543;;76.66409914172564;;;;
2022-11-29 01:00:00;0.0;122.70981038092543;;74.04852769165022;;;;
2022-11-29 02:00:00;0.0;122.70981038092543;;75.03616277426633;;;;
2022-11-29 03:00:00;0.0;122.70981038092543;;78.58381988678252;;;;
2022-11-29 04:00:00;0.0;122.70981038092543;;84.40050751357896;;;;
2022-11-29 05:00:00;0.0;122.70981038092543;;92.0523358037822;;;;
2022-11-29 06:00:00;0.0;122.70981038092543;;100.9868736466176;;;;
2022-11-29 07:00:00;0.0;122.70981038092543;;110.5746552205801;;;;
2022-11-29 08:00:00;0.0;122.70981038092543;;120.1536518112597;;;;
2022-11-29 09:00:00;0.0;122.70981038092543;;129.0562173421772;;;;
2022-11-29 10:00:00;0.0;122.70981038092543;;136.6837798905464;;;;
2022-11-29 11:00:00;0.0;122.70981038092543;;142.5091788161074;;;;
2022-11-29 12:00:00;0.0;122.70981038092543;;146.1481155363505;;;;
2022-11-29 13:00:00;0.0;122.70981038092543;;147.3384925909025;;;;
2022-11-29 14:00:00;0.0;122.70981038092543;;146.0060122384629;;;;
2022-11-29 15:00:00;0.0;122.70981038092543;;142.2246629403072;;;;
2022-11-29 16:00:00;0.0;122.70981038092543;;136.2590276655132;;;;
2022-11-29 17:00:00;0.0;122.70981038092543;;128.503184640324;;;;
2022-11-29 18:00:00;0.0;122.70981038092543;;119.4868250535006;;;;
2022-11-29 19:00:00;0.0;122.70981038092543;;109.8068288922817;;;;
2022-11-29 20:00:00;0.0;122.70981038092543;;100.1247545507852;;;;
2022-11-29 21:00:00;0.0;122.70981038092543;;91.1047710086927;;;;
2022-11-29 22:00:00;0.0;122.70981038092543;;83.36919304562774;;;;
2022-11-29 23:00:00;0.0;122.70981038092543;;77.51352335409341;;;;
2022-11-30 00:00:00;0.0;122.70981038092543;;73.89204061128761;;;;
2022-11-30 01:00:00;0.0;122.70981038092543;;72.7799725134607;;;;
2022-11-30 02:00:00;0.0;122.70981038092543;;74.21725338798;;;;
2022-11-30 03:00:00;0.0;122.70981038092543;;78.1923884224157;;;;
2022-11-30 04:00:00;0.0;122.70981038092543;;84.4518484538398;;;;
2022-11-30 05:00:00;0.0;122.70981038092543;;92.58325539354249;;;;
2022-11-30 06:00:00;0.0;122.70981038092543;;102.0473158022511;;;;
2022-11-30 07:00:00;0.0;122.70981038092543;;112.206807464364;;;;
2022-11-30 08:00:00;0.0;122.70981038092543;;122.3747842559947;;;;
2022-11-30 09:00:00;0.0;122.70981038092543;;131.8560712094662;;;;
2022-11-30 10:00:00;0.0;122.70981038092543;;140.0026383854715;;;;
2022-11-30 11:00:00;0.0;122.70981038092543;;146.2598794397716;;;;
2022-11-30 12:00:00;0.0;122.70981038092543;;150.196418822268;;;;
2022-11-30 13:00:00;0.0;122.70981038092543;;151.5425047567912;;;;
2022-11-30 14:00:00;0.0;122.70981038092543;;150.209603244809;;;;
2022-11-30 15:00:00;0.0;122.70981038092543;;146.2818862581347;;;;
2022-11-30 16:00:00;0.0;122.70981038092543;;140.0315331023396;;;;
2022-11-30 17:00:00;0.0;122.70981038092543;;131.873584495739;;;;
2022-11-30 18:00:00;0.0;122.70981038092543;;122.3756572350824;;;;
2022-11-30 19:00:00;0.0;122.70981038092543;;112.1846178262745;;;;
2022-11-30 20:00:00;0.0;122.70981038092543;;101.9970209259944;;;;
2022-11-30 21:00:00;0.0;122.70981038092543;;92.500335522135;;;;
2022-11-30 22:00:00;0.0;122.70981038092543;;84.325992943299;;;;
2022-11-30 23:00:00;0.0;122.70981038092543;;78.99039352386013;;;;
2022-12-01 00:00:00;0.0;122.70981038092543;;75.90217446980158;;;;
2022-12-01 01:00:00;0.0;122.70981038092543;;75.34259014108271;;;;
2022-12-01 02:00:00;0.0;122.70981038092543;;76.43698460996765;;;;
2022-12-01 03:00:00;0.0;122.70981038092543;;80.1040615878497;;;;
2022-12-01 04:00:00;0.0;122.70981038092543;;86.04289256099173;;;;
2022-12-01 05:00:00;0.0;122.70981038092543;;93.80894870251254;;;;
2022-12-01 06:00:00;0.0;122.70981038092543;;102.8268984982405;;;;
2022-12-01 07:00:00;0.0;122.70981038092543;;112.4513701175133;;;;
2022-12-01 08:00:00;0.0;122.70981038092543;;121.9903534846409;;;;
2022-12-01 09:00:00;0.0;122.70981038092543;;130.771960340647;;;;
2022-12-01 10:00:00;0.0;122.70981038092543;;138.1746282342334;;;;
2022-12-01 11:00:00;0.0;122.70981038092543;;143.6786775651084;;;;
2022-12-01 12:00:00;0.0;122.70981038092543;;146.8965196821241;;;;
2022-12-01 13:00:00;0.0;122.70981038092543;;147.6085262549844;;;;
2022-12-01 14:00:00;0.0;122.70981038092543;;145.7672616514816;;;;
2022-12-01 15:00:00;0.0;122.70981038092543;;141.4904796265859;;;;
2022-12-01 16:00:00;0.0;122.70981038092543;;135.0623478673354;;;;
2022-12-01 17:00:00;0.0;122.70981038092543;;126.9034842725577;;;;
2022-12-01 18:00:00;0.0;122.70981038092543;;117.5614472624086;;;;
2022-12-01 19:00:00;0.0;122.70981038092543;;107.6480272457598;;;;
2022-12-01 20:00:00;0.0;122.70981038092543;;97.8161544668178;;;;
2022-12-01 21:00:00;0.0;122.70981038092543;;88.71122073174769;;;;
2022-12-01 22:00:00;0.0;122.70981038092543;;80.93001072350842;;;;
2022-12-01 23:00:00;0.0;122.70981038092543;;76.10187173164158;;;;
2022-12-02 00:00:00;0.0;122.70981038092543;;73.47068241774433;;;;
2022-12-02 01:00:00;0.0;122.70981038092543;;73.32525820053189;;;;
2022-12-02 02:00:00;0.0;122.70981038092543;;74.66871060338141;;;;
2022-12-02 03:00:00;0.0;122.70981038092543;;78.60095693565822;;;;
2022-12-02 04:00:00;0.0;122.70981038092543;;84.86229650881354;;;;
2022-12-02 05:00:00;0.0;122.70981038092543;;93.05591502927254;;;;
2022-12-02 06:00:00;0.0;122.70981038092543;;102.6481146876306;;;;
2022-12-02 07:00:00;0.0;122.70981038092543;;113.0284328806296;;;;
2022-12-02 08:00:00;0.0;122.70981038092543;;123.5265921766709;;;;
2022-12-02 09:00:00;0.0;122.70981038092543;;133.4627696247726;;;;
2022-12-02 10:00:00;0.0;122.70981038092543;;142.1908113145654;;;;
2022-12-02 11:00:00;0.0;122.70981038092543;;149.1471112668767;;;;
2022-12-02 12:00:00;0.0;122.70981038092543;;153.8749527019695;;;;
2022-12-02 13:00:00;0.0;122.70981038092543;;156.0766064413293;;;;
2022-12-02 14:00:00;0.0;122.70981038092543;;155.6060121194465;;;;
2022-12-02 15:00:00;0.0;122.70981038092543;;152.5109564525212;;;;
2022-12-02 16:00:00;0.0;122.70981038092543;;147.0028724061281;;;;
2022-12-02 17:00:00;0.0;122.70981038092543;;139.4742856136983;;;;
2022-12-02 18:00:00;0.0;122.70981038092543;;130.4624890786635;;;;
2022-12-02 19:00:00;0.0;122.70981038092543;;120.6140011293223;;;;
2022-12-02 20:00:00;0.0;122.70981038092543;;110.640033677083;;;;
2022-12-02 21:00:00;0.0;122.70981038092543;;101.2722066561244;;;;
2022-12-02 22:00:00;0.0;122.70981038092543;;93.21799367674276;;;;
2022-12-02 23:00:00;0.0;122.70981038092543;;87.70209941141411;;;;
2022-12-03 00:00:00;0.0;122.70981038092543;;84.63328364474033;;;;
2022-12-03 01:00:00;0.0;122.70981038092543;;84.378204678864;;;;
2022-12-03 02:00:00;0.0;122.70981038092543;;86.52536626467064;;;;
2022-12-03 03:00:00;0.0;122.70981038092543;;91.65274939416786;;;;
2022-12-03 04:00:00;0.0;122.70981038092543;;99.51198095728503;;;;
2022-12-03 05:00:00;0.0;122.70981038092543;;109.657924405761;;;;
2022-12-03 06:00:00;0.0;122.70981038092543;;121.4695180971596;;;;
2022-12-03 07:00:00;0.0;122.70981038092543;;134.207459487776;;;;
2022-12-03 08:00:00;0.0;122.70981038092543;;147.0488266438563;;;;
2022-12-03 09:00:00;0.0;122.70981038092543;;159.1670493045272;;;;
2022-12-03 10:00:00;0.0;122.70981038092543;;169.7617482077687;;;;
2022-12-03 11:00:00;0.0;122.70981038092543;;178.1317186559534;;;;
2022-12-03 12:00:00;0.0;122.70981038092543;;183.7090624428466;;;;
2022-12-03 13:00:00;0.0;122.70981038092543;;186.1170794892857;;;;
2022-12-03 14:00:00;0.0;122.70981038092543;;185.2089278822206;;;;
2022-12-03 15:00:00;0.0;122.70981038092543;;181.0560504855682;;;;
2022-12-03 16:00:00;0.0;122.70981038092543;;173.9651230652506;;;;
2022-12-03 17:00:00;0.0;122.70981038092543;;164.4286460025542;;;;
2022-12-03 18:00:00;0.0;122.70981038092543;;153.1257256915366;;;;
2022-12-03 19:00:00;0.0;122.70981038092543;;140.848780509784;;;;
2022-12-03 20:00:00;0.0;122.70981038092543;;128.4706811881705;;;;
2022-12-03 21:00:00;0.0;122.70981038092543;;116.86818058337;;;;
2022-12-03 22:00:00;0.0;122.70981038092543;;106.8597363868732;;;;
2022-12-03 23:00:00;0.0;122.70981038092543;;98.63122235340272;;;;
2022-12-04 00:00:00;0.0;122.70981038092543;;93.2475791947238;;;;
2022-12-04 01:00:00;0.0;122.70981038092543;;91.02810063841328;;;;
2022-12-04 02:00:00;0.0;122.70981038092543;;92.58491778372232;;;;
2022-12-04 03:00:00;0.0;122.70981038092543;;97.25234865527742;;;;
2022-12-04 04:00:00;0.0;122.70981038092543;;104.6929324006962;;;;
2022-12-04 05:00:00;0.0;122.70981038092543;;114.3677971338657;;;;
2022-12-04 06:00:00;0.0;122.70981038092543;;125.594034234163;;;;
2022-12-04 07:00:00;0.0;122.70981038092543;;137.5721875631448;;;;
2022-12-04 08:00:00;0.0;122.70981038092543;;149.4603118269471;;;;
2022-12-04 09:00:00;0.0;122.70981038092543;;160.4189543768861;;;;
2022-12-04 10:00:00;0.0;122.70981038092543;;169.6782618824195;;;;
2022-12-04 11:00:00;0.0;122.70981038092543;;176.5972309651389;;;;
2022-12-04 12:00:00;0.0;122.70981038092543;;180.6798445640676;;;;
2022-12-04 13:00:00;0.0;122.70981038092543;;181.6479707585095;;;;
2022-12-04 14:00:00;0.0;122.70981038092543;;179.4156518431768;;;;
2022-12-04 15:00:00;0.0;122.70981038092543;;174.1459854682493;;;;
2022-12-04 16:00:00;0.0;122.70981038092543;;166.1872594980949;;;;
2022-12-04 17:00:00;0.0;122.70981038092543;;156.0782534424669;;;;
2022-12-04 18:00:00;0.0;122.70981038092543;;144.4854197402728;;;;
2022-12-04 19:00:00;0.0;122.70981038092543;;132.1837766946523;;;;
2022-12-04 20:00:00;0.0;122.70981038092543;;119.9715703807706;;;;
2022-12-04 21:00:00;0.0;122.70981038092543;;108.6502473278668;;;;
2022-12-04 22:00:00;0.0;122.70981038092543;;98.94562031284596;;;;
2022-12-04 23:00:00;0.0;122.70981038092543;;90.31670861479742;;;;
2022-12-05 00:00:00;0.0;122.70981038092543;;84.42082006698996;;;;
2022-12-05 01:00:00;0.0;122.70981038092543;;81.49460987174913;;;;
2022-12-05 02:00:00;0.0;122.70981038092543;;82.75163520233598;;;;
2022-12-05 03:00:00;0.0;122.70981038092543;;86.83760344436536;;;;
2022-12-05 04:00:00;0.0;122.70981038092543;;93.44723853674898;;;;
2022-12-05 05:00:00;0.0;122.70981038092543;;102.1100714176794;;;;
2022-12-05 06:00:00;0.0;122.70981038092543;;112.222913521383;;;;
2022-12-05 07:00:00;0.0;122.70981038092543;;123.0873627574191;;;;
2022-12-05 08:00:00;0.0;122.70981038092543;;133.9644922325541;;;;
2022-12-05 09:00:00;0.0;122.70981038092543;;144.1152970593268;;;;
2022-12-05 10:00:00;0.0;122.70981038092543;;152.8513464516367;;;;
2022-12-05 11:00:00;0.0;122.70981038092543;;159.5797946383603;;;;
2022-12-05 12:00:00;0.0;122.70981038092543;;163.8404409333921;;;;
2022-12-05 13:00:00;0.0;122.70981038092543;;165.3479215180176;;;;
2022-12-05 14:00:00;0.0;122.70981038092543;;163.9964360250482;;;;
2022-12-05 15:00:00;0.0;122.70981038092543;;159.8863674546773;;;;
2022-12-05 16:00:00;0.0;122.70981038092543;;153.2918973911515;;;;
2022-12-05 17:00:00;0.0;122.70981038092543;;144.6672898623721;;;;
2022-12-05 18:00:00;0.0;122.70981038092543;;134.5882819234822;;;;
2022-12-05 19:00:00;0.0;122.70981038092543;;123.7411531639954;;;;
2022-12-05 20:00:00;0.0;122.70981038092543;;112.8679432564591;;;;
2022-12-05 21:00:00;0.0;122.70981038092543;;102.7178321509839;;;;
2022-12-05 22:00:00;0.0;122.70981038092543;;94.00513115806568;;;;
2022-12-05 23:00:00;0.0;122.70981038092543;;86.40250872739833;;;;
2022-12-06 00:00:00;0.0;122.70981038092543;;81.33427035310469;;;;
2022-12-06 01:00:00;0.0;122.70981038092543;;79.06563964707792;;;;
2022-12-06 02:00:00;0.0;122.70981038092543;;80.60870471806632;;;;
2022-12-06 03:00:00;0.0;122.70981038092543;;84.8948264055414;;;;
2022-12-06 04:00:00;0.0;122.70981038092543;;91.64742156148476;;;;
2022-12-06 05:00:00;0.0;122.70981038092543;;100.4179032367367;;;;
2022-12-06 06:00:00;0.0;122.70981038092543;;110.6113156396264;;;;
2022-12-06 07:00:00;0.0;122.70981038092543;;121.5378221988552;;;;
2022-12-06 08:00:00;0.0;122.70981038092543;;132.4482593589278;;;;
2022-12-06 09:00:00;0.0;122.70981038092543;;142.5994431304148;;;;
2022-12-06 10:00:00;0.0;122.70981038092543;;151.286269170959;;;;
2022-12-06 11:00:00;0.0;122.70981038092543;;157.9043364947785;;;;
2022-12-06 12:00:00;0.0;122.70981038092543;;161.9938046536231;;;;
2022-12-06 13:00:00;0.0;122.70981038092543;;163.2692834874657;;;;
2022-12-06 14:00:00;0.0;122.70981038092543;;161.6420444518653;;;;
2022-12-06 15:00:00;0.0;122.70981038092543;;157.2198603923576;;;;
2022-12-06 16:00:00;0.0;122.70981038092543;;150.300931195471;;;;
2022-12-06 17:00:00;0.0;122.70981038092543;;141.3540982304848;;;;
2022-12-06 18:00:00;0.0;122.70981038092543;;130.9828851679362;;;;
2022-12-06 19:00:00;0.0;122.70981038092543;;119.8887773643151;;;;
2022-12-06 20:00:00;0.0;122.70981038092543;;108.8203122037452;;;;
2022-12-06 21:00:00;0.0;122.70981038092543;;98.51333601844868;;;;
2022-12-06 22:00:00;0.0;122.70981038092543;;89.64609352618963;;;;
2022-12-06 23:00:00;0.0;122.70981038092543;;82.83370522979718;;;;
2022-12-07 00:00:00;0.0;122.70981038092543;;78.44370898441286;;;;
2022-12-07 01:00:00;0.0;122.70981038092543;;76.72508118511075;;;;
2022-12-07 02:00:00;0.0;122.70981038092543;;77.68432937323085;;;;
2022-12-07 03:00:00;0.0;122.70981038092543;;81.24142252001727;;;;
2022-12-07 04:00:00;0.0;122.70981038092543;;87.08183812927146;;;;
2022-12-07 05:00:00;0.0;122.70981038092543;;94.73437454737856;;;;
2022-12-07 06:00:00;0.0;122.70981038092543;;103.613422361732;;;;
2022-12-07 07:00:00;0.0;122.70981038092543;;113.0523566460793;;;;
2022-12-07 08:00:00;0.0;122.70981038092543;;122.3568785374098;;;;
2022-12-07 09:00:00;0.0;122.70981038092543;;130.8478090882568;;;;
2022-12-07 10:00:00;0.0;122.70981038092543;;137.912352837297;;;;
2022-12-07 11:00:00;0.0;122.70981038092543;;143.0407780289849;;;;
2022-12-07 12:00:00;0.0;122.70981038092543;;145.8738275638046;;;;
2022-12-07 13:00:00;0.0;122.70981038092543;;146.2009598899791;;;;
2022-12-07 14:00:00;0.0;122.70981038092543;;143.9948772192516;;;;
2022-12-07 15:00:00;0.0;122.70981038092543;;139.3870538152767;;;;
2022-12-07 16:00:00;0.0;122.70981038092543;;132.6840372158432;;;;
2022-12-07 17:00:00;0.0;122.70981038092543;;124.3205373156805;;;;
2022-12-07 18:00:00;0.0;122.70981038092543;;114.8428879197464;;;;
2022-12-07 19:00:00;0.0;122.70981038092543;;104.8588126542261;;;;
2022-12-07 20:00:00;0.0;122.70981038092543;;95.01151560385222;;;;
2022-12-07 21:00:00;0.0;122.70981038092543;;85.92128562337172;;;;
2022-12-07 22:00:00;0.0;122.70981038092543;;78.15863278888064;;;;
2022-12-07 23:00:00;0.0;122.70981038092543;;73.09358976755355;;;;
2022-12-08 00:00:00;0.0;122.70981038092543;;70.17601077794271;;;;
2022-12-08 01:00:00;0.0;122.70981038092543;;69.65246693435624;;;;
2022-12-08 02:00:00;0.0;122.70981038092543;;70.72278239023217;;;;
2022-12-08 03:00:00;0.0;122.70981038092543;;74.22911790273993;;;;
2022-12-08 04:00:00;0.0;122.70981038092543;;79.91730779114604;;;;
2022-12-08 05:00:00;0.0;122.70981038092543;;87.39546905189637;;;;
2022-12-08 06:00:00;0.0;122.70981038092543;;96.1615947460644;;;;
2022-12-08 07:00:00;0.0;122.70981038092543;;105.6276653274378;;;;
2022-12-08 08:00:00;0.0;122.70981038092543;;115.1691060988754;;;;
2022-12-08 09:00:00;0.0;122.70981038092543;;124.151459025526;;;;
2022-12-08 10:00:00;0.0;122.70981038092543;;131.9845025277577;;;;
2022-12-08 11:00:00;0.0;122.70981038092543;;138.1441426627248;;;;
2022-12-08 12:00:00;0.0;122.70981038092543;;142.2244764133048;;;;
2022-12-08 13:00:00;0.0;122.70981038092543;;143.9695025961726;;;;
2022-12-08 14:00:00;0.0;122.70981038092543;;143.2693181783886;;;;
2022-12-08 15:00:00;0.0;122.70981038092543;;140.1754179614587;;;;
2022-12-08 16:00:00;0.0;122.70981038092543;;134.8985035369603;;;;
2022-12-08 17:00:00;0.0;122.70981038092543;;127.8004908231285;;;;
2022-12-08 18:00:00;0.0;122.70981038092543;;119.3791144076845;;;;
2022-12-08 19:00:00;0.0;122.70981038092543;;110.2213571415773;;;;
2022-12-08 20:00:00;0.0;122.70981038092543;;100.9812704001085;;;;
2022-12-08 21:00:00;0.0;122.70981038092543;;92.32386360850096;;;;
2022-12-08 22:00:00;0.0;122.70981038092543;;84.8921487635093;;;;
2022-12-08 23:00:00;0.0;122.70981038092543;;80.4351282492154;;;;
2022-12-09 00:00:00;0.0;122.70981038092543;;78.21855697733896;;;;
2022-12-09 01:00:00;0.0;122.70981038092543;;78.59064113092543;;;;
2022-12-09 02:00:00;0.0;122.70981038092543;;80.54848799047873;;;;
2022-12-09 03:00:00;0.0;122.70981038092543;;85.28406793363422;;;;
2022-12-09 04:00:00;0.0;122.70981038092543;;92.55643478240634;;;;
2022-12-09 05:00:00;0.0;122.70981038092543;;101.9608088136906;;;;
2022-12-09 06:00:00;0.0;122.70981038092543;;112.9199590157294;;;;
2022-12-09 07:00:00;0.0;122.70981038092543;;124.7582388189381;;;;
2022-12-09 08:00:00;0.0;122.70981038092543;;136.7061807935739;;;;
2022-12-09 09:00:00;0.0;122.70981038092543;;147.9868223358494;;;;
2022-12-09 10:00:00;0.0;122.70981038092543;;157.8548688005405;;;;
2022-12-09 11:00:00;0.0;122.70981038092543;;165.6604314633915;;;;
2022-12-09 12:00:00;0.0;122.70981038092543;;170.8946149636585;;;;
2022-12-09 13:00:00;0.0;122.70981038092543;;173.204413197286;;;;
2022-12-09 14:00:00;0.0;122.70981038092543;;172.4433016908017;;;;
2022-12-09 15:00:00;0.0;122.70981038092543;;168.6706123576384;;;;
2022-12-09 16:00:00;0.0;122.70981038092543;;162.1544590132314;;;;
2022-12-09 17:00:00;0.0;122.70981038092543;;153.3583165539899;;;;
2022-12-09 18:00:00;0.0;122.70981038092543;;142.9036580816129;;;;
2022-12-09 19:00:00;0.0;122.70981038092543;;131.5442562272165;;;;
2022-12-09 20:00:00;0.0;122.70981038092543;;120.0802306265782;;;;
2022-12-09 21:00:00;0.0;122.70981038092543;;109.3295002447627;;;;
2022-12-09 22:00:00;0.0;122.70981038092543;;100.0541610820783;;;;
2022-12-09 23:00:00;0.0;122.70981038092543;;93.54173280828492;;;;
2022-12-10 00:00:00;0.0;122.70981038092543;;89.67159119859494;;;;
2022-12-10 01:00:00;0.0;122.70981038092543;;88.7897361416946;;;;
2022-12-10 02:00:00;0.0;122.70981038092543;;90.413949881074;;;;
2022-12-10 03:00:00;0.0;122.70981038092543;;95.09369494481751;;;;
2022-12-10 04:00:00;0.0;122.70981038092543;;102.5054225227459;;;;
2022-12-10 05:00:00;0.0;122.70981038092543;;112.1404422496898;;;;
2022-12-10 06:00:00;0.0;122.70981038092543;;123.3241702922445;;;;
2022-12-10 07:00:00;0.0;122.70981038092543;;135.2843844205845;;;;
2022-12-10 08:00:00;0.0;122.70981038092543;;147.195869212557;;;;
2022-12-10 09:00:00;0.0;122.70981038092543;;158.2391947943607;;;;
2022-12-10 10:00:00;0.0;122.70981038092543;;167.656844035258;;;;
2022-12-10 11:00:00;0.0;122.70981038092543;;174.7994350368134;;;;
2022-12-10 12:00:00;0.0;122.70981038092543;;179.1703927944046;;;;
2022-12-10 13:00:00;0.0;122.70981038092543;;180.4679966090522;;;;
2022-12-10 14:00:00;0.0;122.70981038092543;;178.6000443181844;;;;
2022-12-10 15:00:00;0.0;122.70981038092543;;173.702534993552;;;;
2022-12-10 16:00:00;0.0;122.70981038092543;;166.1122630223903;;;;
2022-12-10 17:00:00;0.0;122.70981038092543;;156.3340502823284;;;;
2022-12-10 18:00:00;0.0;122.70981038092543;;145.0338953827604;;;;
2022-12-10 19:00:00;0.0;122.70981038092543;;132.963859106443;;;;
2022-12-10 20:00:00;0.0;122.70981038092543;;120.9479239235124;;;;
2022-12-10 21:00:00;0.0;122.70981038092543;;109.7799397510436;;;;
2022-12-10 22:00:00;0.0;122.70981038092543;;100.2173234525908;;;;
2022-12-10 23:00:00;0.0;122.70981038092543;;92.39724128822628;;;;
2022-12-11 00:00:00;0.0;122.70981038092543;;87.31313527793053;;;;
2022-12-11 01:00:00;0.0;122.70981038092543;;85.24666357851697;;;;
2022-12-11 02:00:00;0.0;122.70981038092543;;86.78319372277709;;;;
2022-12-11 03:00:00;0.0;122.70981038092543;;91.30014293910568;;;;
2022-12-11 04:00:00;0.0;122.70981038092543;;98.49805257381593;;;;
2022-12-11 05:00:00;0.0;122.70981038092543;;107.8975426351564;;;;
2022-12-11 06:00:00;0.0;122.70981038092543;;118.8826906312362;;;;
2022-12-11 07:00:00;0.0;122.70981038092543;;130.7231755864013;;;;
2022-12-11 08:00:00;0.0;122.70981038092543;;142.6387900839884;;;;
2022-12-11 09:00:00;0.0;122.70981038092543;;153.8309972975973;;;;
2022-12-11 10:00:00;0.0;122.70981038092543;;163.5643821065619;;;;
2022-12-11 11:00:00;0.0;122.70981038092543;;171.1852253786311;;;;
2022-12-11 12:00:00;0.0;122.70981038092543;;176.1944374359511;;;;
2022-12-11 13:00:00;0.0;122.70981038092543;;178.2516085726369;;;;
2022-12-11 14:00:00;0.0;122.70981038092543;;177.2244291544096;;;;
2022-12-11 15:00:00;0.0;122.70981038092543;;173.1895748071132;;;;
2022-12-11 16:00:00;0.0;122.70981038092543;;166.4301118790326;;;;
2022-12-11 17:00:00;0.0;122.70981038092543;;157.4128160434274;;;;
2022-12-11 18:00:00;0.0;122.70981038092543;;146.7595386788425;;;;
2022-12-11 19:00:00;0.0;122.70981038092543;;135.2048974978319;;;;
2022-12-11 20:00:00;0.0;122.70981038092543;;123.5690678889919;;;;
2022-12-11 21:00:00;0.0;122.70981038092543;;112.678016440134;;;;
2022-12-11 22:00:00;0.0;122.70981038092543;;103.3181207386505;;;;
2022-12-11 23:00:00;0.0;122.70981038092543;;94.92198723690362;;;;
2022-12-12 00:00:00;0.0;122.70981038092543;;89.28975501265636;;;;
2022-12-12 01:00:00;0.0;122.70981038092543;;86.72793633732317;;;;
2022-12-12 02:00:00;0.0;122.70981038092543;;88.57478355279463;;;;
2022-12-12 03:00:00;0.0;122.70981038092543;;93.44020981517971;;;;
2022-12-12 04:00:00;0.0;122.70981038092543;;101.0344397497796;;;;
2022-12-12 05:00:00;0.0;122.70981038092543;;110.8762266863361;;;;
2022-12-12 06:00:00;0.0;122.70981038092543;;122.3196823856733;;;;
2022-12-12 07:00:00;0.0;122.70981038092543;;134.6011710634825;;;;
2022-12-12 08:00:00;0.0;122.70981038092543;;146.8912594700606;;;;
2022-12-12 09:00:00;0.0;122.70981038092543;;158.3487659244111;;;;
2022-12-12 10:00:00;0.0;122.70981038092543;;168.1947956710826;;;;
2022-12-12 11:00:00;0.0;122.70981038092543;;175.7484871945759;;;;
2022-12-12 12:00:00;0.0;122.70981038092543;;180.4982732114619;;;;
2022-12-12 13:00:00;0.0;122.70981038092543;;182.1113689318542;;;;
2022-12-12 14:00:00;0.0;122.70981038092543;;180.4752527768727;;;;
2022-12-12 15:00:00;0.0;122.70981038092543;;175.6961678098583;;;;
2022-12-12 16:00:00;0.0;122.70981038092543;;168.0992963939462;;;;
2022-12-12 17:00:00;0.0;122.70981038092543;;158.2059681575017;;;;
2022-12-12 18:00:00;0.0;122.70981038092543;;146.6987497954167;;;;
2022-12-12 19:00:00;0.0;122.70981038092543;;134.3642297158349;;;;
2022-12-12 20:00:00;0.0;122.70981038092543;;122.0380005582506;;;;
2022-12-12 21:00:00;0.0;122.70981038092543;;110.5405087322242;;;;
2022-12-12 22:00:00;0.0;122.70981038092543;;100.6364624896665;;;;
2022-12-12 23:00:00;0.0;122.70981038092543;;91.96982749211294;;;;
2022-12-13 00:00:00;0.0;122.70981038092543;;86.03736970067624;;;;
2022-12-13 01:00:00;0.0;122.70981038092543;;83.08275439799534;;;;
2022-12-13 02:00:00;0.0;122.70981038092543;;84.13618959592847;;;;
2022-12-13 03:00:00;0.0;122.70981038092543;;88.00172002432757;;;;
2022-12-13 04:00:00;0.0;122.70981038092543;;94.33250702655616;;;;
2022-12-13 05:00:00;0.0;122.70981038092543;;102.6164383656904;;;;
2022-12-13 06:00:00;0.0;122.70981038092543;;112.2128666268368;;;;
2022-12-13 07:00:00;0.0;122.70981038092543;;122.4064567947057;;;;
2022-12-13 08:00:00;0.0;122.70981038092543;;132.4430484149046;;;;
2022-12-13 09:00:00;0.0;122.70981038092543;;141.5828101585148;;;;
2022-12-13 10:00:00;0.0;122.70981038092543;;149.1525601874671;;;;
2022-12-13 11:00:00;0.0;122.70981038092543;;154.616069197265;;;;
2022-12-13 12:00:00;0.0;122.70981038092543;;157.5752561233912;;;;
2022-12-13 13:00:00;0.0;122.70981038092543;;157.813056123289;;;;
2022-12-13 14:00:00;0.0;122.70981038092543;;155.2902208974255;;;;
2022-12-13 15:00:00;0.0;122.70981038092543;;150.168010644352;;;;
2022-12-13 16:00:00;0.0;122.70981038092543;;142.7890886921587;;;;
2022-12-13 17:00:00;0.0;122.70981038092543;;133.6285484177157;;;;
2022-12-13 18:00:00;0.0;122.70981038092543;;123.2821686305543;;;;
2022-12-13 19:00:00;0.0;122.70981038092543;;112.4054658184344;;;;
2022-12-13 20:00:00;0.0;122.70981038092543;;101.6923601793235;;;;
2022-12-13 21:00:00;0.0;122.70981038092543;;91.81060538298728;;;;
2022-12-13 22:00:00;0.0;122.70981038092543;;83.3683986517281;;;;
2022-12-13 23:00:00;0.0;122.70981038092543;;76.91180810969516;;;;
2022-12-14 00:00:00;0.0;122.70981038092543;;72.77066301606487;;;;
2022-12-14 01:00:00;0.0;122.70981038092543;;71.16158224227703;;;;
2022-12-14 02:00:00;0.0;122.70981038092543;;72.0971465462701;;;;
2022-12-14 03:00:00;0.0;122.70981038092543;;75.50000184094023;;;;
2022-12-14 04:00:00;0.0;122.70981038092543;;81.09428697990214;;;;
2022-12-14 05:00:00;0.0;122.70981038092543;;88.4614018950942;;;;
2022-12-14 06:00:00;0.0;122.70981038092543;;97.07526583464788;;;;
2022-12-14 07:00:00;0.0;122.70981038092543;;106.3417008946321;;;;
2022-12-14 08:00:00;0.0;122.70981038092543;;115.6216146024164;;;;
2022-12-14 09:00:00;0.0;122.70981038092543;;124.289497694951;;;;
2022-12-14 10:00:00;0.0;122.70981038092543;;131.7521083070886;;;;
2022-12-14 11:00:00;0.0;122.70981038092543;;137.5084182862429;;;;
2022-12-14 12:00:00;0.0;122.70981038092543;;141.1733016914896;;;;
2022-12-14 13:00:00;0.0;122.70981038092543;;142.5034557937304;;;;
2022-12-14 14:00:00;0.0;122.70981038092543;;141.4084360280352;;;;
2022-12-14 15:00:00;0.0;122.70981038092543;;137.9529834090592;;;;
2022-12-14 16:00:00;0.0;122.70981038092543;;132.3712982597126;;;;
2022-12-14 17:00:00;0.0;122.70981038092543;;125.0430408471322;;;;
2022-12-14 18:00:00;0.0;122.70981038092543;;116.4696635886008;;;;
2022-12-14 19:00:00;0.0;122.70981038092543;;107.2297458992885;;;;
2022-12-14 20:00:00;0.0;122.70981038092543;;97.96338845348151;;;;
2022-12-14 21:00:00;0.0;122.70981038092543;;89.31502527596327;;;;
2022-12-14 22:00:00;0.0;122.70981038092543;;81.90013938683293;;;;
2022-12-14 23:00:00;0.0;122.70981038092543;;77.19387177173557;;;;
2022-12-15 00:00:00;0.0;122.70981038092543;;74.66363028781096;;;;
2022-12-15 01:00:00;0.0;122.70981038092543;;74.62120659744632;;;;
2022-12-15 02:00:00;0.0;122.70981038092543;;76.27715690211693;;;;
2022-12-15 03:00:00;0.0;122.70981038092543;;80.55868551373027;;;;
2022-12-15 04:00:00;0.0;122.70981038092543;;87.2257246811574;;;;
2022-12-15 05:00:00;0.0;122.70981038092543;;95.8636537302389;;;;
2022-12-15 06:00:00;0.0;122.70981038092543;;105.9273838010302;;;;
2022-12-15 07:00:00;0.0;122.70981038092543;;116.7720195706813;;;;
2022-12-15 08:00:00;0.0;122.70981038092543;;127.6846780320742;;;;
2022-12-15 09:00:00;0.0;122.70981038092543;;137.9409711688518;;;;
2022-12-15 10:00:00;0.0;122.70981038092543;;146.8449977804578;;;;
2022-12-15 11:00:00;0.0;122.70981038092543;;153.8122858527523;;;;
2022-12-15 12:00:00;0.0;122.70981038092543;;158.3701999000372;;;;
2022-12-15 13:00:00;0.0;122.70981038092543;;160.2247128162547;;;;
2022-12-15 14:00:00;0.0;122.70981038092543;;159.2325050902933;;;;
2022-12-15 15:00:00;0.0;122.70981038092543;;155.4714368510128;;;;
2022-12-15 16:00:00;0.0;122.70981038092543;;149.2055219518664;;;;
2022-12-15 17:00:00;0.0;122.70981038092543;;140.8825257292994;;;;
2022-12-15 18:00:00;0.0;122.70981038092543;;131.0812309572301;;;;
2022-12-15 19:00:00;0.0;122.70981038092543;;120.4819204036463;;;;
2022-12-15 20:00:00;0.0;122.70981038092543;;109.8282263320832;;;;
2022-12-15 21:00:00;0.0;122.70981038092543;;99.86071679950902;;;;
2022-12-15 22:00:00;0.0;122.70981038092543;;91.2785951766619;;;;
2022-12-15 23:00:00;0.0;122.70981038092543;;85.91190509940608;;;;
2022-12-16 00:00:00;0.0;122.70981038092543;;82.95969989458159;;;;
2022-12-16 01:00:00;0.0;122.70981038092543;;82.74710944272348;;;;
2022-12-16 02:00:00;0.0;122.70981038092543;;84.17663894820498;;;;
2022-12-16 03:00:00;0.0;122.70981038092543;;88.44928792129085;;;;
2022-12-16 04:00:00;0.0;122.70981038092543;;95.25745811662205;;;;
2022-12-16 05:00:00;0.0;122.70981038092543;;104.1238740126305;;;;
2022-12-16 06:00:00;0.0;122.70981038092543;;114.4254441497566;;;;
2022-12-16 07:00:00;0.0;122.70981038092543;;125.4523573803578;;;;
2022-12-16 08:00:00;0.0;122.70981038092543;;136.4390951753256;;;;
2022-12-16 09:00:00;0.0;122.70981038092543;;146.6237121364956;;;;
2022-12-16 10:00:00;0.0;122.70981038092543;;155.2951732661499;;;;
2022-12-16 11:00:00;0.0;122.70981038092543;;161.855643903089;;;;
2022-12-16 12:00:00;0.0;122.70981038092543;;165.8628376036823;;;;
2022-12-16 13:00:00;0.0;122.70981038092543;;167.047721022024;;;;
2022-12-16 14:00:00;0.0;122.70981038092543;;165.3273369961204;;;;
2022-12-16 15:00:00;0.0;122.70981038092543;;160.8150840933688;;;;
2022-12-16 16:00:00;0.0;122.70981038092543;;153.8198825672466;;;;
2022-12-16 17:00:00;0.0;122.70981038092543;;144.8127514170804;;;;
2022-12-16 18:00:00;0.0;122.70981038092543;;134.4002018332567;;;;
2022-12-16 19:00:00;0.0;122.70981038092543;;123.2838480884822;;;;
2022-12-16 20:00:00;0.0;122.70981038092543;;112.2131759573958;;;;
2022-12-16 21:00:00;0.0;122.70981038092543;;101.9347223283326;;;;
2022-12-16 22:00:00;0.0;122.70981038092543;;93.13402527493903;;;;
2022-12-16 23:00:00;0.0;122.70981038092543;;86.97540488848936;;;;
2022-12-17 00:00:00;0.0;122.70981038092543;;83.33954235978578;;;;
2022-12-17 01:00:00;0.0;122.70981038092543;;82.53969062464434;;;;
2022-12-17 02:00:00;0.0;122.70981038092543;;84.13877338828678;;;;
2022-12-17 03:00:00;0.0;122.70981038092543;;88.64362051960454;;;;
2022-12-17 04:00:00;0.0;122.70981038092543;;95.7748537547662;;;;
2022-12-17 05:00:00;0.0;122.70981038092543;;105.0832558558681;;;;
2022-12-17 06:00:00;0.0;122.70981038092543;;115.9716761259831;;;;
2022-12-17 07:00:00;0.0;122.70981038092543;;127.7438573424725;;;;
2022-12-17 08:00:00;0.0;122.70981038092543;;139.6420456187541;;;;
2022-12-17 09:00:00;0.0;122.70981038092543;;150.8897152919754;;;;
2022-12-17 10:00:00;0.0;122.70981038092543;;160.7527458921714;;;;
2022-12-17 11:00:00;0.0;122.70981038092543;;168.5840861068872;;;;
2022-12-17 12:00:00;0.0;122.70981038092543;;173.8816273507972;;;;
2022-12-17 13:00:00;0.0;122.70981038092543;;176.29773697383;;;;
2022-12-17 14:00:00;0.0;122.70981038092543;;175.6725157247818;;;;
2022-12-17 15:00:00;0.0;122.70981038092543;;172.0616548376527;;;;
2022-12-17 16:00:00;0.0;122.70981038092543;;165.7259619047379;;;;
2022-12-17 17:00:00;0.0;122.70981038092543;;157.1100475156759;;;;
2022-12-17 18:00:00;0.0;122.70981038092543;;146.8203741839232;;;;
2022-12-17 19:00:00;0.0;122.70981038092543;;135.5884537581796;;;;
2022-12-17 20:00:00;0.0;122.70981038092543;;124.231456108286;;;;
2022-12-17 21:00:00;0.0;122.70981038092543;;113.5730370964409;;;;
2022-12-17 22:00:00;0.0;122.70981038092543;;104.4015289818147;;;;
2022-12-17 23:00:00;0.0;122.70981038092543;;96.88767316037313;;;;
2022-12-18 00:00:00;0.0;122.70981038092543;;92.13396711389892;;;;
2022-12-18 01:00:00;0.0;122.70981038092543;;90.49939778932976;;;;
2022-12-18 02:00:00;0.0;122.70981038092543;;92.65749680549646;;;;
2022-12-18 03:00:00;0.0;122.70981038092543;;97.99191496760116;;;;
2022-12-18 04:00:00;0.0;122.70981038092543;;106.2145078992508;;;;
2022-12-18 05:00:00;0.0;122.70981038092543;;116.8333954590901;;;;
2022-12-18 06:00:00;0.0;122.70981038092543;;129.182412785937;;;;
2022-12-18 07:00:00;0.0;122.70981038092543;;142.4714161356835;;;;
2022-12-18 08:00:00;0.0;122.70981038092543;;155.8329916426084;;;;
2022-12-18 09:00:00;0.0;122.70981038092543;;168.3746941246639;;;;
2022-12-18 10:00:00;0.0;122.70981038092543;;179.2525373630725;;;;
2022-12-18 11:00:00;0.0;122.70981038092543;;187.7238852051028;;;;
2022-12-18 12:00:00;0.0;122.70981038092543;;193.2242319808189;;;;
2022-12-18 13:00:00;0.0;122.70981038092543;;195.3823802267426;;;;
2022-12-18 14:00:00;0.0;122.70981038092543;;194.05370152948;;;;
2022-12-18 15:00:00;0.0;122.70981038092543;;189.3261769243765;;;;
2022-12-18 16:00:00;0.0;122.70981038092543;;181.533004162201;;;;
2022-12-18 17:00:00;0.0;122.70981038092543;;171.2218346465282;;;;
2022-12-18 18:00:00;0.0;122.70981038092543;;159.1096083787066;;;;
2022-12-18 19:00:00;0.0;122.70981038092543;;146.0373993151628;;;;
2022-12-18 20:00:00;0.0;122.70981038092543;;132.9139712668635;;;;
2022-12-18 21:00:00;0.0;122.70981038092543;;120.6435583342448;;;;
2022-12-18 22:00:00;0.0;122.70981038092543;;110.0636185295026;;;;
2022-12-18 23:00:00;0.0;122.70981038092543;;100.558662459204;;;;
2022-12-19 00:00:00;0.0;122.70981038092543;;94.02549496426673;;;;
2022-12-19 01:00:00;0.0;122.70981038092543;;90.73836615362696;;;;
2022-12-19 02:00:00;0.0;122.70981038092543;;92.07282451075989;;;;
2022-12-19 03:00:00;0.0;122.70981038092543;;96.4823992113543;;;;
2022-12-19 04:00:00;0.0;122.70981038092543;;103.6195564809502;;;;
2022-12-19 05:00:00;0.0;122.70981038092543;;112.9317641201808;;;;
2022-12-19 06:00:00;0.0;122.70981038092543;;123.7291725654488;;;;
2022-12-19 07:00:00;0.0;122.70981038092543;;135.2098168364276;;;;
2022-12-19 08:00:00;0.0;122.70981038092543;;146.543439535378;;;;
2022-12-19 09:00:00;0.0;122.70981038092543;;156.9064998711116;;;;
2022-12-19 10:00:00;0.0;122.70981038092543;;165.5606670202452;;;;
2022-12-19 11:00:00;0.0;122.70981038092543;;171.8886570339923;;;;
2022-12-19 12:00:00;0.0;122.70981038092543;;175.4366240648934;;;;
2022-12-19 13:00:00;0.0;122.70981038092543;;175.9468411999098;;;;
2022-12-19 14:00:00;0.0;122.70981038092543;;173.3741415438414;;;;
2022-12-19 15:00:00;0.0;122.70981038092543;;167.8920176640643;;;;
2022-12-19 16:00:00;0.0;122.70981038092543;;159.8537711763929;;;;
2022-12-19 17:00:00;0.0;122.70981038092543;;149.7846978561657;;;;
2022-12-19 18:00:00;0.0;122.70981038092543;;138.3410748002071;;;;
2022-12-19 19:00:00;0.0;122.70981038092543;;126.2686897255802;;;;
2022-12-19 20:00:00;0.0;122.70981038092543;;114.3396310843059;;;;
2022-12-19 21:00:00;0.0;122.70981038092543;;103.312299512066;;;;
2022-12-19 22:00:00;0.0;122.70981038092543;;93.8743899352017;;;;
2022-12-19 23:00:00;0.0;122.70981038092543;;85.67048826812783;;;;
2022-12-20 00:00:00;0.0;122.70981038092543;;80.07737135391403;;;;
2022-12-20 01:00:00;0.0;122.70981038092543;;77.31386474768959;;;;
2022-12-20 02:00:00;0.0;122.70981038092543;;78.34022457214093;;;;
2022-12-20 03:00:00;0.0;122.70981038092543;;82.04060218397015;;;;
2022-12-20 04:00:00;0.0;122.70981038092543;;88.11249222158204;;;;
2022-12-20 05:00:00;0.0;122.70981038092543;;96.1019469738202;;;;
2022-12-20 06:00:00;0.0;122.70981038092543;;105.4297434380822;;;;
2022-12-20 07:00:00;0.0;122.70981038092543;;115.4448800194572;;;;
2022-12-20 08:00:00;0.0;122.70981038092543;;125.4471234346295;;;;
2022-12-20 09:00:00;0.0;122.70981038092543;;134.7539311831311;;;;
2022-12-20 10:00:00;0.0;122.70981038092543;;142.7232768232993;;;;
2022-12-20 11:00:00;0.0;122.70981038092543;;148.8125332688602;;;;
2022-12-20 12:00:00;0.0;122.70981038092543;;152.6015778159345;;;;
2022-12-20 13:00:00;0.0;122.70981038092543;;153.835572292676;;;;
2022-12-20 14:00:00;0.0;122.70981038092543;;152.4316237590778;;;;
2022-12-20 15:00:00;0.0;122.70981038092543;;148.4863716696198;;;;
2022-12-20 16:00:00;0.0;122.70981038092543;;142.2567059429253;;;;
2022-12-20 17:00:00;0.0;122.70981038092543;;134.1585113936884;;;;
2022-12-20 18:00:00;0.0;122.70981038092543;;124.7321826879552;;;;
2022-12-20 19:00:00;0.0;122.70981038092543;;114.6209075623373;;;;
2022-12-20 20:00:00;0.0;122.70981038092543;;104.5108331692266;;;;
2022-12-20 21:00:00;0.0;122.70981038092543;;95.0939658424976;;;;
2022-12-20 22:00:00;0.0;122.70981038092543;;87.01489370114135;;;;
2022-12-20 23:00:00;0.0;122.70981038092543;;80.87464503421506;;;;
2022-12-21 00:00:00;0.0;122.70981038092543;;77.07263430431559;;;;
2022-12-21 01:00:00;0.0;122.70981038092543;;75.8893647629876;;;;
2022-12-21 02:00:00;0.0;122.70981038092543;;77.39185079628427;;;;
2022-12-21 03:00:00;0.0;122.70981038092543;;81.53557764810085;;;;
2022-12-21 04:00:00;0.0;122.70981038092543;;88.06112910196458;;;;
2022-12-21 05:00:00;0.0;122.70981038092543;;96.53796002371848;;;;
2022-12-21 06:00:00;0.0;122.70981038092543;;106.4007708817312;;;;
2022-12-21 07:00:00;0.0;122.70981038092543;;116.9920124188858;;;;
2022-12-21 08:00:00;0.0;122.70981038092543;;127.5918871167458;;;;
2022-12-21 09:00:00;0.0;122.70981038092543;;137.4822279608346;;;;
2022-12-21 10:00:00;0.0;122.70981038092543;;145.9760425726467;;;;
2022-12-21 11:00:00;0.0;122.70981038092543;;152.5042169909038;;;;
2022-12-21 12:00:00;0.0;122.70981038092543;;156.6185246705395;;;;
2022-12-21 13:00:00;0.0;122.70981038092543;;158.0366546169112;;;;
2022-12-21 14:00:00;0.0;122.70981038092543;;156.6509440650188;;;;
2022-12-21 15:00:00;0.0;122.70981038092543;;152.5534703835386;;;;
2022-12-21 16:00:00;0.0;122.70981038092543;;146.0327325899063;;;;
2022-12-21 17:00:00;0.0;122.70981038092543;;137.5306063961724;;;;
2022-12-21 18:00:00;0.0;122.70981038092543;;127.6264290956778;;;;
2022-12-21 19:00:00;0.0;122.70981038092543;;116.9962986137058;;;;
2022-12-21 20:00:00;0.0;122.70981038092543;;106.3645432841787;;;;
2022-12-21 21:00:00;0.0;122.70981038092543;;96.4544822644767;;;;
2022-12-21 22:00:00;0.0;122.70981038092543;;87.9206971941542;;;;
2022-12-21 23:00:00;0.0;122.70981038092543;;82.32122661387689;;;;
2022-12-22 00:00:00;0.0;122.70981038092543;;79.06729193294066;;;;
2022-12-22 01:00:00;0.0;122.70981038092543;;78.4513695300709;;;;
2022-12-22 02:00:00;0.0;122.70981038092543;;79.58976189790813;;;;
2022-12-22 03:00:00;0.0;122.70981038092543;;83.40695333976572;;;;
2022-12-22 04:00:00;0.0;122.70981038092543;;89.59803183529343;;;;
2022-12-22 05:00:00;0.0;122.70981038092543;;97.6897759359046;;;;
2022-12-22 06:00:00;0.0;122.70981038092543;;107.0853085408258;;;;
2022-12-22 07:00:00;0.0;122.70981038092543;;117.1029495262128;;;;
2022-12-22 08:00:00;0.0;122.70981038092543;;127.0301578427763;;;;
2022-12-22 09:00:00;0.0;122.70981038092543;;136.1617155287055;;;;
2022-12-22 10:00:00;0.0;122.70981038092543;;143.8615843111262;;;;
2022-12-22 11:00:00;0.0;122.70981038092543;;149.5902405682813;;;;
2022-12-22 12:00:00;0.0;122.70981038092543;;152.9495314854784;;;;
2022-12-22 13:00:00;0.0;122.70981038092543;;153.6987676772102;;;;
2022-12-22 14:00:00;0.0;122.70981038092543;;151.7832936586728;;;;
2022-12-22 15:00:00;0.0;122.70981038092543;;147.3245113772408;;;;
2022-12-22 16:00:00;0.0;122.70981038092543;;140.6272195168454;;;;
2022-12-22 17:00:00;0.0;122.70981038092543;;132.1332699804906;;;;
2022-12-22 18:00:00;0.0;122.70981038092543;;122.4097576475376;;;;
2022-12-22 19:00:00;0.0;122.70981038092543;;112.0890330811934;;;;
2022-12-22 20:00:00;0.0;122.70981038092543;;101.8528011082456;;;;
2022-12-22 21:00:00;0.0;122.70981038092543;;92.3748217598145;;;;
2022-12-22 22:00:00;0.0;122.70981038092543;;84.27401845095152;;;;
2022-12-22 23:00:00;0.0;122.70981038092543;;79.21485022684573;;;;
2022-12-23 00:00:00;0.0;122.70981038092543;;76.44467376456382;;;;
2022-12-23 01:00:00;0.0;122.70981038092543;;76.26312421543692;;;;
2022-12-23 02:00:00;0.0;122.70981038092543;;77.66211608050932;;;;
2022-12-23 03:00:00;0.0;122.70981038092543;;81.75102022156432;;;;
2022-12-23 04:00:00;0.0;122.70981038092543;;88.26180171499163;;;;
2022-12-23 05:00:00;0.0;122.70981038092543;;96.78030162706725;;;;
2022-12-23 06:00:00;0.0;122.70981038092543;;106.7542239499718;;;;
2022-12-23 07:00:00;0.0;122.70981038092543;;117.5474972462772;;;;
2022-12-23 08:00:00;0.0;122.70981038092543;;128.4620980639938;;;;
2022-12-23 09:00:00;0.0;122.70981038092543;;138.7922922271142;;;;
2022-12-23 10:00:00;0.0;122.70981038092543;;147.8787755502129;;;;
2022-12-23 11:00:00;0.0;122.70981038092543;;155.1192412342052;;;;
2022-12-23 12:00:00;0.0;122.70981038092543;;160.0495792524746;;;;
2022-12-23 13:00:00;0.0;122.70981038092543;;162.3334962999876;;;;
2022-12-23 14:00:00;0.0;122.70981038092543;;161.8394302632239;;;;
2022-12-23 15:00:00;0.0;122.70981038092543;;158.604724926713;;;;
2022-12-23 16:00:00;0.0;122.70981038092543;;152.8727544312905;;;;
2022-12-23 17:00:00;0.0;122.70981038092543;;145.0438368753232;;;;
2022-12-23 18:00:00;0.0;122.70981038092543;;135.6754868593217;;;;
2022-12-23 19:00:00;0.0;122.70981038092543;;125.4338123863122;;;;
2022-12-23 20:00:00;0.0;122.70981038092543;;115.0593174882723;;;;
2022-12-23 21:00:00;0.0;122.70981038092543;;105.3199151007236;;;;
2022-12-23 22:00:00;0.0;122.70981038092543;;96.94376867673394;;;;
2022-12-23 23:00:00;0.0;122.70981038092543;;91.17683918421692;;;;
2022-12-24 00:00:00;0.0;122.70981038092543;;87.9544979415042;;;;
2022-12-24 01:00:00;0.0;122.70981038092543;;87.661453692204;;;;
2022-12-24 02:00:00;0.0;122.70981038092543;;89.89909364073662;;;;
2022-12-24 03:00:00;0.0;122.70981038092543;;95.23126577077556;;;;
2022-12-24 04:00:00;0.0;122.70981038092543;;103.3979256520588;;;;
2022-12-24 05:00:00;0.0;122.70981038092543;;113.9351029415849;;;;
2022-12-24 06:00:00;0.0;122.70981038092543;;126.2084012624159;;;;
2022-12-24 07:00:00;0.0;122.70981038092543;;139.4475668800545;;;;
2022-12-24 08:00:00;0.0;122.70981038092543;;152.8043346054994;;;;
2022-12-24 09:00:00;0.0;122.70981038092543;;165.4020044635788;;;;
2022-12-24 10:00:00;0.0;122.70981038092543;;176.416726196774;;;;
2022-12-24 11:00:00;0.0;122.70981038092543;;185.112644490185;;;;
2022-12-24 12:00:00;0.0;122.70981038092543;;190.909997233057;;;;
2022-12-24 13:00:00;0.0;122.70981038092543;;193.4136137624633;;;;
2022-12-24 14:00:00;0.0;122.70981038092543;;192.4682934552092;;;;
2022-12-24 15:00:00;0.0;122.70981038092543;;188.1476900030616;;;;
2022-12-24 16:00:00;0.0;122.70981038092543;;180.7617314118982;;;;
2022-12-24 17:00:00;0.0;122.70981038092543;;170.8388505524158;;;;
2022-12-24 18:00:00;0.0;122.70981038092543;;159.0850156913366;;;;
2022-12-24 19:00:00;0.0;122.70981038092543;;146.3309039464305;;;;
2022-12-24 20:00:00;0.0;122.70981038092543;;133.4705486041474;;;;
2022-12-24 21:00:00;0.0;122.70981038092543;;121.4119046373994;;;;
2022-12-24 22:00:00;0.0;122.70981038092543;;111.0125301480753;;;;
2022-12-24 23:00:00;0.0;122.70981038092543;;102.4318801110927;;;;
2022-12-25 00:00:00;0.0;122.70981038092543;;96.81089120201231;;;;
2022-12-25 01:00:00;0.0;122.70981038092543;;94.47538545154572;;;;
2022-12-25 02:00:00;0.0;122.70981038092543;;96.09152174144695;;;;
2022-12-25 03:00:00;0.0;122.70981038092543;;100.9381235522231;;;;
2022-12-25 04:00:00;0.0;122.70981038092543;;108.6648015926675;;;;
2022-12-25 05:00:00;0.0;122.70981038092543;;118.7211694716528;;;;
2022-12-25 06:00:00;0.0;122.70981038092543;;130.3874374735977;;;;
2022-12-25 07:00:00;0.0;122.70981038092543;;142.8357132832188;;;;
2022-12-25 08:00:00;0.0;122.70981038092543;;155.1859622512978;;;;
2022-12-25 09:00:00;0.0;122.70981038092543;;166.5655470794586;;;;
2022-12-25 10:00:00;0.0;122.70981038092543;;176.1834051366167;;;;
2022-12-25 11:00:00;0.0;122.70981038092543;;183.3629002162506;;;;
2022-12-25 12:00:00;0.0;122.70981038092543;;187.6107478876909;;;;
2022-12-25 13:00:00;0.0;122.70981038092543;;188.6137073295381;;;;
2022-12-25 14:00:00;0.0;122.70981038092543;;186.3066109483661;;;;
2022-12-25 15:00:00;0.0;122.70981038092543;;180.8365447029512;;;;
2022-12-25 16:00:00;0.0;122.70981038092543;;172.5761144828122;;;;
2022-12-25 17:00:00;0.0;122.70981038092543;;162.0766172157694;;;;
2022-12-25 18:00:00;0.0;122.70981038092543;;150.0367399876427;;;;
2022-12-25 19:00:00;0.0;122.70981038092543;;137.2574699076477;;;;
2022-12-25 20:00:00;0.0;122.70981038092543;;124.5733638941752;;;;
2022-12-25 21:00:00;0.0;122.70981038092543;;112.8143636729305;;;;
2022-12-25 22:00:00;0.0;122.70981038092543;;102.7422559550901;;;;
2022-12-25 23:00:00;0.0;122.70981038092543;;93.75200542470222;;;;
2022-12-26 00:00:00;0.0;122.70981038092543;;87.60074580028973;;;;
2022-12-26 01:00:00;0.0;122.70981038092543;;84.53422154883769;;;;
2022-12-26 02:00:00;0.0;122.70981038092543;;85.8406826405533;;;;
2022-12-26 03:00:00;0.0;122.70981038092543;;90.07777204256875;;;;
2022-12-26 04:00:00;0.0;122.70981038092543;;96.9247018934208;;;;
2022-12-26 05:00:00;0.0;122.70981038092543;;105.8969031481966;;;;
2022-12-26 06:00:00;0.0;122.70981038092543;;116.3717301154788;;;;
2022-12-26 07:00:00;0.0;122.70981038092543;;127.6321106003851;;;;
2022-12-26 08:00:00;0.0;122.70981038092543;;138.9102540425439;;;;
2022-12-26 09:00:00;0.0;122.70981038092543;;149.4372384386728;;;;
2022-12-26 10:00:00;0.0;122.70981038092543;;158.504625552278;;;;
2022-12-26 11:00:00;0.0;122.70981038092543;;165.4892372031129;;;;
2022-12-26 12:00:00;0.0;122.70981038092543;;169.9192877973038;;;;
2022-12-26 13:00:00;0.0;122.70981038092543;;171.4823765160843;;;;
2022-12-26 14:00:00;0.0;122.70981038092543;;170.0837594113346;;;;
2022-12-26 15:00:00;0.0;122.70981038092543;;165.8134383199261;;;;
2022-12-26 16:00:00;0.0;122.70981038092543;;158.9712475801939;;;;
2022-12-26 17:00:00;0.0;122.70981038092543;;150.013724168459;;;;
2022-12-26 18:00:00;0.0;122.70981038092543;;139.5544647890649;;;;
2022-12-26 19:00:00;0.0;122.70981038092543;;128.2999477493555;;;;
2022-12-26 20:00:00;0.0;122.70981038092543;;117.0237345650073;;;;
2022-12-26 21:00:00;0.0;122.70981038092543;;106.4999098537012;;;;
2022-12-26 22:00:00;0.0;122.70981038092543;;97.46490069828413;;;;
2022-12-26 23:00:00;0.0;122.70981038092543;;89.55216662906906;;;;
2022-12-27 00:00:00;0.0;122.70981038092543;;84.26985511583474;;;;
2022-12-27 01:00:00;0.0;122.70981038092543;;81.88950192931804;;;;
2022-12-27 02:00:00;0.0;122.70981038092543;;83.49108576837031;;;;
2022-12-27 03:00:00;0.0;122.70981038092543;;87.93101613076095;;;;
2022-12-27 04:00:00;0.0;122.70981038092543;;94.9249134200072;;;;
2022-12-27 05:00:00;0.0;122.70981038092543;;104.0079158299377;;;;
2022-12-27 06:00:00;0.0;122.70981038092543;;114.5695083798871;;;;
2022-12-27 07:00:00;0.0;122.70981038092543;;125.8873385838542;;;;
2022-12-27 08:00:00;0.0;122.70981038092543;;137.1881412241623;;;;
2022-12-27 09:00:00;0.0;122.70981038092543;;147.69875869394;;;;
2022-12-27 10:00:00;0.0;122.70981038092543;;156.6920210912338;;;;
2022-12-27 11:00:00;0.0;122.70981038092543;;163.5418282927481;;;;
2022-12-27 12:00:00;0.0;122.70981038092543;;167.7731956013358;;;;
2022-12-27 13:00:00;0.0;122.70981038092543;;169.0961625933918;;;;
2022-12-27 14:00:00;0.0;122.70981038092543;;167.4106421374364;;;;
2022-12-27 15:00:00;0.0;122.70981038092543;;162.8266949303995;;;;
2022-12-27 16:00:00;0.0;122.70981038092543;;155.6583645962248;;;;
2022-12-27 17:00:00;0.0;122.70981038092543;;146.3885554282825;;;;
2022-12-27 18:00:00;0.0;122.70981038092543;;135.6448944016641;;;;
2022-12-27 19:00:00;0.0;122.70981038092543;;124.1523653995642;;;;
2022-12-27 20:00:00;0.0;122.70981038092543;;112.6941142611708;;;;
2022-12-27 21:00:00;0.0;122.70981038092543;;102.0256405145488;;;;
2022-12-27 22:00:00;0.0;122.70981038092543;;92.8447655910129;;;;
2022-12-27 23:00:00;0.0;122.70981038092543;;85.76009256190304;;;;
2022-12-28 00:00:00;0.0;122.70981038092543;;81.18778165514176;;;;
2022-12-28 01:00:00;0.0;122.70981038092543;;79.3759288819727;;;;
2022-12-28 02:00:00;0.0;122.70981038092543;;80.36347580215508;;;;
2022-12-28 03:00:00;0.0;122.70981038092543;;84.03423638217046;;;;
2022-12-28 04:00:00;0.0;122.70981038092543;;90.0728859908203;;;;
2022-12-28 05:00:00;0.0;122.70981038092543;;97.98662987503256;;;;
2022-12-28 06:00:00;0.0;122.70981038092543;;107.1684714784871;;;;
2022-12-28 07:00:00;0.0;122.70981038092543;;116.9318067755865;;;;
2022-12-28 08:00:00;0.0;122.70981038092543;;126.5542184602882;;;;
2022-12-28 09:00:00;0.0;122.70981038092543;;135.3354051433203;;;;
2022-12-28 10:00:00;0.0;122.70981038092543;;142.6325049212058;;;;
2022-12-28 11:00:00;0.0;122.70981038092543;;147.9286157033704;;;;
2022-12-28 12:00:00;0.0;122.70981038092543;;150.8514819553099;;;;
2022-12-28 13:00:00;0.0;122.70981038092543;;151.1917610311041;;;;
2022-12-28 14:00:00;0.0;122.70981038092543;;148.9148992106976;;;;
2022-12-28 15:00:00;0.0;122.70981038092543;;144.1598429241029;;;;
2022-12-28 16:00:00;0.0;122.70981038092543;;137.2292131022139;;;;
2022-12-28 17:00:00;0.0;122.70981038092543;;128.5801486038536;;;;
2022-12-28 18:00:00;0.0;122.70981038092543;;118.7735157752358;;;;
2022-12-28 19:00:00;0.0;122.70981038092543;;108.4489141748948;;;;
2022-12-28 20:00:00;0.0;122.70981038092543;;98.25951930295044;;;;
2022-12-28 21:00:00;0.0;122.70981038092543;;88.85590900820905;;;;
2022-12-28 22:00:00;0.0;122.70981038092543;;80.8239864462983;;;;
2022-12-28 23:00:00;0.0;122.70981038092543;;75.56141908007186;;;;
2022-12-29 00:00:00;0.0;122.70981038092543;;72.517595733859;;;;
2022-12-29 01:00:00;0.0;122.70981038092543;;71.9500199908234;;;;
2022-12-29 02:00:00;0.0;122.70981038092543;;73.0568846647356;;;;
2022-12-29 03:00:00;0.0;122.70981038092543;;76.68229144032594;;;;
2022-12-29 04:00:00;0.0;122.70981038092543;;82.56481087469581;;;;
2022-12-29 05:00:00;0.0;122.70981038092543;;90.2943771852801;;;;
2022-12-29 06:00:00;0.0;122.70981038092543;;99.34808442735292;;;;
2022-12-29 07:00:00;0.0;122.70981038092543;;109.1196732724559;;;;
2022-12-29 08:00:00;0.0;122.70981038092543;;118.9666436341899;;;;
2022-12-29 09:00:00;0.0;122.70981038092543;;128.2339091437009;;;;
2022-12-29 10:00:00;0.0;122.70981038092543;;136.3159975442371;;;;
2022-12-29 11:00:00;0.0;122.70981038092543;;142.6746211336538;;;;
2022-12-29 12:00:00;0.0;122.70981038092543;;146.8937537108515;;;;
2022-12-29 13:00:00;0.0;122.70981038092543;;148.6961617417105;;;;
2022-12-29 14:00:00;0.0;122.70981038092543;;147.9647807661029;;;;
2022-12-29 15:00:00;0.0;122.70981038092543;;144.7610465578849;;;;
2022-12-29 16:00:00;0.0;122.70981038092543;;139.3102666286171;;;;
2022-12-29 17:00:00;0.0;122.70981038092543;;131.987646404491;;;;
2022-12-29 18:00:00;0.0;122.70981038092543;;123.2946332608898;;;;
2022-12-29 19:00:00;0.0;122.70981038092543;;113.8401369461872;;;;
2022-12-29 20:00:00;0.0;122.70981038092543;;104.2987473516612;;;;
2022-12-29 21:00:00;0.0;122.70981038092543;;95.3643569114048;;;;
2022-12-29 22:00:00;0.0;122.70981038092543;;87.69219141932038;;;;
2022-12-29 23:00:00;0.0;122.70981038092543;;83.06225321672316;;;;
2022-12-30 00:00:00;0.0;122.70981038092543;;80.73923923270564;;;;
2022-12-30 01:00:00;0.0;122.70981038092543;;81.08887316793809;;;;
2022-12-30 02:00:00;0.0;122.70981038092543;;83.10368304417942;;;;
2022-12-30 03:00:00;0.0;122.70981038092543;;87.98941408314607;;;;
2022-12-30 04:00:00;0.0;122.70981038092543;;95.49312059965509;;;;
2022-12-30 05:00:00;0.0;122.70981038092543;;105.1912464536965;;;;
2022-12-30 06:00:00;0.0;122.70981038092543;;116.4987087640756;;;;
2022-12-30 07:00:00;0.0;122.70981038092543;;128.7068036229639;;;;
2022-12-30 08:00:00;0.0;122.70981038092543;;141.0341891289367;;;;
2022-12-30 09:00:00;0.0;122.70981038092543;;152.670281979747;;;;
2022-12-30 10:00:00;0.0;122.70981038092543;;162.8543857807759;;;;
2022-12-30 11:00:00;0.0;122.70981038092543;;170.9176302993774;;;;
2022-12-30 12:00:00;0.0;122.70981038092543;;176.3147326213683;;;;
2022-12-30 13:00:00;0.0;122.70981038092543;;178.6863602161013;;;;
2022-12-30 14:00:00;0.0;122.70981038092543;;177.8802472013914;;;;
2022-12-30 15:00:00;0.0;122.70981038092543;;173.971764173511;;;;
2022-12-30 16:00:00;0.0;122.70981038092543;;167.2451305301544;;;;
2022-12-30 17:00:00;0.0;122.70981038092543;;158.1654060550736;;;;
2022-12-30 18:00:00;0.0;122.70981038092543;;147.3790400317692;;;;
2022-12-30 19:00:00;0.0;122.70981038092543;;135.6509562156733;;;;
2022-12-30 20:00:00;0.0;122.70981038092543;;123.8204203069969;;;;
2022-12-30 21:00:00;0.0;122.70981038092543;;112.73393772288;;;;
2022-12-30 22:00:00;0.0;122.70981038092543;;103.1776833275596;;;;
2022-12-30 23:00:00;0.0;122.70981038092543;;96.4299457288988;;;;
2022-12-31 00:00:00;0.0;122.70981038092543;;92.40113462122537;;;;
2022-12-31 01:00:00;0.0;122.70981038092543;;91.4482686435896;;;;
2022-12-31 02:00:00;0.0;122.70981038092543;;93.11416322958056;;;;
2022-12-31 03:00:00;0.0;122.70981038092543;;97.9233105913373;;;;
2022-12-31 04:00:00;0.0;122.70981038092543;;105.5508160399223;;;;
2022-12-31 05:00:00;0.0;122.70981038092543;;115.4720023980657;;;;
2022-12-31 06:00:00;0.0;122.70981038092543;;126.9947809211686;;;;
2022-12-31 07:00:00;0.0;122.70981038092543;;139.3176790130208;;;;
2022-12-31 08:00:00;0.0;122.70981038092543;;151.5850038864407;;;;
2022-12-31 09:00:00;0.0;122.70981038092543;;162.9554091774752;;;;
2022-12-31 10:00:00;0.0;122.70981038092543;;172.653394832155;;;;
2022-12-31 11:00:00;0.0;122.70981038092543;;180.0005852223549;;;;
2022-12-31 12:00:00;0.0;122.70981038092543;;184.4946986606068;;;;
2022-12-31 13:00:00;0.0;122.70981038092543;;185.817170153673;;;;
2022-12-31 14:00:00;0.0;122.70981038092543;;183.8898198186097;;;;
2022-12-31 15:00:00;0.0;122.70981038092543;;178.8421043903145;;;;
2022-12-31 16:00:00;0.0;122.70981038092543;;171.0191253557123;;;;
2022-12-31 17:00:00;0.0;122.70981038092543;;160.9502244646898;;;;
2022-12-31 18:00:00;0.0;122.70981038092543;;149.3108913862433;;;;
2022-12-31 19:00:00;0.0;122.70981038092543;;136.8934737803939;;;;
2022-12-31 20:00:00;0.0;122.70981038092543;;124.5281352924408;;;;
2022-12-31 21:00:00;0.0;122.70981038092543;;113.0384259965534;;;;
2022-12-31 22:00:00;0.0;122.70981038092543;;103.1885941120993;;;;
2022-12-31 23:00:00;0.0;122.70981038092543;;65.69409754326054;;;;
