Unnamed: 0;Demand;Import limit;Export limit;Import price;Export price;Import emission factor;Export emission factor;Generic production
2022-01-01 00:00:00;0.0;55.9351611030405;;50.0;;;;
2022-01-01 01:00:00;0.0;55.9351611030405;;55.91875357455785;;;;
2022-01-01 02:00:00;0.0;55.9351611030405;;57.34591666294727;;;;
2022-01-01 03:00:00;0.0;55.9351611030405;;60.74772353138273;;;;
2022-01-01 04:00:00;0.0;55.9351611030405;;65.95661010693416;;;;
2022-01-01 05:00:00;0.0;55.9351611030405;;72.67512630332978;;;;
2022-01-01 06:00:00;0.0;55.9351611030405;;80.49984835089623;;;;
2022-01-01 07:00:00;0.0;55.9351611030405;;88.9415339242403;;;;
2022-01-01 08:00:00;0.0;55.9351611030405;;97.45640342956132;;;;
2022-01-01 09:00:00;0.0;55.9351611030405;;105.489098888308;;;;
2022-01-01 10:00:00;0.0;55.9351611030405;;112.5134541901375;;;;
2022-01-01 11:00:00;0.0;55.9351611030405;;118.0655126655991;;;;
2022-01-01 12:00:00;0.0;55.9351611030405;;121.7653345203079;;;;
2022-01-01 13:00:00;0.0;55.9351611030405;;123.3639653101656;;;;
2022-01-01 14:00:00;0.0;55.9351611030405;;122.757198020207;;;;
2022-01-01 15:00:00;0.0;55.9351611030405;;120.0025503679415;;;;
2022-01-01 16:00:00;0.0;55.9351611030405;;115.2948302105921;;;;
2022-01-01 17:00:00;0.0;55.9351611030405;;108.9703138603736;;;;
2022-01-01 18:00:00;0.0;55.9351611030405;;101.4765451013622;;;;
2022-01-01 19:00:00;0.0;55.9351611030405;;93.34036406925216;;;;
2022-01-01 20:00:00;0.0;55.9351611030405;;85.13709428995263;;;;
2022-01-01 21:00:00;0.0;55.9351611030405;;77.44836159412061;;;;
2022-01-01 22:00:00;0.0;55.9351611030405;;70.81626325996004;;;;
2022-01-01 23:00:00;0.0;55.9351611030405;;65.33510133266608;;;;
2022-01-02 00:00:00;0.0;55.9351611030405;;61.7381510636489;;;;
2022-01-02 01:00:00;0.0;55.9351611030405;;60.23715468155449;;;;
2022-01-02 02:00:00;0.0;55.9351611030405;;61.26308376313061;;;;
2022-01-02 03:00:00;0.0;55.9351611030405;;64.34457399628265;;;;
2022-01-02 04:00:00;0.0;55.9351611030405;;69.26240013679559;;;;
2022-01-02 05:00:00;0.0;55.9351611030405;;75.65992995226026;;;;
2022-01-02 06:00:00;0.0;55.9351611030405;;83.08158175919164;;;;
2022-01-02 07:00:00;0.0;55.9351611030405;;90.99974366775815;;;;
2022-01-02 08:00:00;0.0;55.9351611030405;;98.8637939073468;;;;
2022-01-02 09:00:00;0.0;55.9351611030405;;106.1170576502186;;;;
2022-01-02 10:00:00;0.0;55.9351611030405;;112.2494974547108;;;;
2022-01-02 11:00:00;0.0;55.9351611030405;;116.8259949130561;;;;
2022-01-02 12:00:00;0.0;55.9351611030405;;119.5294848896958;;;;
2022-01-02 13:00:00;0.0;55.9351611030405;;120.1686539462023;;;;
2022-01-02 14:00:00;0.0;55.9351611030405;;118.7000340857576;;;;
2022-01-02 15:00:00;0.0;55.9351611030405;;115.2211433017785;;;;
2022-01-02 16:00:00;0.0;55.9351611030405;;109.9650511727047;;;;
2022-01-02 17:00:00;0.0;55.9351611030405;;103.2836220686864;;;;
2022-01-02 18:00:00;0.0;55.9351611030405;;95.61883468536864;;;;
2022-01-02 19:00:00;0.0;55.9351611030405;;87.4787853046404;;;;
2022-01-02 20:00:00;0.0;55.9351611030405;;79.39598910727513;;;;
2022-01-02 21:00:00;0.0;55.9351611030405;;71.90163751359466;;;;
2022-01-02 22:00:00;0.0;55.9351611030405;;65.48275245437895;;;;
2022-01-02 23:00:00;0.0;55.9351611030405;;59.74726745407877;;;;
2022-01-03 00:00:00;0.0;55.9351611030405;;55.82038990991575;;;;
2022-01-03 01:00:00;0.0;55.9351611030405;;53.86000226594345;;;;
2022-01-03 02:00:00;0.0;55.9351611030405;;54.69140461964724;;;;
2022-01-03 03:00:00;0.0;55.9351611030405;;57.39318680128696;;;;
2022-01-03 04:00:00;0.0;55.9351611030405;;61.76077925967616;;;;
2022-01-03 05:00:00;0.0;55.9351611030405;;67.48736495084165;;;;
2022-01-03 06:00:00;0.0;55.9351611030405;;74.16931890525629;;;;
2022-01-03 07:00:00;0.0;55.9351611030405;;81.3527903319372;;;;
2022-01-03 08:00:00;0.0;55.9351611030405;;88.5451245377158;;;;
2022-01-03 09:00:00;0.0;55.9351611030405;;95.2607046877346;;;;
2022-01-03 10:00:00;0.0;55.9351611030405;;101.0349379987501;;;;
2022-01-03 11:00:00;0.0;55.9351611030405;;105.4797589554882;;;;
2022-01-03 12:00:00;0.0;55.9351611030405;;108.2956055577855;;;;
2022-01-03 13:00:00;0.0;55.9351611030405;;109.2976456975654;;;;
2022-01-03 14:00:00;0.0;55.9351611030405;;108.4169893227368;;;;
2022-01-03 15:00:00;0.0;55.9351611030405;;105.706915918301;;;;
2022-01-03 16:00:00;0.0;55.9351611030405;;101.3473512668337;;;;
2022-01-03 17:00:00;0.0;55.9351611030405;;95.6380313383903;;;;
2022-01-03 18:00:00;0.0;55.9351611030405;;88.96686650560665;;;;
2022-01-03 19:00:00;0.0;55.9351611030405;;81.79539481584183;;;;
2022-01-03 20:00:00;0.0;55.9351611030405;;74.6076399606948;;;;
2022-01-03 21:00:00;0.0;55.9351611030405;;67.90316453478349;;;;
2022-01-03 22:00:00;0.0;55.9351611030405;;62.14198994372011;;;;
2022-01-03 23:00:00;0.0;55.9351611030405;;57.08795370676771;;;;
2022-01-04 00:00:00;0.0;55.9351611030405;;53.70568344831108;;;;
2022-01-04 01:00:00;0.0;55.9351611030405;;52.17599250468825;;;;
2022-01-04 02:00:00;0.0;55.9351611030405;;53.189813953585;;;;
2022-01-04 03:00:00;0.0;55.9351611030405;;56.01442260867535;;;;
2022-01-04 04:00:00;0.0;55.9351611030405;;60.46670222065241;;;;
2022-01-04 05:00:00;0.0;55.9351611030405;;66.25467718625616;;;;
2022-01-04 06:00:00;0.0;55.9351611030405;;72.98766900073612;;;;
2022-01-04 07:00:00;0.0;55.9351611030405;;80.20264168685765;;;;
2022-01-04 08:00:00;0.0;55.9351611030405;;87.40484324732375;;;;
2022-01-04 09:00:00;0.0;55.9351611030405;;94.1003371041068;;;;
2022-01-04 10:00:00;0.0;55.9351611030405;;99.83040829832316;;;;
2022-01-04 11:00:00;0.0;55.9351611030405;;104.1947401105326;;;;
2022-01-04 12:00:00;0.0;55.9351611030405;;106.8916391307789;;;;
2022-01-04 13:00:00;0.0;55.9351611030405;;107.7329163740085;;;;
2022-01-04 14:00:00;0.0;55.9351611030405;;106.6592679652097;;;;
2022-01-04 15:00:00;0.0;55.9351611030405;;103.7385329871678;;;;
2022-01-04 16:00:00;0.0;55.9351611030405;;99.17024942831848;;;;
2022-01-04 17:00:00;0.0;55.9351611030405;;93.26535282302586;;;;
2022-01-04 18:00:00;0.0;55.9351611030405;;86.42549621176559;;;;
2022-01-04 19:00:00;0.0;55.9351611030405;;79.10848379638693;;;;
2022-01-04 20:00:00;0.0;55.9351611030405;;71.80674994598601;;;;
2022-01-04 21:00:00;0.0;55.9351611030405;;65.00820718140943;;;;
2022-01-04 22:00:00;0.0;55.9351611030405;;59.15895070550985;;;;
2022-01-04 23:00:00;0.0;55.9351611030405;;54.64269492338641;;;;
2022-01-05 00:00:00;0.0;55.9351611030405;;51.7241280201363;;;;
2022-01-05 01:00:00;0.0;55.9351611030405;;50.56810610186357;;;;
2022-01-05 02:00:00;0.0;55.9351611030405;;51.20007168424401;;;;
2022-01-05 03:00:00;0.0;55.9351611030405;;53.54186431570968;;;;
2022-01-05 04:00:00;0.0;55.9351611030405;;57.38671667924915;;;;
2022-01-05 05:00:00;0.0;55.9351611030405;;62.42647953399094;;;;
2022-01-05 06:00:00;0.0;55.9351611030405;;68.27411716327026;;;;
2022-01-05 07:00:00;0.0;55.9351611030405;;74.49093304540385;;;;
2022-01-05 08:00:00;0.0;55.9351611030405;;80.61826324188462;;;;
2022-01-05 09:00:00;0.0;55.9351611030405;;86.21103920314539;;;;
2022-01-05 10:00:00;0.0;55.9351611030405;;90.86692335008816;;;;
2022-01-05 11:00:00;0.0;55.9351611030405;;94.24621604287324;;;;
2022-01-05 12:00:00;0.0;55.9351611030405;;96.11029075030608;;;;
2022-01-05 13:00:00;0.0;55.9351611030405;;96.32157753192956;;;;
2022-01-05 14:00:00;0.0;55.9351611030405;;94.86684251859778;;;;
2022-01-05 15:00:00;0.0;55.9351611030405;;91.83181579964888;;;;
2022-01-05 16:00:00;0.0;55.9351611030405;;87.41558029810164;;;;
2022-01-05 17:00:00;0.0;55.9351611030405;;81.90327880931764;;;;
2022-01-05 18:00:00;0.0;55.9351611030405;;75.65818222328798;;;;
2022-01-05 19:00:00;0.0;55.9351611030405;;69.08037416769938;;;;
2022-01-05 20:00:00;0.0;55.9351611030405;;62.59284941930017;;;;
2022-01-05 21:00:00;0.0;55.9351611030405;;56.602394514247;;;;
2022-01-05 22:00:00;0.0;55.9351611030405;;51.4869280400512;;;;
2022-01-05 23:00:00;0.0;55.9351611030405;;50.0;;;;
2022-01-06 00:00:00;0.0;55.9351611030405;;50.0;;;;
2022-01-06 01:00:00;0.0;55.9351611030405;;50.0;;;;
2022-01-06 02:00:00;0.0;55.9351611030405;;50.0;;;;
2022-01-06 03:00:00;0.0;55.9351611030405;;50.0;;;;
2022-01-06 04:00:00;0.0;55.9351611030405;;52.56540186067849;;;;
2022-01-06 05:00:00;0.0;55.9351611030405;;57.48237317958097;;;;
2022-01-06 06:00:00;0.0;55.9351611030405;;63.24272395287863;;;;
2022-01-06 07:00:00;0.0;55.9351611030405;;69.46021605650122;;;;
2022-01-06 08:00:00;0.0;55.9351611030405;;75.72546238178424;;;;
2022-01-06 09:00:00;0.0;55.9351611030405;;81.62242317620587;;;;
2022-01-06 10:00:00;0.0;55.9351611030405;;86.76449785836411;;;;
2022-01-06 11:00:00;0.0;55.9351611030405;;90.80936603259984;;;;
2022-01-06 12:00:00;0.0;55.9351611030405;;93.49230187885132;;;;
2022-01-06 13:00:00;0.0;55.9351611030405;;94.63603924523102;;;;
2022-01-06 14:00:00;0.0;55.9351611030405;;94.17329883825596;;;;
2022-01-06 15:00:00;0.0;55.9351611030405;;92.1365258109486;;;;
2022-01-06 16:00:00;0.0;55.9351611030405;;88.66555312896728;;;;
2022-01-06 17:00:00;0.0;55.9351611030405;;83.9985717906605;;;;
2022-01-06 18:00:00;0.0;55.9351611030405;;78.46028884077043;;;;
2022-01-06 19:00:00;0.0;55.9351611030405;;72.44103492840827;;;;
2022-01-06 20:00:00;0.0;55.9351611030405;;66.36973109232382;;;;
2022-01-06 21:00:00;0.0;55.9351611030405;;60.6829837010592;;;;
2022-01-06 22:00:00;0.0;55.9351611030405;;55.80155496899795;;;;
2022-01-06 23:00:00;0.0;55.9351611030405;;52.84524283757186;;;;
2022-01-07 00:00:00;0.0;55.9351611030405;;51.35855191300678;;;;
2022-01-07 01:00:00;0.0;55.9351611030405;;51.57303705323156;;;;
2022-01-07 02:00:00;0.0;55.9351611030405;;52.8565810704391;;;;
2022-01-07 03:00:00;0.0;55.9351611030405;;55.96603386352655;;;;
2022-01-07 04:00:00;0.0;55.9351611030405;;60.7447138433201;;;;
2022-01-07 05:00:00;0.0;55.9351611030405;;66.91943472914957;;;;
2022-01-07 06:00:00;0.0;55.9351611030405;;74.11763983116411;;;;
2022-01-07 07:00:00;0.0;55.9351611030405;;81.88394141306887;;;;
2022-01-07 08:00:00;0.0;55.9351611030405;;89.72468201364316;;;;
2022-01-07 09:00:00;0.0;55.9351611030405;;97.12732342788144;;;;
2022-01-07 10:00:00;0.0;55.9351611030405;;103.6091521152489;;;;
2022-01-07 11:00:00;0.0;55.9351611030405;;108.7406623418886;;;;
2022-01-07 12:00:00;0.0;55.9351611030405;;112.1774635489161;;;;
2022-01-07 13:00:00;0.0;55.9351611030405;;113.6963047978527;;;;
2022-01-07 14:00:00;0.0;55.9351611030405;;113.1909360814569;;;;
2022-01-07 15:00:00;0.0;55.9351611030405;;110.7089034593737;;;;
2022-01-07 16:00:00;0.0;55.9351611030405;;106.419642465987;;;;
2022-01-07 17:00:00;0.0;55.9351611030405;;100.6388342782034;;;;
2022-01-07 18:00:00;0.0;55.9351611030405;;93.7729101781838;;;;
2022-01-07 19:00:00;0.0;55.9351611030405;;86.31672532371594;;;;
2022-01-07 20:00:00;0.0;55.9351611030405;;78.7937001633845;;;;
2022-01-07 21:00:00;0.0;55.9351611030405;;71.73798413199628;;;;
2022-01-07 22:00:00;0.0;55.9351611030405;;65.65220421502208;;;;
2022-01-07 23:00:00;0.0;55.9351611030405;;61.34917882071711;;;;
2022-01-08 00:00:00;0.0;55.9351611030405;;58.7825290419964;;;;
2022-01-08 01:00:00;0.0;55.9351611030405;;58.17535623213263;;;;
2022-01-08 02:00:00;0.0;55.9351611030405;;59.24146823693337;;;;
2022-01-08 03:00:00;0.0;55.9351611030405;;62.30599405492608;;;;
2022-01-08 04:00:00;0.0;55.9351611030405;;67.16090221112066;;;;
2022-01-08 05:00:00;0.0;55.9351611030405;;73.46853461933955;;;;
2022-01-08 06:00:00;0.0;55.9351611030405;;80.79228452202122;;;;
2022-01-08 07:00:00;0.0;55.9351611030405;;88.62853129113591;;;;
2022-01-08 08:00:00;0.0;55.9351611030405;;96.43355260764662;;;;
2022-01-08 09:00:00;0.0;55.9351611030405;;103.6688582316417;;;;
2022-01-08 10:00:00;0.0;55.9351611030405;;109.831197943103;;;;
2022-01-08 11:00:00;0.0;55.9351611030405;;114.4933074172172;;;;
2022-01-08 12:00:00;0.0;55.9351611030405;;117.3411918684147;;;;
2022-01-08 13:00:00;0.0;55.9351611030405;;118.1798585871394;;;;
2022-01-08 14:00:00;0.0;55.9351611030405;;116.9558772536256;;;;
2022-01-08 15:00:00;0.0;55.9351611030405;;113.7503275686286;;;;
2022-01-08 16:00:00;0.0;55.9351611030405;;108.7790162229148;;;;
2022-01-08 17:00:00;0.0;55.9351611030405;;102.3756233034537;;;;
2022-01-08 18:00:00;0.0;55.9351611030405;;94.97153247255736;;;;
2022-01-08 19:00:00;0.0;55.9351611030405;;87.06922106863804;;;;
2022-01-08 20:00:00;0.0;55.9351611030405;;79.20212175275329;;;;
2022-01-08 21:00:00;0.0;55.9351611030405;;71.89433343624611;;;;
2022-01-08 22:00:00;0.0;55.9351611030405;;65.63019694249496;;;;
2022-01-08 23:00:00;0.0;55.9351611030405;;60.4787682495223;;;;
2022-01-09 00:00:00;0.0;55.9351611030405;;57.11798092419983;;;;
2022-01-09 01:00:00;0.0;55.9351611030405;;55.73450429340036;;;;
2022-01-09 02:00:00;0.0;55.9351611030405;;56.73433080942023;;;;
2022-01-09 03:00:00;0.0;55.9351611030405;;59.680861641422;;;;
2022-01-09 04:00:00;0.0;55.9351611030405;;64.38068512125265;;;;
2022-01-09 05:00:00;0.0;55.9351611030405;;70.52197810657506;;;;
2022-01-09 06:00:00;0.0;55.9351611030405;;77.70081368648671;;;;
2022-01-09 07:00:00;0.0;55.9351611030405;;85.44138922012073;;;;
2022-01-09 08:00:00;0.0;55.9351611030405;;93.23253095061752;;;;
2022-01-09 09:00:00;0.0;55.9351611030405;;100.5538508584;;;;
2022-01-09 10:00:00;0.0;55.9351611030405;;106.9185337741729;;;;
2022-01-09 11:00:00;0.0;55.9351611030405;;111.899741036613;;;;
2022-01-09 12:00:00;0.0;55.9351611030405;;115.1672982966894;;;;
2022-01-09 13:00:00;0.0;55.9351611030405;;116.5057698562318;;;;
2022-01-09 14:00:00;0.0;55.9351611030405;;115.8307739016518;;;;
2022-01-09 15:00:00;0.0;55.9351611030405;;113.1892001112667;;;;
2022-01-09 16:00:00;0.0;55.9351611030405;;108.7681783586157;;;;
2022-01-09 17:00:00;0.0;55.9351611030405;;102.8713223186108;;;;
2022-01-09 18:00:00;0.0;55.9351611030405;;95.91265491679091;;;;
2022-01-09 19:00:00;0.0;55.9351611030405;;88.37147918148406;;;;
2022-01-09 20:00:00;0.0;55.9351611030405;;80.77877492988371;;;;
2022-01-09 21:00:00;0.0;55.9351611030405;;73.6696554559046;;;;
2022-01-09 22:00:00;0.0;55.9351611030405;;67.55581951487622;;;;
2022-01-09 23:00:00;0.0;55.9351611030405;;62.04001232171629;;;;
2022-01-10 00:00:00;0.0;55.9351611030405;;58.3307154697773;;;;
2022-01-10 01:00:00;0.0;55.9351611030405;;56.62924095006959;;;;
2022-01-10 02:00:00;0.0;55.9351611030405;;57.83987049200616;;;;
2022-01-10 03:00:00;0.0;55.9351611030405;;61.02203699960581;;;;
2022-01-10 04:00:00;0.0;55.9351611030405;;65.98458752087578;;;;
2022-01-10 05:00:00;0.0;55.9351611030405;;72.4100140140231;;;;
2022-01-10 06:00:00;0.0;55.9351611030405;;79.87973049421487;;;;
2022-01-10 07:00:00;0.0;55.9351611030405;;87.89149952148168;;;;
2022-01-10 08:00:00;0.0;55.9351611030405;;95.90673873318;;;;
2022-01-10 09:00:00;0.0;55.9351611030405;;103.377067512652;;;;
2022-01-10 10:00:00;0.0;55.9351611030405;;109.7964775095112;;;;
2022-01-10 11:00:00;0.0;55.9351611030405;;114.7271125017938;;;;
2022-01-10 12:00:00;0.0;55.9351611030405;;117.8266078913368;;;;
2022-01-10 13:00:00;0.0;55.9351611030405;;118.8777316880742;;;;
2022-01-10 14:00:00;0.0;55.9351611030405;;117.8034959337442;;;;
2022-01-10 15:00:00;0.0;55.9351611030405;;114.6812486080559;;;;
2022-01-10 16:00:00;0.0;55.9351611030405;;109.7213638357189;;;;
2022-01-10 17:00:00;0.0;55.9351611030405;;103.2626790938477;;;;
2022-01-10 18:00:00;0.0;55.9351611030405;;95.75304618135824;;;;
2022-01-10 19:00:00;0.0;55.9351611030405;;87.70429695109507;;;;
2022-01-10 20:00:00;0.0;55.9351611030405;;79.6613292818637;;;;
2022-01-10 21:00:00;0.0;55.9351611030405;;72.15802237267326;;;;
2022-01-10 22:00:00;0.0;55.9351611030405;;65.69491579683428;;;;
2022-01-10 23:00:00;0.0;55.9351611030405;;60.01204542285031;;;;
2022-01-11 00:00:00;0.0;55.9351611030405;;56.11484774671636;;;;
2022-01-11 01:00:00;0.0;55.9351611030405;;54.1602893843662;;;;
2022-01-11 02:00:00;0.0;55.9351611030405;;54.847219135503;;;;
2022-01-11 03:00:00;0.0;55.9351611030405;;57.36171246167602;;;;
2022-01-11 04:00:00;0.0;55.9351611030405;;61.48530046546772;;;;
2022-01-11 05:00:00;0.0;55.9351611030405;;66.88772256545725;;;;
2022-01-11 06:00:00;0.0;55.9351611030405;;73.15203417861494;;;;
2022-01-11 07:00:00;0.0;55.9351611030405;;79.8030807141596;;;;
2022-01-11 08:00:00;0.0;55.9351611030405;;86.34501634958974;;;;
2022-01-11 09:00:00;0.0;55.9351611030405;;92.29741016769438;;;;
2022-01-11 10:00:00;0.0;55.9351611030405;;97.23162762964492;;;;
2022-01-11 11:00:00;0.0;55.9351611030405;;100.7927493428019;;;;
2022-01-11 12:00:00;0.0;55.9351611030405;;102.717495931397;;;;
2022-01-11 13:00:00;0.0;55.9351611030405;;102.8671144293612;;;;
2022-01-11 14:00:00;0.0;55.9351611030405;;101.220363579608;;;;
2022-01-11 15:00:00;0.0;55.9351611030405;;97.88876782025667;;;;
2022-01-11 16:00:00;0.0;55.9351611030405;;93.08423562505678;;;;
2022-01-11 17:00:00;0.0;55.9351611030405;;87.1156263511967;;;;
2022-01-11 18:00:00;0.0;55.9351611030405;;80.37008205650635;;;;
2022-01-11 19:00:00;0.0;55.9351611030405;;73.27593856404225;;;;
2022-01-11 20:00:00;0.0;55.9351611030405;;66.28943633485974;;;;
2022-01-11 21:00:00;0.0;55.9351611030405;;59.84676613831334;;;;
2022-01-11 22:00:00;0.0;55.9351611030405;;54.34421045181058;;;;
2022-01-11 23:00:00;0.0;55.9351611030405;;50.11389925890683;;;;
2022-01-12 00:00:00;0.0;55.9351611030405;;50.0;;;;
2022-01-12 01:00:00;0.0;55.9351611030405;;50.0;;;;
2022-01-12 02:00:00;0.0;55.9351611030405;;50.0;;;;
2022-01-12 03:00:00;0.0;55.9351611030405;;50.0;;;;
2022-01-12 04:00:00;0.0;55.9351611030405;;52.78285038551299;;;;
2022-01-12 05:00:00;0.0;55.9351611030405;;57.5752281194886;;;;
2022-01-12 06:00:00;0.0;55.9351611030405;;63.18212275654571;;;;
2022-01-12 07:00:00;0.0;55.9351611030405;;69.21379727178015;;;;
2022-01-12 08:00:00;0.0;55.9351611030405;;75.25941213414035;;;;
2022-01-12 09:00:00;0.0;55.9351611030405;;80.90358828890936;;;;
2022-01-12 10:00:00;0.0;55.9351611030405;;85.76689557665702;;;;
2022-01-12 11:00:00;0.0;55.9351611030405;;89.51590814248058;;;;
2022-01-12 12:00:00;0.0;55.9351611030405;;91.9015191974025;;;;
2022-01-12 13:00:00;0.0;55.9351611030405;;92.7635423309381;;;;
2022-01-12 14:00:00;0.0;55.9351611030405;;92.04953814661911;;;;
2022-01-12 15:00:00;0.0;55.9351611030405;;89.80312368089719;;;;
2022-01-12 16:00:00;0.0;55.9351611030405;;86.17085329339109;;;;
2022-01-12 17:00:00;0.0;55.9351611030405;;81.39970747803959;;;;
2022-01-12 18:00:00;0.0;55.9351611030405;;75.81490224123233;;;;
2022-01-12 19:00:00;0.0;55.9351611030405;;69.79901217328978;;;;
2022-01-12 20:00:00;0.0;55.9351611030405;;63.76710008457297;;;;
2022-01-12 21:00:00;0.0;55.9351611030405;;58.14222619405399;;;;
2022-01-12 22:00:00;0.0;55.9351611030405;;53.31953214927726;;;;
2022-01-12 23:00:00;0.0;55.9351611030405;;50.2325677948372;;;;
2022-01-13 00:00:00;0.0;55.9351611030405;;50.0;;;;
2022-01-13 01:00:00;0.0;55.9351611030405;;50.0;;;;
2022-01-13 02:00:00;0.0;55.9351611030405;;50.0;;;;
2022-01-13 03:00:00;0.0;55.9351611030405;;52.37207856593515;;;;
2022-01-13 04:00:00;0.0;55.9351611030405;;56.70587588543114;;;;
2022-01-13 05:00:00;0.0;55.9351611030405;;62.32148136292644;;;;
2022-01-13 06:00:00;0.0;55.9351611030405;;68.8638748029784;;;;
2022-01-13 07:00:00;0.0;55.9351611030405;;75.91124413678932;;;;
2022-01-13 08:00:00;0.0;55.9351611030405;;83.00564339260899;;;;
2022-01-13 09:00:00;0.0;55.9351611030405;;89.67272525737789;;;;
2022-01-13 10:00:00;0.0;55.9351611030405;;95.46842976648344;;;;
2022-01-13 11:00:00;0.0;55.9351611030405;;99.99861491422824;;;;
2022-01-13 12:00:00;0.0;55.9351611030405;;102.9628017938788;;;;
2022-01-13 13:00:00;0.0;55.9351611030405;;104.1599589173112;;;;
2022-01-13 14:00:00;0.0;55.9351611030405;;103.5148961946396;;;;
2022-01-13 15:00:00;0.0;55.9351611030405;;101.0727066518242;;;;
2022-01-13 16:00:00;0.0;55.9351611030405;;97.00500724554436;;;;
2022-01-13 17:00:00;0.0;55.9351611030405;;91.59512645657593;;;;
2022-01-13 18:00:00;0.0;55.9351611030405;;85.22184074267047;;;;
2022-01-13 19:00:00;0.0;55.9351611030405;;78.331175834328;;;;
2022-01-13 20:00:00;0.0;55.9351611030405;;71.40461344861897;;;;
2022-01-13 21:00:00;0.0;55.9351611030405;;64.92325148574008;;;;
2022-01-13 22:00:00;0.0;55.9351611030405;;59.33806221717594;;;;
2022-01-13 23:00:00;0.0;55.9351611030405;;55.81647435916695;;;;
2022-01-14 00:00:00;0.0;55.9351611030405;;53.86555472901011;;;;
2022-01-14 01:00:00;0.0;55.9351611030405;;53.70146670031208;;;;
2022-01-14 02:00:00;0.0;55.9351611030405;;54.62990422223989;;;;
2022-01-14 03:00:00;0.0;55.9351611030405;;57.40188112638849;;;;
2022-01-14 04:00:00;0.0;55.9351611030405;;61.81828383925681;;;;
2022-01-14 05:00:00;0.0;55.9351611030405;;67.57410762355065;;;;
2022-01-14 06:00:00;0.0;55.9351611030405;;74.2670440641435;;;;
2022-01-14 07:00:00;0.0;55.9351611030405;;81.4269227378689;;;;
2022-01-14 08:00:00;0.0;55.9351611030405;;88.55395915487333;;;;
2022-01-14 09:00:00;0.0;55.9351611030405;;95.15322245753732;;;;
2022-01-14 10:00:00;0.0;55.9351611030405;;100.7772173963323;;;;
2022-01-14 11:00:00;0.0;55.9351611030405;;105.0335030480953;;;;
2022-01-14 12:00:00;0.0;55.9351611030405;;107.6357517824714;;;;
2022-01-14 13:00:00;0.0;55.9351611030405;;108.4008007120118;;;;
2022-01-14 14:00:00;0.0;55.9351611030405;;107.2819823049781;;;;
2022-01-14 15:00:00;0.0;55.9351611030405;;104.3515488857471;;;;
2022-01-14 16:00:00;0.0;55.9351611030405;;99.81353776334753;;;;
2022-01-14 17:00:00;0.0;55.9351611030405;;93.97112265969398;;;;
2022-01-14 18:00:00;0.0;55.9351611030405;;87.21727126042069;;;;
2022-01-14 19:00:00;0.0;55.9351611030405;;80.00216624149286;;;;
2022-01-14 20:00:00;0.0;55.9351611030405;;72.81774900568361;;;;
2022-01-14 21:00:00;0.0;55.9351611030405;;66.14419759132224;;;;
2022-01-14 22:00:00;0.0;55.9351611030405;;60.4346139539299;;;;
2022-01-14 23:00:00;0.0;55.9351611030405;;56.40879555521083;;;;
2022-01-15 00:00:00;0.0;55.9351611030405;;54.02131966171357;;;;
2022-01-15 01:00:00;0.0;55.9351611030405;;53.47367155439546;;;;
2022-01-15 02:00:00;0.0;55.9351611030405;;54.50880778391166;;;;
2022-01-15 03:00:00;0.0;55.9351611030405;;57.42858233603599;;;;
2022-01-15 04:00:00;0.0;55.9351611030405;;62.05048268316723;;;;
2022-01-15 05:00:00;0.0;55.9351611030405;;68.0835693649342;;;;
2022-01-15 06:00:00;0.0;55.9351611030405;;75.14479082854245;;;;
2022-01-15 07:00:00;0.0;55.9351611030405;;82.77908220861661;;;;
2022-01-15 08:00:00;0.0;55.9351611030405;;90.4965929915021;;;;
2022-01-15 09:00:00;0.0;55.9351611030405;;97.78906066718424;;;;
2022-01-15 10:00:00;0.0;55.9351611030405;;104.1827639610082;;;;
2022-01-15 11:00:00;0.0;55.9351611030405;;109.2572901140123;;;;
2022-01-15 12:00:00;0.0;55.9351611030405;;112.686652258842;;;;
2022-01-15 13:00:00;0.0;55.9351611030405;;114.2453013006516;;;;
2022-01-15 14:00:00;0.0;55.9351611030405;;113.8380946448153;;;;
2022-01-15 15:00:00;0.0;55.9351611030405;;111.5003622790386;;;;
2022-01-15 16:00:00;0.0;55.9351611030405;;107.3965027021351;;;;
2022-01-15 17:00:00;0.0;55.9351611030405;;101.8119483500806;;;;
2022-01-15 18:00:00;0.0;55.9351611030405;;95.14051300155177;;;;
2022-01-15 19:00:00;0.0;55.9351611030405;;87.86044879956029;;;;
2022-01-15 20:00:00;0.0;55.9351611030405;;80.49536786540762;;;;
2022-01-15 21:00:00;0.0;55.9351611030405;;73.58611654586474;;;;
2022-01-15 22:00:00;0.0;55.9351611030405;;67.64252566508435;;;;
2022-01-15 23:00:00;0.0;55.9351611030405;;62.7483584992757;;;;
2022-01-16 00:00:00;0.0;55.9351611030405;;59.6400210064337;;;;
2022-01-16 01:00:00;0.0;55.9351611030405;;58.55094640054197;;;;
2022-01-16 02:00:00;0.0;55.9351611030405;;59.9465794091014;;;;
2022-01-16 03:00:00;0.0;55.9351611030405;;63.39576864601549;;;;
2022-01-16 04:00:00;0.0;55.9351611030405;;68.71496862628042;;;;
2022-01-16 05:00:00;0.0;55.9351611030405;;75.58765937022577;;;;
2022-01-16 06:00:00;0.0;55.9351611030405;;83.58483641799523;;;;
2022-01-16 07:00:00;0.0;55.9351611030405;;92.18948436958324;;;;
2022-01-16 08:00:00;0.0;55.9351611030405;;100.8356780808304;;;;
2022-01-16 09:00:00;0.0;55.9351611030405;;108.946234703062;;;;
2022-01-16 10:00:00;0.0;55.9351611030405;;115.9772565538114;;;;
2022-01-16 11:00:00;0.0;55.9351611030405;;121.458871873034;;;;
2022-01-16 12:00:00;0.0;55.9351611030405;;125.0170599048966;;;;
2022-01-16 13:00:00;0.0;55.9351611030405;;126.4073846771263;;;;
2022-01-16 14:00:00;0.0;55.9351611030405;;125.5356515405518;;;;
2022-01-16 15:00:00;0.0;55.9351611030405;;122.4667744263236;;;;
2022-01-16 16:00:00;0.0;55.9351611030405;;117.4227856855532;;;;
2022-01-16 17:00:00;0.0;55.9351611030405;;110.7514298305005;;;;
2022-01-16 18:00:00;0.0;55.9351611030405;;102.9192508384251;;;;
2022-01-16 19:00:00;0.0;55.9351611030405;;94.47044159384176;;;;
2022-01-16 20:00:00;0.0;55.9351611030405;;85.98960940029767;;;;
2022-01-16 21:00:00;0.0;55.9351611030405;;78.05910335128333;;;;
2022-01-16 22:00:00;0.0;55.9351611030405;;71.21784211091011;;;;
2022-01-16 23:00:00;0.0;55.9351611030405;;65.04095394863411;;;;
2022-01-17 00:00:00;0.0;55.9351611030405;;60.78435017278893;;;;
2022-01-17 01:00:00;0.0;55.9351611030405;;58.62738476388643;;;;
2022-01-17 02:00:00;0.0;55.9351611030405;;59.4872420625678;;;;
2022-01-17 03:00:00;0.0;55.9351611030405;;62.33741645906402;;;;
2022-01-17 04:00:00;0.0;55.9351611030405;;66.94583531760591;;;;
2022-01-17 05:00:00;0.0;55.9351611030405;;72.96305677704777;;;;
2022-01-17 06:00:00;0.0;55.9351611030405;;79.93804083478766;;;;
2022-01-17 07:00:00;0.0;55.9351611030405;;87.36239215530819;;;;
2022-01-17 08:00:00;0.0;55.9351611030405;;94.69063827678384;;;;
2022-01-17 09:00:00;0.0;55.9351611030405;;101.393660188197;;;;
2022-01-17 10:00:00;0.0;55.9351611030405;;106.9850612800051;;;;
2022-01-17 11:00:00;0.0;55.9351611030405;;111.0717466270448;;;;
2022-01-17 12:00:00;0.0;55.9351611030405;;113.3645278804423;;;;
2022-01-17 13:00:00;0.0;55.9351611030405;;113.7012768255466;;;;
2022-01-17 14:00:00;0.0;55.9351611030405;;112.0409140508189;;;;
2022-01-17 15:00:00;0.0;55.9351611030405;;108.4910128965572;;;;
2022-01-17 16:00:00;0.0;55.9351611030405;;103.283295721903;;;;
2022-01-17 17:00:00;0.0;55.9351611030405;;96.76629520060013;;;;
2022-01-17 18:00:00;0.0;55.9351611030405;;89.36464943214804;;;;
2022-01-17 19:00:00;0.0;55.9351611030405;;81.55748883974496;;;;
2022-01-17 20:00:00;0.0;55.9351611030405;;73.8472016409871;;;;
2022-01-17 21:00:00;0.0;55.9351611030405;;66.72159662072853;;;;
2022-01-17 22:00:00;0.0;55.9351611030405;;60.62629380565473;;;;
2022-01-17 23:00:00;0.0;55.9351611030405;;55.30166040854501;;;;
2022-01-18 00:00:00;0.0;55.9351611030405;;51.66541725003915;;;;
2022-01-18 01:00:00;0.0;55.9351611030405;;50.0;;;;
2022-01-18 02:00:00;0.0;55.9351611030405;;50.52144591854893;;;;
2022-01-18 03:00:00;0.0;55.9351611030405;;52.90730564421369;;;;
2022-01-18 04:00:00;0.0;55.9351611030405;;56.82110524807712;;;;
2022-01-18 05:00:00;0.0;55.9351611030405;;61.96667559860763;;;;
2022-01-18 06:00:00;0.0;55.9351611030405;;67.97980172360187;;;;
2022-01-18 07:00:00;0.0;55.9351611030405;;74.43301124646518;;;;
2022-01-18 08:00:00;0.0;55.9351611030405;;80.88153595574397;;;;
2022-01-18 09:00:00;0.0;55.9351611030405;;86.8775775579885;;;;
2022-01-18 10:00:00;0.0;55.9351611030405;;92.01262596837668;;;;
2022-01-18 11:00:00;0.0;55.9351611030405;;95.93866502065212;;;;
2022-01-18 12:00:00;0.0;55.9351611030405;;98.38485005432356;;;;
2022-01-18 13:00:00;0.0;55.9351611030405;;99.18686545498304;;;;
2022-01-18 14:00:00;0.0;55.9351611030405;;98.28422165732604;;;;
2022-01-18 15:00:00;0.0;55.9351611030405;;95.74083638417991;;;;
2022-01-18 16:00:00;0.0;55.9351611030405;;91.72258526814632;;;;
2022-01-18 17:00:00;0.0;55.9351611030405;;86.49990360706556;;;;
2022-01-18 18:00:00;0.0;55.9351611030405;;80.4227835837847;;;;
2022-01-18 19:00:00;0.0;55.9351611030405;;73.90463711105664;;;;
2022-01-18 20:00:00;0.0;55.9351611030405;;67.38445129746808;;;;
2022-01-18 21:00:00;0.0;55.9351611030405;;61.31009203135105;;;;
2022-01-18 22:00:00;0.0;55.9351611030405;;56.0973344120644;;;;
2022-01-18 23:00:00;0.0;55.9351611030405;;52.11088130038198;;;;
2022-01-19 00:00:00;0.0;55.9351611030405;;50.0;;;;
2022-01-19 01:00:00;0.0;55.9351611030405;;50.0;;;;
2022-01-19 02:00:00;0.0;55.9351611030405;;50.0;;;;
2022-01-19 03:00:00;0.0;55.9351611030405;;52.47238064535244;;;;
2022-01-19 04:00:00;0.0;55.9351611030405;;56.67284258556798;;;;
2022-01-19 05:00:00;0.0;55.9351611030405;;62.12648336769817;;;;
2022-01-19 06:00:00;0.0;55.9351611030405;;68.47368432992626;;;;
2022-01-19 07:00:00;0.0;55.9351611030405;;75.29070265800432;;;;
2022-01-19 08:00:00;0.0;55.9351611030405;;82.11672908538699;;;;
2022-01-19 09:00:00;0.0;55.9351611030405;;88.48762316526313;;;;
2022-01-19 10:00:00;0.0;55.9351611030405;;93.96225557522403;;;;
2022-01-19 11:00:00;0.0;55.9351611030405;;98.17046840715687;;;;
2022-01-19 12:00:00;0.0;55.9351611030405;;100.8157405767337;;;;
2022-01-19 13:00:00;0.0;55.9351611030405;;101.7259187362004;;;;
2022-01-19 14:00:00;0.0;55.9351611030405;;100.831106003613;;;;
2022-01-19 15:00:00;0.0;55.9351611030405;;98.19861277880796;;;;
2022-01-19 16:00:00;0.0;55.9351611030405;;94.0039434289237;;;;
2022-01-19 17:00:00;0.0;55.9351611030405;;88.5369012850405;;;;
2022-01-19 18:00:00;0.0;55.9351611030405;;82.1684316634265;;;;
2022-01-19 19:00:00;0.0;55.9351611030405;;75.3303924390799;;;;
2022-01-19 20:00:00;0.0;55.9351611030405;;68.4877819336798;;;;
2022-01-19 21:00:00;0.0;55.9351611030405;;62.1057672686605;;;;
2022-01-19 22:00:00;0.0;55.9351611030405;;56.61303840525984;;;;
2022-01-19 23:00:00;0.0;55.9351611030405;;52.98283853811041;;;;
2022-01-20 00:00:00;0.0;55.9351611030405;;50.86454092319098;;;;
2022-01-20 01:00:00;0.0;55.9351611030405;;50.4451856027268;;;;
2022-01-20 02:00:00;0.0;55.9351611030405;;51.18042457820086;;;;
2022-01-20 03:00:00;0.0;55.9351611030405;;53.63737110958144;;;;
2022-01-20 04:00:00;0.0;55.9351611030405;;57.6158901314915;;;;
2022-01-20 05:00:00;0.0;55.9351611030405;;62.81539780750404;;;;
2022-01-20 06:00:00;0.0;55.9351611030405;;68.85326868521672;;;;
2022-01-20 07:00:00;0.0;55.9351611030405;;75.29587499098552;;;;
2022-01-20 08:00:00;0.0;55.9351611030405;;81.68328875590882;;;;
2022-01-20 09:00:00;0.0;55.9351611030405;;87.55929731379491;;;;
2022-01-20 10:00:00;0.0;55.9351611030405;;92.51139491575712;;;;
2022-01-20 11:00:00;0.0;55.9351611030405;;96.19413718816944;;;;
2022-01-20 12:00:00;0.0;55.9351611030405;;98.3524891964946;;;;
2022-01-20 13:00:00;0.0;55.9351611030405;;98.8350204875062;;;;
2022-01-20 14:00:00;0.0;55.9351611030405;;97.60403351849752;;;;
2022-01-20 15:00:00;0.0;55.9351611030405;;94.74509976365772;;;;
2022-01-20 16:00:00;0.0;55.9351611030405;;90.44225079239412;;;;
2022-01-20 17:00:00;0.0;55.9351611030405;;84.98316816465422;;;;
2022-01-20 18:00:00;0.0;55.9351611030405;;78.72530151883988;;;;
2022-01-20 19:00:00;0.0;55.9351611030405;;72.0864930551716;;;;
2022-01-20 20:00:00;0.0;55.9351611030405;;65.50442657855454;;;;
2022-01-20 21:00:00;0.0;55.9351611030405;;59.40914461608327;;;;
2022-01-20 22:00:00;0.0;55.9351611030405;;54.20073424605607;;;;
2022-01-20 23:00:00;0.0;55.9351611030405;;50.92193766592459;;;;
2022-01-21 00:00:00;0.0;55.9351611030405;;50.0;;;;
2022-01-21 01:00:00;0.0;55.9351611030405;;50.0;;;;
2022-01-21 02:00:00;0.0;55.9351611030405;;50.0;;;;
2022-01-21 03:00:00;0.0;55.9351611030405;;52.49410536882796;;;;
2022-01-21 04:00:00;0.0;55.9351611030405;;56.67647590652787;;;;
2022-01-21 05:00:00;0.0;55.9351611030405;;62.14978188910264;;;;
2022-01-21 06:00:00;0.0;55.9351611030405;;68.56181228820267;;;;
2022-01-21 07:00:00;0.0;55.9351611030405;;75.49864491349898;;;;
2022-01-21 08:00:00;0.0;55.9351611030405;;82.5138380106171;;;;
2022-01-21 09:00:00;0.0;55.9351611030405;;89.15393101191583;;;;
2022-01-21 10:00:00;0.0;55.9351611030405;;94.987352268158;;;;
2022-01-21 11:00:00;0.0;55.9351611030405;;99.63302012999011;;;;
2022-01-21 12:00:00;0.0;55.9351611030405;;102.7902448823703;;;;
2022-01-21 13:00:00;0.0;55.9351611030405;;104.2552754123811;;;;
2022-01-21 14:00:00;0.0;55.9351611030405;;103.9389944503791;;;;
2022-01-21 15:00:00;0.0;55.9351611030405;;101.8675993837817;;;;
2022-01-21 16:00:00;0.0;55.9351611030405;;98.18881583527728;;;;
2022-01-21 17:00:00;0.0;55.9351611030405;;93.16526485729946;;;;
2022-01-21 18:00:00;0.0;55.9351611030405;;87.1465253254241;;;;
2022-01-21 19:00:00;0.0;55.9351611030405;;80.56665675627488;;;;
2022-01-21 20:00:00;0.0;55.9351611030405;;73.89796012784682;;;;
2022-01-21 21:00:00;0.0;55.9351611030405;;67.63732360851891;;;;
2022-01-21 22:00:00;0.0;55.9351611030405;;62.25669314169353;;;;
2022-01-21 23:00:00;0.0;55.9351611030405;;58.52440338525847;;;;
2022-01-22 00:00:00;0.0;55.9351611030405;;56.42838119444023;;;;
2022-01-22 01:00:00;0.0;55.9351611030405;;56.21191468013198;;;;
2022-01-22 02:00:00;0.0;55.9351611030405;;57.64518556395528;;;;
2022-01-22 03:00:00;0.0;55.9351611030405;;61.06399160529109;;;;
2022-01-22 04:00:00;0.0;55.9351611030405;;66.29911042326779;;;;
2022-01-22 05:00:00;0.0;55.9351611030405;;73.05654133299086;;;;
2022-01-22 06:00:00;0.0;55.9351611030405;;80.92532440056323;;;;
2022-01-22 07:00:00;0.0;55.9351611030405;;89.41462608836503;;;;
2022-01-22 08:00:00;0.0;55.9351611030405;;97.97731757491675;;;;
2022-01-22 09:00:00;0.0;55.9351611030405;;106.0579504187694;;;;
2022-01-22 10:00:00;0.0;55.9351611030405;;113.1204498475116;;;;
2022-01-22 11:00:00;0.0;55.9351611030405;;118.7008381285433;;;;
2022-01-22 12:00:00;0.0;55.9351611030405;;122.422268134347;;;;
2022-01-22 13:00:00;0.0;55.9351611030405;;124.0378230534316;;;;
2022-01-22 14:00:00;0.0;55.9351611030405;;123.4406663949414;;;;
2022-01-22 15:00:00;0.0;55.9351611030405;;120.6762875790232;;;;
2022-01-22 16:00:00;0.0;55.9351611030405;;115.9494684019157;;;;
2022-01-22 17:00:00;0.0;55.9351611030405;;109.5917639952202;;;;
2022-01-22 18:00:00;0.0;55.9351611030405;;102.0610739356214;;;;
2022-01-22 19:00:00;0.0;55.9351611030405;;93.88127884762665;;;;
2022-01-22 20:00:00;0.0;55.9351611030405;;85.63535577333026;;;;
2022-01-22 21:00:00;0.0;55.9351611030405;;77.90413410441701;;;;
2022-01-22 22:00:00;0.0;55.9351611030405;;71.23362172290287;;;;
2022-01-22 23:00:00;0.0;55.9351611030405;;65.69513588169985;;;;
2022-01-23 00:00:00;0.0;55.9351611030405;;62.05395256160511;;;;
2022-01-23 01:00:00;0.0;55.9351611030405;;60.52147035786499;;;;
2022-01-23 02:00:00;0.0;55.9351611030405;;61.5573228483679;;;;
2022-01-23 03:00:00;0.0;55.9351611030405;;64.66080408346423;;;;
2022-01-23 04:00:00;0.0;55.9351611030405;;69.60948708020902;;;;
2022-01-23 05:00:00;0.0;55.9351611030405;;76.04501295893698;;;;
2022-01-23 06:00:00;0.0;55.9351611030405;;83.509351692648;;;;
2022-01-23 07:00:00;0.0;55.9351611030405;;91.47505072158664;;;;
2022-01-23 08:00:00;0.0;55.9351611030405;;99.37900558784108;;;;
2022-01-23 09:00:00;0.0;55.9351611030405;;106.6657198754674;;;;
2022-01-23 10:00:00;0.0;55.9351611030405;;112.826390998987;;;;
2022-01-23 11:00:00;0.0;55.9351611030405;;117.4260420604496;;;;
2022-01-23 12:00:00;0.0;55.9351611030405;;120.1416145285999;;;;
2022-01-23 13:00:00;0.0;55.9351611030405;;120.7846511126075;;;;
2022-01-23 14:00:00;0.0;55.9351611030405;;119.3117367490896;;;;
2022-01-23 15:00:00;0.0;55.9351611030405;;115.8227808478579;;;;
2022-01-23 16:00:00;0.0;55.9351611030405;;110.5451497824896;;;;
2022-01-23 17:00:00;0.0;55.9351611030405;;103.8286874359542;;;;
2022-01-23 18:00:00;0.0;55.9351611030405;;96.12102262517593;;;;
2022-01-23 19:00:00;0.0;55.9351611030405;;87.93219373508164;;;;
2022-01-23 20:00:00;0.0;55.9351611030405;;79.80445239932976;;;;
2022-01-23 21:00:00;0.0;55.9351611030405;;72.26931999073561;;;;
2022-01-23 22:00:00;0.0;55.9351611030405;;65.81453403128303;;;;
2022-01-23 23:00:00;0.0;55.9351611030405;;60.02557858587918;;;;
2022-01-24 00:00:00;0.0;55.9351611030405;;56.05580426136157;;;;
2022-01-24 01:00:00;0.0;55.9351611030405;;54.06176355663325;;;;
2022-01-24 02:00:00;0.0;55.9351611030405;;54.89422964650544;;;;
2022-01-24 03:00:00;0.0;55.9351611030405;;57.60067004738731;;;;
2022-01-24 04:00:00;0.0;55.9351611030405;;61.98486057390204;;;;
2022-01-24 05:00:00;0.0;55.9351611030405;;67.73275629315968;;;;
2022-01-24 06:00:00;0.0;55.9351611030405;;74.44501520772667;;;;
2022-01-24 07:00:00;0.0;55.9351611030405;;81.65417241362753;;;;
2022-01-24 08:00:00;0.0;55.9351611030405;;88.86968444662648;;;;
2022-01-24 09:00:00;0.0;55.9351611030405;;95.601709973984;;;;
2022-01-24 10:00:00;0.0;55.9351611030405;;101.3921756568437;;;;
2022-01-24 11:00:00;0.0;55.9351611030405;;105.8488518030483;;;;
2022-01-24 12:00:00;0.0;55.9351611030405;;108.6705210681581;;;;
2022-01-24 13:00:00;0.0;55.9351611030405;;109.668963020236;;;;
2022-01-24 14:00:00;0.0;55.9351611030405;;108.7805773907443;;;;
2022-01-24 15:00:00;0.0;55.9351611030405;;106.0569830521396;;;;
2022-01-24 16:00:00;0.0;55.9351611030405;;101.6837223427286;;;;
2022-01-24 17:00:00;0.0;55.9351611030405;;95.95461991446577;;;;
2022-01-24 18:00:00;0.0;55.9351611030405;;89.26259156381619;;;;
2022-01-24 19:00:00;0.0;55.9351611030405;;82.0634151288842;;;;
2022-01-24 20:00:00;0.0;55.9351611030405;;74.85053671139949;;;;
2022-01-24 21:00:00;0.0;55.9351611030405;;68.12427233201758;;;;
2022-01-24 22:00:00;0.0;55.9351611030405;;62.34834666172254;;;;
2022-01-24 23:00:00;0.0;55.9351611030405;;57.26210336085043;;;;
2022-01-25 00:00:00;0.0;55.9351611030405;;53.85230601360442;;;;
2022-01-25 01:00:00;0.0;55.9351611030405;;52.29934222385334;;;;
2022-01-25 02:00:00;0.0;55.9351611030405;;53.31692991796209;;;;
2022-01-25 03:00:00;0.0;55.9351611030405;;56.15095623834257;;;;
2022-01-25 04:00:00;0.0;55.9351611030405;;60.61587181652064;;;;
2022-01-25 05:00:00;0.0;55.9351611030405;;66.41349030923132;;;;
2022-01-25 06:00:00;0.0;55.9351611030405;;73.15541975022654;;;;
2022-01-25 07:00:00;0.0;55.9351611030405;;80.38196718117369;;;;
2022-01-25 08:00:00;0.0;55.9351611030405;;87.60240518115495;;;;
2022-01-25 09:00:00;0.0;55.9351611030405;;94.31789184734356;;;;
2022-01-25 10:00:00;0.0;55.9351611030405;;100.0648245526406;;;;
2022-01-25 11:00:00;0.0;55.9351611030405;;104.4440693232831;;;;
2022-01-25 12:00:00;0.0;55.9351611030405;;107.1528102490681;;;;
2022-01-25 13:00:00;0.0;55.9351611030405;;108.0038955775012;;;;
2022-01-25 14:00:00;0.0;55.9351611030405;;106.9305130653782;;;;
2022-01-25 15:00:00;0.0;55.9351611030405;;104.0013308482283;;;;
2022-01-25 16:00:00;0.0;55.9351611030405;;99.41913825048364;;;;
2022-01-25 17:00:00;0.0;55.9351611030405;;93.49466338188392;;;;
2022-01-25 18:00:00;0.0;55.9351611030405;;86.63627591148494;;;;
2022-01-25 19:00:00;0.0;55.9351611030405;;79.2995983183795;;;;
2022-01-25 20:00:00;0.0;55.9351611030405;;71.98336080369941;;;;
2022-01-25 21:00:00;0.0;55.9351611030405;;65.16676587363034;;;;
2022-01-25 22:00:00;0.0;55.9351611030405;;59.30001997352946;;;;
2022-01-25 23:00:00;0.0;55.9351611030405;;54.74905665558631;;;;
2022-01-26 00:00:00;0.0;55.9351611030405;;51.80324308093083;;;;
2022-01-26 01:00:00;0.0;55.9351611030405;;50.62466250633555;;;;
2022-01-26 02:00:00;0.0;55.9351611030405;;51.25947310139209;;;;
2022-01-26 03:00:00;0.0;55.9351611030405;;53.60590339080841;;;;
2022-01-26 04:00:00;0.0;55.9351611030405;;57.45809726919822;;;;
2022-01-26 05:00:00;0.0;55.9351611030405;;62.50607931886568;;;;
2022-01-26 06:00:00;0.0;55.9351611030405;;68.36350708608894;;;;
2022-01-26 07:00:00;0.0;55.9351611030405;;74.58708588596366;;;;
2022-01-26 08:00:00;0.0;55.9351611030405;;80.72390692474134;;;;
2022-01-26 09:00:00;0.0;55.9351611030405;;86.3222755519437;;;;
2022-01-26 10:00:00;0.0;55.9351611030405;;90.98661051135784;;;;
2022-01-26 11:00:00;0.0;55.9351611030405;;94.37727696569492;;;;
2022-01-26 12:00:00;0.0;55.9351611030405;;96.25412600680312;;;;
2022-01-26 13:00:00;0.0;55.9351611030405;;96.4759376038404;;;;
2022-01-26 14:00:00;0.0;55.9351611030405;;95.0205132974275;;;;
2022-01-26 15:00:00;0.0;55.9351611030405;;91.9802182183132;;;;
2022-01-26 16:00:00;0.0;55.9351611030405;;87.55435803566843;;;;
2022-01-26 17:00:00;0.0;55.9351611030405;;82.03463410562;;;;
2022-01-26 18:00:00;0.0;55.9351611030405;;75.77976199443695;;;;
2022-01-26 19:00:00;0.0;55.9351611030405;;69.19455701077986;;;;
2022-01-26 20:00:00;0.0;55.9351611030405;;62.69483175327356;;;;
2022-01-26 21:00:00;0.0;55.9351611030405;;56.69650996513521;;;;
2022-01-26 22:00:00;0.0;55.9351611030405;;51.57265934798495;;;;
2022-01-26 23:00:00;0.0;55.9351611030405;;50.0;;;;
2022-01-27 00:00:00;0.0;55.9351611030405;;50.0;;;;
2022-01-27 01:00:00;0.0;55.9351611030405;;50.0;;;;
2022-01-27 02:00:00;0.0;55.9351611030405;;50.0;;;;
2022-01-27 03:00:00;0.0;55.9351611030405;;50.0;;;;
2022-01-27 04:00:00;0.0;55.9351611030405;;52.59981091558684;;;;
2022-01-27 05:00:00;0.0;55.9351611030405;;57.52227843364518;;;;
2022-01-27 06:00:00;0.0;55.9351611030405;;63.28863473973318;;;;
2022-01-27 07:00:00;0.0;55.9351611030405;;69.51229717403235;;;;
2022-01-27 08:00:00;0.0;55.9351611030405;;75.78094370082502;;;;
2022-01-27 09:00:00;0.0;55.9351611030405;;81.68105116715567;;;;
2022-01-27 10:00:00;0.0;55.9351611030405;;86.82988687492514;;;;
2022-01-27 11:00:00;0.0;55.9351611030405;;90.88443861384704;;;;
2022-01-27 12:00:00;0.0;55.9351611030405;;93.57699491005675;;;;
2022-01-27 13:00:00;0.0;55.9351611030405;;94.72623527315012;;;;
2022-01-27 14:00:00;0.0;55.9351611030405;;94.26855106374728;;;;
2022-01-27 15:00:00;0.0;55.9351611030405;;92.23350995904671;;;;
2022-01-27 16:00:00;0.0;55.9351611030405;;88.76444450122496;;;;
2022-01-27 17:00:00;0.0;55.9351611030405;;84.09608975343482;;;;
2022-01-27 18:00:00;0.0;55.9351611030405;;78.5547311186686;;;;
2022-01-27 19:00:00;0.0;55.9351611030405;;72.52891090732436;;;;
2022-01-27 20:00:00;0.0;55.9351611030405;;66.44731116393444;;;;
2022-01-27 21:00:00;0.0;55.9351611030405;;60.75249935328969;;;;
2022-01-27 22:00:00;0.0;55.9351611030405;;55.86360211874025;;;;
2022-01-27 23:00:00;0.0;55.9351611030405;;52.88411658153076;;;;
2022-01-28 00:00:00;0.0;55.9351611030405;;51.37462665878721;;;;
2022-01-28 01:00:00;0.0;55.9351611030405;;51.56722628780742;;;;
2022-01-28 02:00:00;0.0;55.9351611030405;;52.84951802458895;;;;
2022-01-28 03:00:00;0.0;55.9351611030405;;55.95576245755804;;;;
2022-01-28 04:00:00;0.0;55.9351611030405;;60.7324207104507;;;;
2022-01-28 05:00:00;0.0;55.9351611030405;;66.90529680801252;;;;
2022-01-28 06:00:00;0.0;55.9351611030405;;74.10009861753386;;;;
2022-01-28 07:00:00;0.0;55.9351611030405;;81.86680616889181;;;;
2022-01-28 08:00:00;0.0;55.9351611030405;;89.70868454069006;;;;
2022-01-28 09:00:00;0.0;55.9351611030405;;97.11642173757028;;;;
2022-01-28 10:00:00;0.0;55.9351611030405;;103.5962808888943;;;;
2022-01-28 11:00:00;0.0;55.9351611030405;;108.7271401313077;;;;
2022-01-28 12:00:00;0.0;55.9351611030405;;112.1620017743996;;;;
2022-01-28 13:00:00;0.0;55.9351611030405;;113.6784016776352;;;;
2022-01-28 14:00:00;0.0;55.9351611030405;;113.1700055663408;;;;
2022-01-28 15:00:00;0.0;55.9351611030405;;110.6802287922165;;;;
2022-01-28 16:00:00;0.0;55.9351611030405;;106.3930421600732;;;;
2022-01-28 17:00:00;0.0;55.9351611030405;;100.6121106494153;;;;
2022-01-28 18:00:00;0.0;55.9351611030405;;93.75402928760656;;;;
2022-01-28 19:00:00;0.0;55.9351611030405;;86.29796235016141;;;;
2022-01-28 20:00:00;0.0;55.9351611030405;;78.77624982274538;;;;
2022-01-28 21:00:00;0.0;55.9351611030405;;71.72217991753755;;;;
2022-01-28 22:00:00;0.0;55.9351611030405;;65.64077958030838;;;;
2022-01-28 23:00:00;0.0;55.9351611030405;;61.31809791597831;;;;
2022-01-29 00:00:00;0.0;55.9351611030405;;58.72735481690971;;;;
2022-01-29 01:00:00;0.0;55.9351611030405;;58.09395193522394;;;;
2022-01-29 02:00:00;0.0;55.9351611030405;;59.15607287918192;;;;
2022-01-29 03:00:00;0.0;55.9351611030405;;62.216147486898;;;;
2022-01-29 04:00:00;0.0;55.9351611030405;;67.06316343070006;;;;
2022-01-29 05:00:00;0.0;55.9351611030405;;73.3584872780078;;;;
2022-01-29 06:00:00;0.0;55.9351611030405;;80.66890749154125;;;;
2022-01-29 07:00:00;0.0;55.9351611030405;;88.48524965060322;;;;
2022-01-29 08:00:00;0.0;55.9351611030405;;96.2742256887898;;;;
2022-01-29 09:00:00;0.0;55.9351611030405;;103.4933279089906;;;;
2022-01-29 10:00:00;0.0;55.9351611030405;;109.6497095763307;;;;
2022-01-29 11:00:00;0.0;55.9351611030405;;114.3144005576924;;;;
2022-01-29 12:00:00;0.0;55.9351611030405;;117.1681043691137;;;;
2022-01-29 13:00:00;0.0;55.9351611030405;;118.0117262163584;;;;
2022-01-29 14:00:00;0.0;55.9351611030405;;116.7882969267926;;;;
2022-01-29 15:00:00;0.0;55.9351611030405;;113.5790341684289;;;;
2022-01-29 16:00:00;0.0;55.9351611030405;;108.609426095693;;;;
2022-01-29 17:00:00;0.0;55.9351611030405;;102.2144111158272;;;;
2022-01-29 18:00:00;0.0;55.9351611030405;;94.83064559281004;;;;
2022-01-29 19:00:00;0.0;55.9351611030405;;86.94772133627359;;;;
2022-01-29 20:00:00;0.0;55.9351611030405;;79.0951474678204;;;;
2022-01-29 21:00:00;0.0;55.9351611030405;;71.79847333569262;;;;
2022-01-29 22:00:00;0.0;55.9351611030405;;65.54732125413608;;;;
2022-01-29 23:00:00;0.0;55.9351611030405;;60.38674379964909;;;;
2022-01-30 00:00:00;0.0;55.9351611030405;;57.01111783877945;;;;
2022-01-30 01:00:00;0.0;55.9351611030405;;55.61052860359109;;;;
2022-01-30 02:00:00;0.0;55.9351611030405;;56.61040110692776;;;;
2022-01-30 03:00:00;0.0;55.9351611030405;;59.55688273342637;;;;
2022-01-30 04:00:00;0.0;55.9351611030405;;64.24952113219727;;;;
2022-01-30 05:00:00;0.0;55.9351611030405;;70.38142569626616;;;;
2022-01-30 06:00:00;0.0;55.9351611030405;;77.54531414208657;;;;
2022-01-30 07:00:00;0.0;55.9351611030405;;85.26790168040571;;;;
2022-01-30 08:00:00;0.0;55.9351611030405;;93.03455516922264;;;;
2022-01-30 09:00:00;0.0;55.9351611030405;;100.3288440522144;;;;
2022-01-30 10:00:00;0.0;55.9351611030405;;106.6685360514665;;;;
2022-01-30 11:00:00;0.0;55.9351611030405;;111.6371286935429;;;;
2022-01-30 12:00:00;0.0;55.9351611030405;;114.9005111715561;;;;
2022-01-30 13:00:00;0.0;55.9351611030405;;116.2413454837142;;;;
2022-01-30 14:00:00;0.0;55.9351611030405;;115.567261246565;;;;
2022-01-30 15:00:00;0.0;55.9351611030405;;112.9330514080831;;;;
2022-01-30 16:00:00;0.0;55.9351611030405;;108.5203380700426;;;;
2022-01-30 17:00:00;0.0;55.9351611030405;;102.6357344438198;;;;
2022-01-30 18:00:00;0.0;55.9351611030405;;95.6881870603914;;;;
2022-01-30 19:00:00;0.0;55.9351611030405;;88.16071215969481;;;;
2022-01-30 20:00:00;0.0;55.9351611030405;;80.5804674208933;;;;
2022-01-30 21:00:00;0.0;55.9351611030405;;73.48543730649085;;;;
2022-01-30 22:00:00;0.0;55.9351611030405;;67.38505989936897;;;;
2022-01-30 23:00:00;0.0;55.9351611030405;;61.86108578967257;;;;
2022-01-31 00:00:00;0.0;55.9351611030405;;58.13848095504299;;;;
2022-01-31 01:00:00;0.0;55.9351611030405;;56.41693726322603;;;;
2022-01-31 02:00:00;0.0;55.9351611030405;;57.61920723013949;;;;
2022-01-31 03:00:00;0.0;55.9351611030405;;60.7856325849829;;;;
2022-01-31 04:00:00;0.0;55.9351611030405;;65.72481807116839;;;;
2022-01-31 05:00:00;0.0;55.9351611030405;;72.12435360974999;;;;
2022-01-31 06:00:00;0.0;55.9351611030405;;79.56354237200719;;;;
2022-01-31 07:00:00;0.0;55.9351611030405;;87.54846757040156;;;;
2022-01-31 08:00:00;0.0;55.9351611030405;;95.53859575956;;;;
2022-01-31 09:00:00;0.0;55.9351611030405;;102.9928922550106;;;;
2022-01-31 10:00:00;0.0;55.9351611030405;;109.394795440801;;;;
2022-01-31 11:00:00;0.0;55.9351611030405;;114.3102677873234;;;;
2022-01-31 12:00:00;0.0;55.9351611030405;;117.394444020774;;;;
2022-01-31 13:00:00;0.0;55.9351611030405;;118.4401026614968;;;;
2022-01-31 14:00:00;0.0;55.9351611030405;;117.3705312821636;;;;
2022-01-31 15:00:00;0.0;55.9351611030405;;114.2624033332888;;;;
2022-01-31 16:00:00;0.0;55.9351611030405;;109.327322969592;;;;
2022-01-31 17:00:00;0.0;55.9351611030405;;102.9014435370015;;;;
2022-01-31 18:00:00;0.0;55.9351611030405;;95.42222476033112;;;;
2022-01-31 19:00:00;0.0;55.9351611030405;;87.40470453913399;;;;
2022-01-31 20:00:00;0.0;55.9351611030405;;79.38713448835756;;;;
2022-01-31 21:00:00;0.0;55.9351611030405;;71.91101798745215;;;;
2022-01-31 22:00:00;0.0;55.9351611030405;;65.46676565451276;;;;
2022-01-31 23:00:00;0.0;55.9351611030405;;59.78176258527123;;;;
2022-02-01 00:00:00;0.0;55.9351611030405;;55.87594703490929;;;;
2022-02-01 01:00:00;0.0;55.9351611030405;;53.90724930034551;;;;
2022-02-01 02:00:00;0.0;55.9351611030405;;54.58935982140899;;;;
2022-02-01 03:00:00;0.0;55.9351611030405;;57.09444806890622;;;;
2022-02-01 04:00:00;0.0;55.9351611030405;;61.20006501807226;;;;
2022-02-01 05:00:00;0.0;55.9351611030405;;66.57766908914653;;;;
2022-02-01 06:00:00;0.0;55.9351611030405;;72.8104383400956;;;;
2022-02-01 07:00:00;0.0;55.9351611030405;;79.43136755571737;;;;
2022-02-01 08:00:00;0.0;55.9351611030405;;85.94725880096053;;;;
2022-02-01 09:00:00;0.0;55.9351611030405;;91.8839846723222;;;;
2022-02-01 10:00:00;0.0;55.9351611030405;;96.80559425473504;;;;
2022-02-01 11:00:00;0.0;55.9351611030405;;100.3574122488984;;;;
2022-02-01 12:00:00;0.0;55.9351611030405;;102.2767393141008;;;;
2022-02-01 13:00:00;0.0;55.9351611030405;;102.4268567357834;;;;
2022-02-01 14:00:00;0.0;55.9351611030405;;100.7899365959947;;;;
2022-02-01 15:00:00;0.0;55.9351611030405;;97.47089714643684;;;;
2022-02-01 16:00:00;0.0;55.9351611030405;;92.68718449779698;;;;
2022-02-01 17:00:00;0.0;55.9351611030405;;86.74640556788299;;;;
2022-02-01 18:00:00;0.0;55.9351611030405;;80.03294098489725;;;;
2022-02-01 19:00:00;0.0;55.9351611030405;;72.97360892136943;;;;
2022-02-01 20:00:00;0.0;55.9351611030405;;66.01860986032949;;;;
2022-02-01 21:00:00;0.0;55.9351611030405;;59.60511324691927;;;;
2022-02-01 22:00:00;0.0;55.9351611030405;;54.12463785077382;;;;
2022-02-01 23:00:00;0.0;55.9351611030405;;50.0;;;;
2022-02-02 00:00:00;0.0;55.9351611030405;;50.0;;;;
2022-02-02 01:00:00;0.0;55.9351611030405;;50.0;;;;
2022-02-02 02:00:00;0.0;55.9351611030405;;50.0;;;;
2022-02-02 03:00:00;0.0;55.9351611030405;;50.0;;;;
2022-02-02 04:00:00;0.0;55.9351611030405;;52.49319033618725;;;;
2022-02-02 05:00:00;0.0;55.9351611030405;;57.26228001718521;;;;
2022-02-02 06:00:00;0.0;55.9351611030405;;62.84366678311046;;;;
2022-02-02 07:00:00;0.0;55.9351611030405;;68.84604721629728;;;;
2022-02-02 08:00:00;0.0;55.9351611030405;;74.8576689667719;;;;
2022-02-02 09:00:00;0.0;55.9351611030405;;80.46990043767458;;;;
2022-02-02 10:00:00;0.0;55.9351611030405;;85.2989637597537;;;;
2022-02-02 11:00:00;0.0;55.9351611030405;;89.02245271820347;;;;
2022-02-02 12:00:00;0.0;55.9351611030405;;91.38954504727424;;;;
2022-02-02 13:00:00;0.0;55.9351611030405;;92.24772055109337;;;;
2022-02-02 14:00:00;0.0;55.9351611030405;;91.53733933725306;;;;
2022-02-02 15:00:00;0.0;55.9351611030405;;89.3029175450055;;;;
2022-02-02 16:00:00;0.0;55.9351611030405;;85.69308882749282;;;;
2022-02-02 17:00:00;0.0;55.9351611030405;;80.94797344886989;;;;
2022-02-02 18:00:00;0.0;55.9351611030405;;75.39089819932225;;;;
2022-02-02 19:00:00;0.0;55.9351611030405;;69.40570913705841;;;;
2022-02-02 20:00:00;0.0;55.9351611030405;;63.40730694931996;;;;
2022-02-02 21:00:00;0.0;55.9351611030405;;57.8124976276148;;;;
2022-02-02 22:00:00;0.0;55.9351611030405;;53.01445812609347;;;;
2022-02-02 23:00:00;0.0;55.9351611030405;;50.0;;;;
2022-02-03 00:00:00;0.0;55.9351611030405;;50.0;;;;
2022-02-03 01:00:00;0.0;55.9351611030405;;50.0;;;;
2022-02-03 02:00:00;0.0;55.9351611030405;;50.0;;;;
2022-02-03 03:00:00;0.0;55.9351611030405;;52.02055878579248;;;;
2022-02-03 04:00:00;0.0;55.9351611030405;;56.32342511964895;;;;
2022-02-03 05:00:00;0.0;55.9351611030405;;61.90184327593142;;;;
2022-02-03 06:00:00;0.0;55.9351611030405;;68.40026070591541;;;;
2022-02-03 07:00:00;0.0;55.9351611030405;;75.39476019483332;;;;
2022-02-03 08:00:00;0.0;55.9351611030405;;82.43070701010441;;;;
2022-02-03 09:00:00;0.0;55.9351611030405;;89.04547654715387;;;;
2022-02-03 10:00:00;0.0;55.9351611030405;;94.79826873456844;;;;
2022-02-03 11:00:00;0.0;55.9351611030405;;99.29462418937088;;;;
2022-02-03 12:00:00;0.0;55.9351611030405;;102.2336739931254;;;;
2022-02-03 13:00:00;0.0;55.9351611030405;;103.417159180752;;;;
2022-02-03 14:00:00;0.0;55.9351611030405;;102.7736769054242;;;;
2022-02-03 15:00:00;0.0;55.9351611030405;;100.3457057412884;;;;
2022-02-03 16:00:00;0.0;55.9351611030405;;96.30601789854478;;;;
2022-02-03 17:00:00;0.0;55.9351611030405;;90.935086617659;;;;
2022-02-03 18:00:00;0.0;55.9351611030405;;84.60868217159623;;;;
2022-02-03 19:00:00;0.0;55.9351611030405;;77.76945255525983;;;;
2022-02-03 20:00:00;0.0;55.9351611030405;;70.89291999184184;;;;
2022-02-03 21:00:00;0.0;55.9351611030405;;64.45892296452892;;;;
2022-02-03 22:00:00;0.0;55.9351611030405;;58.9147118813291;;;;
2022-02-03 23:00:00;0.0;55.9351611030405;;55.40047079746077;;;;
2022-02-04 00:00:00;0.0;55.9351611030405;;53.4442034472067;;;;
2022-02-04 01:00:00;0.0;55.9351611030405;;53.25546206731327;;;;
2022-02-04 02:00:00;0.0;55.9351611030405;;54.17170307372017;;;;
2022-02-04 03:00:00;0.0;55.9351611030405;;56.91665898197034;;;;
2022-02-04 04:00:00;0.0;55.9351611030405;;61.29754925793536;;;;
2022-02-04 05:00:00;0.0;55.9351611030405;;67.0039878960408;;;;
2022-02-04 06:00:00;0.0;55.9351611030405;;73.63818556969098;;;;
2022-02-04 07:00:00;0.0;55.9351611030405;;80.73371956973035;;;;
2022-02-04 08:00:00;0.0;55.9351611030405;;87.79652391602052;;;;
2022-02-04 09:00:00;0.0;55.9351611030405;;94.33975878589492;;;;
2022-02-04 10:00:00;0.0;55.9351611030405;;99.91237847388766;;;;
2022-02-04 11:00:00;0.0;55.9351611030405;;104.1335240997434;;;;
2022-02-04 12:00:00;0.0;55.9351611030405;;106.7126467229769;;;;
2022-02-04 13:00:00;0.0;55.9351611030405;;107.4779239045797;;;;
2022-02-04 14:00:00;0.0;55.9351611030405;;106.3755839753673;;;;
2022-02-04 15:00:00;0.0;55.9351611030405;;103.4772610637528;;;;
2022-02-04 16:00:00;0.0;55.9351611030405;;98.97427552650689;;;;
2022-02-04 17:00:00;0.0;55.9351611030405;;93.1748937597476;;;;
2022-02-04 18:00:00;0.0;55.9351611030405;;86.47378850411593;;;;
2022-02-04 19:00:00;0.0;55.9351611030405;;79.32323724119743;;;;
2022-02-04 20:00:00;0.0;55.9351611030405;;72.20329072129283;;;;
2022-02-04 21:00:00;0.0;55.9351611030405;;65.58932231530353;;;;
2022-02-04 22:00:00;0.0;55.9351611030405;;59.92848747094171;;;;
2022-02-04 23:00:00;0.0;55.9351611030405;;55.9162544188302;;;;
2022-02-05 00:00:00;0.0;55.9351611030405;;53.52887684150158;;;;
2022-02-05 01:00:00;0.0;55.9351611030405;;52.96700390599452;;;;
2022-02-05 02:00:00;0.0;55.9351611030405;;53.99381810560005;;;;
2022-02-05 03:00:00;0.0;55.9351611030405;;56.88606767243775;;;;
2022-02-05 04:00:00;0.0;55.9351611030405;;61.46398791374143;;;;
2022-02-05 05:00:00;0.0;55.9351611030405;;67.44077609794834;;;;
2022-02-05 06:00:00;0.0;55.9351611030405;;74.43301955084107;;;;
2022-02-05 07:00:00;0.0;55.9351611030405;;81.98956881012971;;;;
2022-02-05 08:00:00;0.0;55.9351611030405;;89.62384077727845;;;;
2022-02-05 09:00:00;0.0;55.9351611030405;;96.8405089251114;;;;
2022-02-05 10:00:00;0.0;55.9351611030405;;103.1761390562717;;;;
2022-02-05 11:00:00;0.0;55.9351611030405;;108.2059522087465;;;;
2022-02-05 12:00:00;0.0;55.9351611030405;;111.6083792884265;;;;
2022-02-05 13:00:00;0.0;55.9351611030405;;113.1546144060707;;;;
2022-02-05 14:00:00;0.0;55.9351611030405;;112.7559568521291;;;;
2022-02-05 15:00:00;0.0;55.9351611030405;;110.434292851842;;;;
2022-02-05 16:00:00;0.0;55.9351611030405;;106.3652721623282;;;;
2022-02-05 17:00:00;0.0;55.9351611030405;;100.832875664919;;;;
2022-02-05 18:00:00;0.0;55.9351611030405;;94.2315801224994;;;;
2022-02-05 19:00:00;0.0;55.9351611030405;;87.02647004655893;;;;
2022-02-05 20:00:00;0.0;55.9351611030405;;79.73750092840788;;;;
2022-02-05 21:00:00;0.0;55.9351611030405;;72.89630660516266;;;;
2022-02-05 22:00:00;0.0;55.9351611030405;;67.01132322284468;;;;
2022-02-05 23:00:00;0.0;55.9351611030405;;62.14177096778721;;;;
2022-02-06 00:00:00;0.0;55.9351611030405;;59.04463842295627;;;;
2022-02-06 01:00:00;0.0;55.9351611030405;;57.94569646179397;;;;
2022-02-06 02:00:00;0.0;55.9351611030405;;59.32806098273852;;;;
2022-02-06 03:00:00;0.0;55.9351611030405;;62.74291930930043;;;;
2022-02-06 04:00:00;0.0;55.9351611030405;;68.01006441086018;;;;
2022-02-06 05:00:00;0.0;55.9351611030405;;74.81604300371836;;;;
2022-02-06 06:00:00;0.0;55.9351611030405;;82.7293914793027;;;;
2022-02-06 07:00:00;0.0;55.9351611030405;;91.2425111979959;;;;
2022-02-06 08:00:00;0.0;55.9351611030405;;99.79447421828786;;;;
2022-02-06 09:00:00;0.0;55.9351611030405;;107.8203306020771;;;;
2022-02-06 10:00:00;0.0;55.9351611030405;;114.7807270539612;;;;
2022-02-06 11:00:00;0.0;55.9351611030405;;120.2042761298848;;;;
2022-02-06 12:00:00;0.0;55.9351611030405;;123.72478681135;;;;
2022-02-06 13:00:00;0.0;55.9351611030405;;125.1044597508787;;;;
2022-02-06 14:00:00;0.0;55.9351611030405;;124.2505704487608;;;;
2022-02-06 15:00:00;0.0;55.9351611030405;;121.2229666148957;;;;
2022-02-06 16:00:00;0.0;55.9351611030405;;116.2318717585709;;;;
2022-02-06 17:00:00;0.0;55.9351611030405;;109.6261286481555;;;;
2022-02-06 18:00:00;0.0;55.9351611030405;;101.8723460215823;;;;
2022-02-06 19:00:00;0.0;55.9351611030405;;93.5033685513098;;;;
2022-02-06 20:00:00;0.0;55.9351611030405;;85.10240681263194;;;;
2022-02-06 21:00:00;0.0;55.9351611030405;;77.24791206327332;;;;
2022-02-06 22:00:00;0.0;55.9351611030405;;70.47682018692416;;;;
2022-02-06 23:00:00;0.0;55.9351611030405;;64.34399163662474;;;;
2022-02-07 00:00:00;0.0;55.9351611030405;;60.10781824586351;;;;
2022-02-07 01:00:00;0.0;55.9351611030405;;57.94954040299592;;;;
2022-02-07 02:00:00;0.0;55.9351611030405;;58.79944276509224;;;;
2022-02-07 03:00:00;0.0;55.9351611030405;;61.61621600398675;;;;
2022-02-07 04:00:00;0.0;55.9351611030405;;66.17269369860716;;;;
2022-02-07 05:00:00;0.0;55.9351611030405;;72.11766252192261;;;;
2022-02-07 06:00:00;0.0;55.9351611030405;;79.01088325790452;;;;
2022-02-07 07:00:00;0.0;55.9351611030405;;86.34143566485552;;;;
2022-02-07 08:00:00;0.0;55.9351611030405;;93.57652162482329;;;;
2022-02-07 09:00:00;0.0;55.9351611030405;;100.1957153349323;;;;
2022-02-07 10:00:00;0.0;55.9351611030405;;105.726176027209;;;;
2022-02-07 11:00:00;0.0;55.9351611030405;;109.7757540547718;;;;
2022-02-07 12:00:00;0.0;55.9351611030405;;112.0480074409784;;;;
2022-02-07 13:00:00;0.0;55.9351611030405;;112.3802599234068;;;;
2022-02-07 14:00:00;0.0;55.9351611030405;;110.7363733336125;;;;
2022-02-07 15:00:00;0.0;55.9351611030405;;107.227929560367;;;;
2022-02-07 16:00:00;0.0;55.9351611030405;;102.0838371860065;;;;
2022-02-07 17:00:00;0.0;55.9351611030405;;95.64402963260471;;;;
2022-02-07 18:00:00;0.0;55.9351611030405;;88.32816531456776;;;;
2022-02-07 19:00:00;0.0;55.9351611030405;;80.61062123129219;;;;
2022-02-07 20:00:00;0.0;55.9351611030405;;72.98650640638749;;;;
2022-02-07 21:00:00;0.0;55.9351611030405;;65.94081225447258;;;;
2022-02-07 22:00:00;0.0;55.9351611030405;;59.91314176494579;;;;
2022-02-07 23:00:00;0.0;55.9351611030405;;54.62959700249716;;;;
2022-02-08 00:00:00;0.0;55.9351611030405;;51.01712141356261;;;;
2022-02-08 01:00:00;0.0;55.9351611030405;;50.0;;;;
2022-02-08 02:00:00;0.0;55.9351611030405;;50.0;;;;
2022-02-08 03:00:00;0.0;55.9351611030405;;52.21727069511464;;;;
2022-02-08 04:00:00;0.0;55.9351611030405;;56.07886210048414;;;;
2022-02-08 05:00:00;0.0;55.9351611030405;;61.15848780551025;;;;
2022-02-08 06:00:00;0.0;55.9351611030405;;67.09225542323036;;;;
2022-02-08 07:00:00;0.0;55.9351611030405;;73.46274880255493;;;;
2022-02-08 08:00:00;0.0;55.9351611030405;;79.82707763804703;;;;
2022-02-08 09:00:00;0.0;55.9351611030405;;85.74331597492136;;;;
2022-02-08 10:00:00;0.0;55.9351611030405;;90.80880320937824;;;;
2022-02-08 11:00:00;0.0;55.9351611030405;;94.67868688157054;;;;
2022-02-08 12:00:00;0.0;55.9351611030405;;97.09330590119808;;;;
2022-02-08 13:00:00;0.0;55.9351611030405;;97.88556425788488;;;;
2022-02-08 14:00:00;0.0;55.9351611030405;;96.99844209998044;;;;
2022-02-08 15:00:00;0.0;55.9351611030405;;94.49046230498584;;;;
2022-02-08 16:00:00;0.0;55.9351611030405;;90.52528580675964;;;;
2022-02-08 17:00:00;0.0;55.9351611030405;;85.3706333460085;;;;
2022-02-08 18:00:00;0.0;55.9351611030405;;79.37437192975902;;;;
2022-02-08 19:00:00;0.0;55.9351611030405;;72.94273134768945;;;;
2022-02-08 20:00:00;0.0;55.9351611030405;;66.51194095480906;;;;
2022-02-08 21:00:00;0.0;55.9351611030405;;60.51815917000032;;;;
2022-02-08 22:00:00;0.0;55.9351611030405;;55.3785267820306;;;;
2022-02-08 23:00:00;0.0;55.9351611030405;;51.42816032638149;;;;
2022-02-09 00:00:00;0.0;55.9351611030405;;50.0;;;;
2022-02-09 01:00:00;0.0;55.9351611030405;;50.0;;;;
2022-02-09 02:00:00;0.0;55.9351611030405;;50.0;;;;
2022-02-09 03:00:00;0.0;55.9351611030405;;51.75360062677025;;;;
2022-02-09 04:00:00;0.0;55.9351611030405;;55.89200959328801;;;;
2022-02-09 05:00:00;0.0;55.9351611030405;;61.26964146828782;;;;
2022-02-09 06:00:00;0.0;55.9351611030405;;67.52758811574198;;;;
2022-02-09 07:00:00;0.0;55.9351611030405;;74.24981139508958;;;;
2022-02-09 08:00:00;0.0;55.9351611030405;;80.98070150287788;;;;
2022-02-09 09:00:00;0.0;55.9351611030405;;87.26453439498323;;;;
2022-02-09 10:00:00;0.0;55.9351611030405;;92.66844134216308;;;;
2022-02-09 11:00:00;0.0;55.9351611030405;;96.82023070380944;;;;
2022-02-09 12:00:00;0.0;55.9351611030405;;99.43800213963956;;;;
2022-02-09 13:00:00;0.0;55.9351611030405;;100.3377612364737;;;;
2022-02-09 14:00:00;0.0;55.9351611030405;;99.46191309972578;;;;
2022-02-09 15:00:00;0.0;55.9351611030405;;96.86523283943689;;;;
2022-02-09 16:00:00;0.0;55.9351611030405;;92.73058920652258;;;;
2022-02-09 17:00:00;0.0;55.9351611030405;;87.33326522132096;;;;
2022-02-09 18:00:00;0.0;55.9351611030405;;81.04064755398376;;;;
2022-02-09 19:00:00;0.0;55.9351611030405;;74.28721486051438;;;;
2022-02-09 20:00:00;0.0;55.9351611030405;;67.53472088232492;;;;
2022-02-09 21:00:00;0.0;55.9351611030405;;61.24139182582334;;;;
2022-02-09 22:00:00;0.0;55.9351611030405;;55.82429639511497;;;;
2022-02-09 23:00:00;0.0;55.9351611030405;;52.22455275062443;;;;
2022-02-10 00:00:00;0.0;55.9351611030405;;50.11598061553494;;;;
2022-02-10 01:00:00;0.0;55.9351611030405;;50.0;;;;
2022-02-10 02:00:00;0.0;55.9351611030405;;50.40042955380482;;;;
2022-02-10 03:00:00;0.0;55.9351611030405;;52.8158637086385;;;;
2022-02-10 04:00:00;0.0;55.9351611030405;;56.73378770685788;;;;
2022-02-10 05:00:00;0.0;55.9351611030405;;61.85541834664959;;;;
2022-02-10 06:00:00;0.0;55.9351611030405;;67.80589875945472;;;;
2022-02-10 07:00:00;0.0;55.9351611030405;;74.15048382236198;;;;
2022-02-10 08:00:00;0.0;55.9351611030405;;80.43711418627113;;;;
2022-02-10 09:00:00;0.0;55.9351611030405;;86.22245343107558;;;;
2022-02-10 10:00:00;0.0;55.9351611030405;;91.10039455256263;;;;
2022-02-10 11:00:00;0.0;55.9351611030405;;94.73136792262775;;;;
2022-02-10 12:00:00;0.0;55.9351611030405;;96.85771724638649;;;;
2022-02-10 13:00:00;0.0;55.9351611030405;;97.33705882442828;;;;
2022-02-10 14:00:00;0.0;55.9351611030405;;96.1313707519458;;;;
2022-02-10 15:00:00;0.0;55.9351611030405;;93.31701053003864;;;;
2022-02-10 16:00:00;0.0;55.9351611030405;;89.07882698967437;;;;
2022-02-10 17:00:00;0.0;55.9351611030405;;83.69710771706062;;;;
2022-02-10 18:00:00;0.0;55.9351611030405;;77.53433559417795;;;;
2022-02-10 19:00:00;0.0;55.9351611030405;;70.99585304153223;;;;
2022-02-10 20:00:00;0.0;55.9351611030405;;64.51416834640054;;;;
2022-02-10 21:00:00;0.0;55.9351611030405;;58.51167051515775;;;;
2022-02-10 22:00:00;0.0;55.9351611030405;;53.38146981392386;;;;
2022-02-10 23:00:00;0.0;55.9351611030405;;50.13432504609778;;;;
2022-02-11 00:00:00;0.0;55.9351611030405;;50.0;;;;
2022-02-11 01:00:00;0.0;55.9351611030405;;50.0;;;;
2022-02-11 02:00:00;0.0;55.9351611030405;;50.0;;;;
2022-02-11 03:00:00;0.0;55.9351611030405;;51.64241980671638;;;;
2022-02-11 04:00:00;0.0;55.9351611030405;;55.75755127287287;;;;
2022-02-11 05:00:00;0.0;55.9351611030405;;61.14106280651923;;;;
2022-02-11 06:00:00;0.0;55.9351611030405;;67.44668989943526;;;;
2022-02-11 07:00:00;0.0;55.9351611030405;;74.27010981140515;;;;
2022-02-11 08:00:00;0.0;55.9351611030405;;81.16817830527151;;;;
2022-02-11 09:00:00;0.0;55.9351611030405;;87.6963931993463;;;;
2022-02-11 10:00:00;0.0;55.9351611030405;;93.43351061642218;;;;
2022-02-11 11:00:00;0.0;55.9351611030405;;98.0092277956862;;;;
2022-02-11 12:00:00;0.0;55.9351611030405;;101.1188699156969;;;;
2022-02-11 13:00:00;0.0;55.9351611030405;;102.5605078395353;;;;
2022-02-11 14:00:00;0.0;55.9351611030405;;102.2452125947367;;;;
2022-02-11 15:00:00;0.0;55.9351611030405;;100.2048760877477;;;;
2022-02-11 16:00:00;0.0;55.9351611030405;;96.58355083974504;;;;
2022-02-11 17:00:00;0.0;55.9351611030405;;91.63697321200527;;;;
2022-02-11 18:00:00;0.0;55.9351611030405;;85.71659758843745;;;;
2022-02-11 19:00:00;0.0;55.9351611030405;;79.24460935223766;;;;
2022-02-11 20:00:00;0.0;55.9351611030405;;72.6874985818456;;;;
2022-02-11 21:00:00;0.0;55.9351611030405;;66.52830468747834;;;;
2022-02-11 22:00:00;0.0;55.9351611030405;;61.23365819255406;;;;
2022-02-11 23:00:00;0.0;55.9351611030405;;57.54092183348087;;;;
2022-02-12 00:00:00;0.0;55.9351611030405;;55.45991788007017;;;;
2022-02-12 01:00:00;0.0;55.9351611030405;;55.22818542903618;;;;
2022-02-12 02:00:00;0.0;55.9351611030405;;56.63958163835716;;;;
2022-02-12 03:00:00;0.0;55.9351611030405;;60.00164802572893;;;;
2022-02-12 04:00:00;0.0;55.9351611030405;;65.14932465712789;;;;
2022-02-12 05:00:00;0.0;55.9351611030405;;71.7925816309178;;;;
2022-02-12 06:00:00;0.0;55.9351611030405;;79.5293104013605;;;;
2022-02-12 07:00:00;0.0;55.9351611030405;;87.87714959929644;;;;
2022-02-12 08:00:00;0.0;55.9351611030405;;96.29735640657954;;;;
2022-02-12 09:00:00;0.0;55.9351611030405;;104.241870945095;;;;
2022-02-12 10:00:00;0.0;55.9351611030405;;111.177534633415;;;;
2022-02-12 11:00:00;0.0;55.9351611030405;;116.6531839854334;;;;
2022-02-12 12:00:00;0.0;55.9351611030405;;120.2988680389109;;;;
2022-02-12 13:00:00;0.0;55.9351611030405;;121.876587471108;;;;
2022-02-12 14:00:00;0.0;55.9351611030405;;121.2773338447843;;;;
2022-02-12 15:00:00;0.0;55.9351611030405;;118.5562410674451;;;;
2022-02-12 16:00:00;0.0;55.9351611030405;;113.9098568827554;;;;
2022-02-12 17:00:00;0.0;55.9351611030405;;107.6683068649786;;;;
2022-02-12 18:00:00;0.0;55.9351611030405;;100.2637170883665;;;;
2022-02-12 19:00:00;0.0;55.9351611030405;;92.2233937856772;;;;
2022-02-12 20:00:00;0.0;55.9351611030405;;84.11668458276598;;;;
2022-02-12 21:00:00;0.0;55.9351611030405;;76.51925220863987;;;;
2022-02-12 22:00:00;0.0;55.9351611030405;;69.96501087217192;;;;
2022-02-12 23:00:00;0.0;55.9351611030405;;64.4994632419528;;;;
2022-02-13 00:00:00;0.0;55.9351611030405;;60.8978223501667;;;;
2022-02-13 01:00:00;0.0;55.9351611030405;;59.36790180601565;;;;
2022-02-13 02:00:00;0.0;55.9351611030405;;60.3818193610704;;;;
2022-02-13 03:00:00;0.0;55.9351611030405;;63.42656487750696;;;;
2022-02-13 04:00:00;0.0;55.9351611030405;;68.28164218093875;;;;
2022-02-13 05:00:00;0.0;55.9351611030405;;74.59235139204726;;;;
2022-02-13 06:00:00;0.0;55.9351611030405;;81.910877660037;;;;
2022-02-13 07:00:00;0.0;55.9351611030405;;89.71762367260696;;;;
2022-02-13 08:00:00;0.0;55.9351611030405;;97.4657150970248;;;;
2022-02-13 09:00:00;0.0;55.9351611030405;;104.6088480929595;;;;
2022-02-13 10:00:00;0.0;55.9351611030405;;110.6422915287983;;;;
2022-02-13 11:00:00;0.0;55.9351611030405;;115.144900294473;;;;
2022-02-13 12:00:00;0.0;55.9351611030405;;117.8073995512119;;;;
2022-02-13 13:00:00;0.0;55.9351611030405;;118.4402043902478;;;;
2022-02-13 14:00:00;0.0;55.9351611030405;;116.9986977301976;;;;
2022-02-13 15:00:00;0.0;55.9351611030405;;113.5715527980002;;;;
2022-02-13 16:00:00;0.0;55.9351611030405;;108.3871298586238;;;;
2022-02-13 17:00:00;0.0;55.9351611030405;;101.7952583438112;;;;
2022-02-13 18:00:00;0.0;55.9351611030405;;94.23255221580604;;;;
2022-02-13 19:00:00;0.0;55.9351611030405;;86.20531360581623;;;;
2022-02-13 20:00:00;0.0;55.9351611030405;;78.23794937567996;;;;
2022-02-13 21:00:00;0.0;55.9351611030405;;70.85241749179323;;;;
2022-02-13 22:00:00;0.0;55.9351611030405;;64.52693534636981;;;;
2022-02-13 23:00:00;0.0;55.9351611030405;;58.83296088716511;;;;
2022-02-14 00:00:00;0.0;55.9351611030405;;54.92189779995695;;;;
2022-02-14 01:00:00;0.0;55.9351611030405;;52.94753063853442;;;;
2022-02-14 02:00:00;0.0;55.9351611030405;;53.76310129571207;;;;
2022-02-14 03:00:00;0.0;55.9351611030405;;56.41550995069649;;;;
2022-02-14 04:00:00;0.0;55.9351611030405;;60.70564706096546;;;;
2022-02-14 05:00:00;0.0;55.9351611030405;;66.32956039555387;;;;
2022-02-14 06:00:00;0.0;55.9351611030405;;72.89748229892692;;;;
2022-02-14 07:00:00;0.0;55.9351611030405;;79.9578965791813;;;;
2022-02-14 08:00:00;0.0;55.9351611030405;;87.02581032321905;;;;
2022-02-14 09:00:00;0.0;55.9351611030405;;93.62190352012264;;;;
2022-02-14 10:00:00;0.0;55.9351611030405;;99.30113591166923;;;;
2022-02-14 11:00:00;0.0;55.9351611030405;;103.6794024750824;;;;
2022-02-14 12:00:00;0.0;55.9351611030405;;106.4549828750969;;;;
2022-02-14 13:00:00;0.0;55.9351611030405;;107.4406611349075;;;;
2022-02-14 14:00:00;0.0;55.9351611030405;;106.569034101756;;;;
2022-02-14 15:00:00;0.0;55.9351611030405;;103.8998587771118;;;;
2022-02-14 16:00:00;0.0;55.9351611030405;;99.6112490292841;;;;
2022-02-14 17:00:00;0.0;55.9351611030405;;93.99629476713535;;;;
2022-02-14 18:00:00;0.0;55.9351611030405;;87.43735930433039;;;;
2022-02-14 19:00:00;0.0;55.9351611030405;;80.38114784990059;;;;
2022-02-14 20:00:00;0.0;55.9351611030405;;73.31300904373805;;;;
2022-02-14 21:00:00;0.0;55.9351611030405;;66.71750346737593;;;;
2022-02-14 22:00:00;0.0;55.9351611030405;;61.05522519808051;;;;
2022-02-14 23:00:00;0.0;55.9351611030405;;56.05089350298595;;;;
2022-02-15 00:00:00;0.0;55.9351611030405;;52.69595055739588;;;;
2022-02-15 01:00:00;0.0;55.9351611030405;;51.16023180583069;;;;
2022-02-15 02:00:00;0.0;55.9351611030405;;52.15783910425676;;;;
2022-02-15 03:00:00;0.0;55.9351611030405;;54.92838399763609;;;;
2022-02-15 04:00:00;0.0;55.9351611030405;;59.29191665950593;;;;
2022-02-15 05:00:00;0.0;55.9351611030405;;64.96328702954665;;;;
2022-02-15 06:00:00;0.0;55.9351611030405;;71.55643986305958;;;;
2022-02-15 07:00:00;0.0;55.9351611030405;;78.62093631226404;;;;
2022-02-15 08:00:00;0.0;55.9351611030405;;85.6763118152916;;;;
2022-02-15 09:00:00;0.0;55.9351611030405;;92.23651100289229;;;;
2022-02-15 10:00:00;0.0;55.9351611030405;;97.84996029358491;;;;
2022-02-15 11:00:00;0.0;55.9351611030405;;102.1240806304734;;;;
2022-02-15 12:00:00;0.0;55.9351611030405;;104.7649589212361;;;;
2022-02-15 13:00:00;0.0;55.9351611030405;;105.5903554469107;;;;
2022-02-15 14:00:00;0.0;55.9351611030405;;104.5389354817864;;;;
2022-02-15 15:00:00;0.0;55.9351611030405;;101.6801086353561;;;;
2022-02-15 16:00:00;0.0;55.9351611030405;;97.20322269303408;;;;
2022-02-15 17:00:00;0.0;55.9351611030405;;91.41283879806709;;;;
2022-02-15 18:00:00;0.0;55.9351611030405;;84.70427933942824;;;;
2022-02-15 19:00:00;0.0;55.9351611030405;;77.53267596990355;;;;
2022-02-15 20:00:00;0.0;55.9351611030405;;70.37771108486753;;;;
2022-02-15 21:00:00;0.0;55.9351611030405;;63.71454362983911;;;;
2022-02-15 22:00:00;0.0;55.9351611030405;;57.976861991405;;;;
2022-02-15 23:00:00;0.0;55.9351611030405;;53.50735531920161;;;;
2022-02-16 00:00:00;0.0;55.9351611030405;;50.60580295314888;;;;
2022-02-16 01:00:00;0.0;55.9351611030405;;50.0;;;;
2022-02-16 02:00:00;0.0;55.9351611030405;;50.04660835288956;;;;
2022-02-16 03:00:00;0.0;55.9351611030405;;52.33440886538787;;;;
2022-02-16 04:00:00;0.0;55.9351611030405;;56.09526612203673;;;;
2022-02-16 05:00:00;0.0;55.9351611030405;;61.0266938767558;;;;
2022-02-16 06:00:00;0.0;55.9351611030405;;66.74662222913275;;;;
2022-02-16 07:00:00;0.0;55.9351611030405;;72.82687755356355;;;;
2022-02-16 08:00:00;0.0;55.9351611030405;;78.81743033323737;;;;
2022-02-16 09:00:00;0.0;55.9351611030405;;84.28566906357213;;;;
2022-02-16 10:00:00;0.0;55.9351611030405;;88.83363650956089;;;;
2022-02-16 11:00:00;0.0;55.9351611030405;;92.14306382728968;;;;
2022-02-16 12:00:00;0.0;55.9351611030405;;93.97050665162786;;;;
2022-02-16 13:00:00;0.0;55.9351611030405;;94.18766701476486;;;;
2022-02-16 14:00:00;0.0;55.9351611030405;;92.76609411241368;;;;
2022-02-16 15:00:00;0.0;55.9351611030405;;89.80049550342002;;;;
2022-02-16 16:00:00;0.0;55.9351611030405;;85.48160446817536;;;;
2022-02-16 17:00:00;0.0;55.9351611030405;;80.09126803232013;;;;
2022-02-16 18:00:00;0.0;55.9351611030405;;73.98345631375997;;;;
2022-02-16 19:00:00;0.0;55.9351611030405;;67.55131552365444;;;;
2022-02-16 20:00:00;0.0;55.9351611030405;;61.20683541763089;;;;
2022-02-16 21:00:00;0.0;55.9351611030405;;55.34956901486089;;;;
2022-02-16 22:00:00;0.0;55.9351611030405;;50.34777248622002;;;;
2022-02-16 23:00:00;0.0;55.9351611030405;;50.0;;;;
2022-02-17 00:00:00;0.0;55.9351611030405;;50.0;;;;
2022-02-17 01:00:00;0.0;55.9351611030405;;50.0;;;;
2022-02-17 02:00:00;0.0;55.9351611030405;;50.0;;;;
2022-02-17 03:00:00;0.0;55.9351611030405;;50.0;;;;
2022-02-17 04:00:00;0.0;55.9351611030405;;51.28994296477575;;;;
2022-02-17 05:00:00;0.0;55.9351611030405;;56.08678710169445;;;;
2022-02-17 06:00:00;0.0;55.9351611030405;;61.70856091398791;;;;
2022-02-17 07:00:00;0.0;55.9351611030405;;67.77583643365904;;;;
2022-02-17 08:00:00;0.0;55.9351611030405;;73.88611361908637;;;;
2022-02-17 09:00:00;0.0;55.9351611030405;;79.63511616273911;;;;
2022-02-17 10:00:00;0.0;55.9351611030405;;84.65101913382358;;;;
2022-02-17 11:00:00;0.0;55.9351611030405;;88.60105367002046;;;;
2022-02-17 12:00:00;0.0;55.9351611030405;;91.225552986247;;;;
2022-02-17 13:00:00;0.0;55.9351611030405;;92.34948722712268;;;;
2022-02-17 14:00:00;0.0;55.9351611030405;;91.90093287981348;;;;
2022-02-17 15:00:00;0.0;55.9351611030405;;89.91444163191512;;;;
2022-02-17 16:00:00;0.0;55.9351611030405;;86.52637467669634;;;;
2022-02-17 17:00:00;0.0;55.9351611030405;;81.97131602282292;;;;
2022-02-17 18:00:00;0.0;55.9351611030405;;76.56826724247752;;;;
2022-02-17 19:00:00;0.0;55.9351611030405;;70.6951772856854;;;;
2022-02-17 20:00:00;0.0;55.9351611030405;;64.77264325235514;;;;
2022-02-17 21:00:00;0.0;55.9351611030405;;59.22560170059079;;;;
2022-02-17 22:00:00;0.0;55.9351611030405;;54.46392838813179;;;;
2022-02-17 23:00:00;0.0;55.9351611030405;;51.54493635356683;;;;
2022-02-18 00:00:00;0.0;55.9351611030405;;50.05959940774147;;;;
2022-02-18 01:00:00;0.0;55.9351611030405;;50.23354887870274;;;;
2022-02-18 02:00:00;0.0;55.9351611030405;;51.486018863968;;;;
2022-02-18 03:00:00;0.0;55.9351611030405;;54.51269687545916;;;;
2022-02-18 04:00:00;0.0;55.9351611030405;;59.1650799996253;;;;
2022-02-18 05:00:00;0.0;55.9351611030405;;65.17647284305748;;;;
2022-02-18 06:00:00;0.0;55.9351611030405;;72.18476458554393;;;;
2022-02-18 07:00:00;0.0;55.9351611030405;;79.74665855709134;;;;
2022-02-18 08:00:00;0.0;55.9351611030405;;87.38002622546787;;;;
2022-02-18 09:00:00;0.0;55.9351611030405;;94.5889353220956;;;;
2022-02-18 10:00:00;0.0;55.9351611030405;;100.901156124329;;;;
2022-02-18 11:00:00;0.0;55.9351611030405;;105.8994817211971;;;;
2022-02-18 12:00:00;0.0;55.9351611030405;;109.2456188512454;;;;
2022-02-18 13:00:00;0.0;55.9351611030405;;110.7232845580282;;;;
2022-02-18 14:00:00;0.0;55.9351611030405;;110.2326495531426;;;;
2022-02-18 15:00:00;0.0;55.9351611030405;;107.8174328612041;;;;
2022-02-18 16:00:00;0.0;55.9351611030405;;103.6464072995251;;;;
2022-02-18 17:00:00;0.0;55.9351611030405;;98.02057158756476;;;;
2022-02-18 18:00:00;0.0;55.9351611030405;;91.34074255437883;;;;
2022-02-18 19:00:00;0.0;55.9351611030405;;84.0784098977087;;;;
2022-02-18 20:00:00;0.0;55.9351611030405;;76.74844135101031;;;;
2022-02-18 21:00:00;0.0;55.9351611030405;;69.87301218315615;;;;
2022-02-18 22:00:00;0.0;55.9351611030405;;63.94492326557616;;;;
2022-02-18 23:00:00;0.0;55.9351611030405;;59.70802993573335;;;;
2022-02-19 00:00:00;0.0;55.9351611030405;;57.16001826567388;;;;
2022-02-19 01:00:00;0.0;55.9351611030405;;56.52029039578099;;;;
2022-02-19 02:00:00;0.0;55.9351611030405;;57.5515474522651;;;;
2022-02-19 03:00:00;0.0;55.9351611030405;;60.52882571639061;;;;
2022-02-19 04:00:00;0.0;55.9351611030405;;65.24525849360022;;;;
2022-02-19 05:00:00;0.0;55.9351611030405;;71.37451588807207;;;;
2022-02-19 06:00:00;0.0;55.9351611030405;;78.49151336881411;;;;
2022-02-19 07:00:00;0.0;55.9351611030405;;86.10620700333362;;;;
2022-02-19 08:00:00;0.0;55.9351611030405;;93.69395922380252;;;;
2022-02-19 09:00:00;0.0;55.9351611030405;;100.723367365446;;;;
2022-02-19 10:00:00;0.0;55.9351611030405;;106.7108045221132;;;;
2022-02-19 11:00:00;0.0;55.9351611030405;;111.2468250198643;;;;
2022-02-19 12:00:00;0.0;55.9351611030405;;114.026241502071;;;;
2022-02-19 13:00:00;0.0;55.9351611030405;;114.8529938699709;;;;
2022-02-19 14:00:00;0.0;55.9351611030405;;113.6672914453072;;;;
2022-02-19 15:00:00;0.0;55.9351611030405;;110.5532402112582;;;;
2022-02-19 16:00:00;0.0;55.9351611030405;;105.7240339724569;;;;
2022-02-19 17:00:00;0.0;55.9351611030405;;99.50420166492005;;;;
2022-02-19 18:00:00;0.0;55.9351611030405;;92.3090061246576;;;;
2022-02-19 19:00:00;0.0;55.9351611030405;;84.62798030615261;;;;
2022-02-19 20:00:00;0.0;55.9351611030405;;76.97686586999856;;;;
2022-02-19 21:00:00;0.0;55.9351611030405;;69.8713002086904;;;;
2022-02-19 22:00:00;0.0;55.9351611030405;;63.78224142161409;;;;
2022-02-19 23:00:00;0.0;55.9351611030405;;58.73693349552178;;;;
2022-02-20 00:00:00;0.0;55.9351611030405;;55.43181651621653;;;;
2022-02-20 01:00:00;0.0;55.9351611030405;;54.04784330607973;;;;
2022-02-20 02:00:00;0.0;55.9351611030405;;55.01954533073582;;;;
2022-02-20 03:00:00;0.0;55.9351611030405;;57.87809325221869;;;;
2022-02-20 04:00:00;0.0;55.9351611030405;;62.43821405460265;;;;
2022-02-20 05:00:00;0.0;55.9351611030405;;68.39618507176294;;;;
2022-02-20 06:00:00;0.0;55.9351611030405;;75.36115290476614;;;;
2022-02-20 07:00:00;0.0;55.9351611030405;;82.86643202308275;;;;
2022-02-20 08:00:00;0.0;55.9351611030405;;90.4172714208486;;;;
2022-02-20 09:00:00;0.0;55.9351611030405;;97.51460199584724;;;;
2022-02-20 10:00:00;0.0;55.9351611030405;;103.6861551975503;;;;
2022-02-20 11:00:00;0.0;55.9351611030405;;108.5143392774693;;;;
2022-02-20 12:00:00;0.0;55.9351611030405;;111.678996580139;;;;
2022-02-20 13:00:00;0.0;55.9351611030405;;112.9761346903508;;;;
2022-02-20 14:00:00;0.0;55.9351611030405;;112.3276429079239;;;;
2022-02-20 15:00:00;0.0;55.9351611030405;;109.7720623195973;;;;
2022-02-20 16:00:00;0.0;55.9351611030405;;105.4877959050169;;;;
2022-02-20 17:00:00;0.0;55.9351611030405;;99.77003760726328;;;;
2022-02-20 18:00:00;0.0;55.9351611030405;;93.01961175198336;;;;
2022-02-20 19:00:00;0.0;55.9351611030405;;85.70330291253599;;;;
2022-02-20 20:00:00;0.0;55.9351611030405;;78.33708277997806;;;;
2022-02-20 21:00:00;0.0;55.9351611030405;;71.4416570953371;;;;
2022-02-20 22:00:00;0.0;55.9351611030405;;65.51330721017453;;;;
2022-02-20 23:00:00;0.0;55.9351611030405;;60.12165777508343;;;;
2022-02-21 00:00:00;0.0;55.9351611030405;;56.48378005294954;;;;
2022-02-21 01:00:00;0.0;55.9351611030405;;54.78766400369656;;;;
2022-02-21 02:00:00;0.0;55.9351611030405;;55.95340175182385;;;;
2022-02-21 03:00:00;0.0;55.9351611030405;;59.02605769079561;;;;
2022-02-21 04:00:00;0.0;55.9351611030405;;63.82049032000437;;;;
2022-02-21 05:00:00;0.0;55.9351611030405;;70.03324846511633;;;;
2022-02-21 06:00:00;0.0;55.9351611030405;;77.2558765576818;;;;
2022-02-21 07:00:00;0.0;55.9351611030405;;85.00883676748657;;;;
2022-02-21 08:00:00;0.0;55.9351611030405;;92.7638710777907;;;;
2022-02-21 09:00:00;0.0;55.9351611030405;;99.99321248721918;;;;
2022-02-21 10:00:00;0.0;55.9351611030405;;106.2053560772258;;;;
2022-02-21 11:00:00;0.0;55.9351611030405;;110.9785682672482;;;;
2022-02-21 12:00:00;0.0;55.9351611030405;;113.977679421738;;;;
2022-02-21 13:00:00;0.0;55.9351611030405;;114.9954898511327;;;;
2022-02-21 14:00:00;0.0;55.9351611030405;;113.960292010282;;;;
2022-02-21 15:00:00;0.0;55.9351611030405;;110.9424773813327;;;;
2022-02-21 16:00:00;0.0;55.9351611030405;;106.1497979135118;;;;
2022-02-21 17:00:00;0.0;55.9351611030405;;99.90629510904996;;;;
2022-02-21 18:00:00;0.0;55.9351611030405;;92.64538631795116;;;;
2022-02-21 19:00:00;0.0;55.9351611030405;;84.85766241935083;;;;
2022-02-21 20:00:00;0.0;55.9351611030405;;77.0704943752546;;;;
2022-02-21 21:00:00;0.0;55.9351611030405;;69.80917622659948;;;;
2022-02-21 22:00:00;0.0;55.9351611030405;;63.55602807742329;;;;
2022-02-21 23:00:00;0.0;55.9351611030405;;58.01974766344041;;;;
2022-02-22 00:00:00;0.0;55.9351611030405;;54.21132695206686;;;;
2022-02-22 01:00:00;0.0;55.9351611030405;;52.28084180859356;;;;
2022-02-22 02:00:00;0.0;55.9351611030405;;52.94398988697706;;;;
2022-02-22 03:00:00;0.0;55.9351611030405;;55.3729843078157;;;;
2022-02-22 04:00:00;0.0;55.9351611030405;;59.35509037966082;;;;
2022-02-22 05:00:00;0.0;55.9351611030405;;64.56960657279339;;;;
2022-02-22 06:00:00;0.0;55.9351611030405;;70.61584979868073;;;;
2022-02-22 07:00:00;0.0;55.9351611030405;;77.03419009737206;;;;
2022-02-22 08:00:00;0.0;55.9351611030405;;83.34841638592998;;;;
2022-02-22 09:00:00;0.0;55.9351611030405;;89.09532888501528;;;;
2022-02-22 10:00:00;0.0;55.9351611030405;;93.8616728945014;;;;
2022-02-22 11:00:00;0.0;55.9351611030405;;97.3012343597998;;;;
2022-02-22 12:00:00;0.0;55.9351611030405;;99.16360394234964;;;;
2022-02-22 13:00:00;0.0;55.9351611030405;;99.3115404513755;;;;
2022-02-22 14:00:00;0.0;55.9351611030405;;97.72929503294628;;;;
2022-02-22 15:00:00;0.0;55.9351611030405;;94.51204811848416;;;;
2022-02-22 16:00:00;0.0;55.9351611030405;;89.8694087385788;;;;
2022-02-22 17:00:00;0.0;55.9351611030405;;84.10166693237822;;;;
2022-02-22 18:00:00;0.0;55.9351611030405;;77.59064337200738;;;;
2022-02-22 19:00:00;0.0;55.9351611030405;;70.7478006624488;;;;
2022-02-22 20:00:00;0.0;55.9351611030405;;64.00844533794839;;;;
2022-02-22 21:00:00;0.0;55.9351611030405;;57.78776744013533;;;;
2022-02-22 22:00:00;0.0;55.9351611030405;;52.47239020811129;;;;
2022-02-22 23:00:00;0.0;55.9351611030405;;50.0;;;;
2022-02-23 00:00:00;0.0;55.9351611030405;;50.0;;;;
2022-02-23 01:00:00;0.0;55.9351611030405;;50.0;;;;
2022-02-23 02:00:00;0.0;55.9351611030405;;50.0;;;;
2022-02-23 03:00:00;0.0;55.9351611030405;;50.0;;;;
2022-02-23 04:00:00;0.0;55.9351611030405;;50.83995421017459;;;;
2022-02-23 05:00:00;0.0;55.9351611030405;;55.45889258015134;;;;
2022-02-23 06:00:00;0.0;55.9351611030405;;60.85957498670553;;;;
2022-02-23 07:00:00;0.0;55.9351611030405;;66.66807042335904;;;;
2022-02-23 08:00:00;0.0;55.9351611030405;;72.4881466771208;;;;
2022-02-23 09:00:00;0.0;55.9351611030405;;77.9222238849709;;;;
2022-02-23 10:00:00;0.0;55.9351611030405;;82.60269118655486;;;;
2022-02-23 11:00:00;0.0;55.9351611030405;;86.2096807329102;;;;
2022-02-23 12:00:00;0.0;55.9351611030405;;88.50600580905564;;;;
2022-02-23 13:00:00;0.0;55.9351611030405;;89.33351017849306;;;;
2022-02-23 14:00:00;0.0;55.9351611030405;;88.6404816704075;;;;
2022-02-23 15:00:00;0.0;55.9351611030405;;86.47008377617254;;;;
2022-02-23 16:00:00;0.0;55.9351611030405;;82.96786045009641;;;;
2022-02-23 17:00:00;0.0;55.9351611030405;;78.37141864170536;;;;
2022-02-23 18:00:00;0.0;55.9351611030405;;72.99090775070232;;;;
2022-02-23 19:00:00;0.0;55.9351611030405;;67.19617056563196;;;;
2022-02-23 20:00:00;0.0;55.9351611030405;;61.38525128452022;;;;
2022-02-23 21:00:00;0.0;55.9351611030405;;55.96699430254651;;;;
2022-02-23 22:00:00;0.0;55.9351611030405;;51.32326457494532;;;;
2022-02-23 23:00:00;0.0;55.9351611030405;;50.0;;;;
2022-02-24 00:00:00;0.0;55.9351611030405;;50.0;;;;
2022-02-24 01:00:00;0.0;55.9351611030405;;50.0;;;;
2022-02-24 02:00:00;0.0;55.9351611030405;;50.0;;;;
2022-02-24 03:00:00;0.0;55.9351611030405;;50.29765629406423;;;;
2022-02-24 04:00:00;0.0;55.9351611030405;;54.45762351828246;;;;
2022-02-24 05:00:00;0.0;55.9351611030405;;59.85185288127533;;;;
2022-02-24 06:00:00;0.0;55.9351611030405;;66.13760663227912;;;;
2022-02-24 07:00:00;0.0;55.9351611030405;;72.90597156736315;;;;
2022-02-24 08:00:00;0.0;55.9351611030405;;79.71233044016199;;;;
2022-02-24 09:00:00;0.0;55.9351611030405;;86.10728379239701;;;;
2022-02-24 10:00:00;0.0;55.9351611030405;;91.66501828835656;;;;
2022-02-24 11:00:00;0.0;55.9351611030405;;96.01287305677536;;;;
2022-02-24 12:00:00;0.0;55.9351611030405;;98.8565189012526;;;;
2022-02-24 13:00:00;0.0;55.9351611030405;;100.0078652456575;;;;
2022-02-24 14:00:00;0.0;55.9351611030405;;99.39003727953954;;;;
2022-02-24 15:00:00;0.0;55.9351611030405;;97.04679818997356;;;;
2022-02-24 16:00:00;0.0;55.9351611030405;;93.13632932590085;;;;
2022-02-24 17:00:00;0.0;55.9351611030405;;87.936275276958;;;;
2022-02-24 18:00:00;0.0;55.9351611030405;;81.8123385466736;;;;
2022-02-24 19:00:00;0.0;55.9351611030405;;75.19723616238768;;;;
2022-02-24 20:00:00;0.0;55.9351611030405;;68.54989259778132;;;;
2022-02-24 21:00:00;0.0;55.9351611030405;;62.33161013426874;;;;
2022-02-24 22:00:00;0.0;55.9351611030405;;56.97147979984516;;;;
2022-02-24 23:00:00;0.0;55.9351611030405;;53.55417234917354;;;;
2022-02-25 00:00:00;0.0;55.9351611030405;;51.64440193985465;;;;
2022-02-25 01:00:00;0.0;55.9351611030405;;51.44473046934897;;;;
2022-02-25 02:00:00;0.0;55.9351611030405;;52.33030320668167;;;;
2022-02-25 03:00:00;0.0;55.9351611030405;;54.9805889749977;;;;
2022-02-25 04:00:00;0.0;55.9351611030405;;59.21261167805351;;;;
2022-02-25 05:00:00;0.0;55.9351611030405;;64.7245692691099;;;;
2022-02-25 06:00:00;0.0;55.9351611030405;;71.13131600246456;;;;
2022-02-25 07:00:00;0.0;55.9351611030405;;77.98396821937894;;;;
2022-02-25 08:00:00;0.0;55.9351611030405;;84.80705257105419;;;;
2022-02-25 09:00:00;0.0;55.9351611030405;;91.13057863076074;;;;
2022-02-25 10:00:00;0.0;55.9351611030405;;96.51548607739524;;;;
2022-02-25 11:00:00;0.0;55.9351611030405;;100.5938245960917;;;;
2022-02-25 12:00:00;0.0;55.9351611030405;;103.0858681726181;;;;
2022-02-25 13:00:00;0.0;55.9351611030405;;103.8205974577357;;;;
2022-02-25 14:00:00;0.0;55.9351611030405;;102.748019455603;;;;
2022-02-25 15:00:00;0.0;55.9351611030405;;99.94243489880586;;;;
2022-02-25 16:00:00;0.0;55.9351611030405;;95.59337339828338;;;;
2022-02-25 17:00:00;0.0;55.9351611030405;;89.99260718650618;;;;
2022-02-25 18:00:00;0.0;55.9351611030405;;83.52133540580779;;;;
2022-02-25 19:00:00;0.0;55.9351611030405;;76.61478665009388;;;;
2022-02-25 20:00:00;0.0;55.9351611030405;;69.73938404969641;;;;
2022-02-25 21:00:00;0.0;55.9351611030405;;63.34940755104132;;;;
2022-02-25 22:00:00;0.0;55.9351611030405;;57.87986760296768;;;;
2022-02-25 23:00:00;0.0;55.9351611030405;;53.98770853103472;;;;
2022-02-26 00:00:00;0.0;55.9351611030405;;51.66490502085668;;;;
2022-02-26 01:00:00;0.0;55.9351611030405;;51.10461789651398;;;;
2022-02-26 02:00:00;0.0;55.9351611030405;;52.09401056445476;;;;
2022-02-26 03:00:00;0.0;55.9351611030405;;54.88408381618681;;;;
2022-02-26 04:00:00;0.0;55.9351611030405;;59.29941077189422;;;;
2022-02-26 05:00:00;0.0;55.9351611030405;;65.06322155710998;;;;
2022-02-26 06:00:00;0.0;55.9351611030405;;71.8074400112969;;;;
2022-02-26 07:00:00;0.0;55.9351611030405;;79.09667925628081;;;;
2022-02-26 08:00:00;0.0;55.9351611030405;;86.463324266061;;;;
2022-02-26 09:00:00;0.0;55.9351611030405;;93.4240239353692;;;;
2022-02-26 10:00:00;0.0;55.9351611030405;;99.5315402842972;;;;
2022-02-26 11:00:00;0.0;55.9351611030405;;104.3793661453893;;;;
2022-02-26 12:00:00;0.0;55.9351611030405;;107.6510923822229;;;;
2022-02-26 13:00:00;0.0;55.9351611030405;;109.1366703267134;;;;
2022-02-26 14:00:00;0.0;55.9351611030405;;108.7436599724765;;;;
2022-02-26 15:00:00;0.0;55.9351611030405;;106.5115018586202;;;;
2022-02-26 16:00:00;0.0;55.9351611030405;;102.5903332167412;;;;
2022-02-26 17:00:00;0.0;55.9351611030405;;97.25884715845471;;;;
2022-02-26 18:00:00;0.0;55.9351611030405;;90.88966451667736;;;;
2022-02-26 19:00:00;0.0;55.9351611030405;;83.93735987772209;;;;
2022-02-26 20:00:00;0.0;55.9351611030405;;76.90261402767034;;;;
2022-02-26 21:00:00;0.0;55.9351611030405;;70.30039018162125;;;;
2022-02-26 22:00:00;0.0;55.9351611030405;;64.62214222806352;;;;
2022-02-26 23:00:00;0.0;55.9351611030405;;59.90483964452877;;;;
2022-02-27 00:00:00;0.0;55.9351611030405;;56.89823466562646;;;;
2022-02-27 01:00:00;0.0;55.9351611030405;;55.82036003024444;;;;
2022-02-27 02:00:00;0.0;55.9351611030405;;57.15345600643037;;;;
2022-02-27 03:00:00;0.0;55.9351611030405;;60.44163462774878;;;;
2022-02-27 04:00:00;0.0;55.9351611030405;;65.51063423925635;;;;
2022-02-27 05:00:00;0.0;55.9351611030405;;72.05817094892981;;;;
2022-02-27 06:00:00;0.0;55.9351611030405;;79.67644948226767;;;;
2022-02-27 07:00:00;0.0;55.9351611030405;;87.87585214937052;;;;
2022-02-27 08:00:00;0.0;55.9351611030405;;96.11888133549616;;;;
2022-02-27 09:00:00;0.0;55.9351611030405;;103.8543359267128;;;;
2022-02-27 10:00:00;0.0;55.9351611030405;;110.5644118133492;;;;
2022-02-27 11:00:00;0.0;55.9351611030405;;115.7940742298261;;;;
2022-02-27 12:00:00;0.0;55.9351611030405;;119.1870245554312;;;;
2022-02-27 13:00:00;0.0;55.9351611030405;;120.5115614092121;;;;
2022-02-27 14:00:00;0.0;55.9351611030405;;119.6814004344969;;;;
2022-02-27 15:00:00;0.0;55.9351611030405;;116.7593007558908;;;;
2022-02-27 16:00:00;0.0;55.9351611030405;;111.9542252672292;;;;
2022-02-27 17:00:00;0.0;55.9351611030405;;105.6003480802188;;;;
2022-02-27 18:00:00;0.0;55.9351611030405;;98.14199387176971;;;;
2022-02-27 19:00:00;0.0;55.9351611030405;;90.09121712521028;;;;
2022-02-27 20:00:00;0.0;55.9351611030405;;82.00567100753044;;;;
2022-02-27 21:00:00;0.0;55.9351611030405;;74.4405077862905;;;;
2022-02-27 22:00:00;0.0;55.9351611030405;;67.91430552739413;;;;
2022-02-27 23:00:00;0.0;55.9351611030405;;61.9826472287038;;;;
2022-02-28 00:00:00;0.0;55.9351611030405;;57.88362343540935;;;;
2022-02-28 01:00:00;0.0;55.9351611030405;;55.79010000402205;;;;
2022-02-28 02:00:00;0.0;55.9351611030405;;56.6116790862721;;;;
2022-02-28 03:00:00;0.0;55.9351611030405;;59.32843757114382;;;;
2022-02-28 04:00:00;0.0;55.9351611030405;;63.71814763809302;;;;
2022-02-28 05:00:00;0.0;55.9351611030405;;69.44882645882197;;;;
2022-02-28 06:00:00;0.0;55.9351611030405;;76.09259077015163;;;;
2022-02-28 07:00:00;0.0;55.9351611030405;;83.1579586347942;;;;
2022-02-28 08:00:00;0.0;55.9351611030405;;90.13247631134166;;;;
2022-02-28 09:00:00;0.0;55.9351611030405;;96.511149791723;;;;
2022-02-28 10:00:00;0.0;55.9351611030405;;101.8409747511797;;;;
2022-02-28 11:00:00;0.0;55.9351611030405;;105.7417912302369;;;;
2022-02-28 12:00:00;0.0;55.9351611030405;;107.9261015773152;;;;
2022-02-28 13:00:00;0.0;55.9351611030405;;108.2437465876153;;;;
2022-02-28 14:00:00;0.0;55.9351611030405;;106.6574476768361;;;;
2022-02-28 15:00:00;0.0;55.9351611030405;;103.2782747396215;;;;
2022-02-28 16:00:00;0.0;55.9351611030405;;98.31989826512924;;;;
2022-02-28 17:00:00;0.0;55.9351611030405;;92.1159467919556;;;;
2022-02-28 18:00:00;0.0;55.9351611030405;;85.0714606845008;;;;
2022-02-28 19:00:00;0.0;55.9351611030405;;77.64319539568906;;;;
2022-02-28 20:00:00;0.0;55.9351611030405;;70.30665046083352;;;;
2022-02-28 21:00:00;0.0;55.9351611030405;;63.52671543217055;;;;
2022-02-28 22:00:00;0.0;55.9351611030405;;57.72552584559529;;;;
2022-02-28 23:00:00;0.0;55.9351611030405;;52.62061332319848;;;;
2022-03-01 00:00:00;0.0;55.9351611030405;;50.0;;;;
2022-03-01 01:00:00;0.0;55.9351611030405;;50.0;;;;
2022-03-01 02:00:00;0.0;55.9351611030405;;50.0;;;;
2022-03-01 03:00:00;0.0;55.9351611030405;;50.24910770357713;;;;
2022-03-01 04:00:00;0.0;55.9351611030405;;53.96777805571028;;;;
2022-03-01 05:00:00;0.0;55.9351611030405;;58.86151249914091;;;;
2022-03-01 06:00:00;0.0;55.9351611030405;;64.57347018451733;;;;
2022-03-01 07:00:00;0.0;55.9351611030405;;70.70452045493138;;;;
2022-03-01 08:00:00;0.0;55.9351611030405;;76.8297393873459;;;;
2022-03-01 09:00:00;0.0;55.9351611030405;;82.52851161663254;;;;
2022-03-01 10:00:00;0.0;55.9351611030405;;87.40534082883124;;;;
2022-03-01 11:00:00;0.0;55.9351611030405;;91.13129866758857;;;;
2022-03-01 12:00:00;0.0;55.9351611030405;;93.4526323607518;;;;
2022-03-01 13:00:00;0.0;55.9351611030405;;94.21469073363642;;;;
2022-03-01 14:00:00;0.0;55.9351611030405;;93.3570995378419;;;;
2022-03-01 15:00:00;0.0;55.9351611030405;;90.94164223662423;;;;
2022-03-01 16:00:00;0.0;55.9351611030405;;87.1265413802106;;;;
2022-03-01 17:00:00;0.0;55.9351611030405;;82.16797887721705;;;;
2022-03-01 18:00:00;0.0;55.9351611030405;;76.39734184685076;;;;
2022-03-01 19:00:00;0.0;55.9351611030405;;70.20250424927208;;;;
2022-03-01 20:00:00;0.0;55.9351611030405;;64.00987516973302;;;;
2022-03-01 21:00:00;0.0;55.9351611030405;;58.23985937992394;;;;
2022-03-01 22:00:00;0.0;55.9351611030405;;53.2939760953745;;;;
2022-03-01 23:00:00;0.0;55.9351611030405;;50.0;;;;
2022-03-02 00:00:00;0.0;55.9351611030405;;50.0;;;;
2022-03-02 01:00:00;0.0;55.9351611030405;;50.0;;;;
2022-03-02 02:00:00;0.0;55.9351611030405;;50.0;;;;
2022-03-02 03:00:00;0.0;55.9351611030405;;50.0;;;;
2022-03-02 04:00:00;0.0;55.9351611030405;;53.73918402209592;;;;
2022-03-02 05:00:00;0.0;55.9351611030405;;58.91034725682653;;;;
2022-03-02 06:00:00;0.0;55.9351611030405;;64.92936869711286;;;;
2022-03-02 07:00:00;0.0;55.9351611030405;;71.39257335242041;;;;
2022-03-02 08:00:00;0.0;55.9351611030405;;77.86399305138119;;;;
2022-03-02 09:00:00;0.0;55.9351611030405;;83.90075711269355;;;;
2022-03-02 10:00:00;0.0;55.9351611030405;;89.08831009245894;;;;
2022-03-02 11:00:00;0.0;55.9351611030405;;93.07677795038994;;;;
2022-03-02 12:00:00;0.0;55.9351611030405;;95.58617601984878;;;;
2022-03-02 13:00:00;0.0;55.9351611030405;;96.4462721797026;;;;
2022-03-02 14:00:00;0.0;55.9351611030405;;95.59474599675376;;;;
2022-03-02 15:00:00;0.0;55.9351611030405;;93.0927637945561;;;;
2022-03-02 16:00:00;0.0;55.9351611030405;;89.11258622619506;;;;
2022-03-02 17:00:00;0.0;55.9351611030405;;83.92270603742183;;;;
2022-03-02 18:00:00;0.0;55.9351611030405;;77.8816260593979;;;;
2022-03-02 19:00:00;0.0;55.9351611030405;;71.3977851088083;;;;
2022-03-02 20:00:00;0.0;55.9351611030405;;64.91079575086532;;;;
2022-03-02 21:00:00;0.0;55.9351611030405;;58.86161475133948;;;;
2022-03-02 22:00:00;0.0;55.9351611030405;;53.65607740622856;;;;
2022-03-02 23:00:00;0.0;55.9351611030405;;50.18416519246976;;;;
2022-03-03 00:00:00;0.0;55.9351611030405;;50.0;;;;
2022-03-03 01:00:00;0.0;55.9351611030405;;50.0;;;;
2022-03-03 02:00:00;0.0;55.9351611030405;;50.0;;;;
2022-03-03 03:00:00;0.0;55.9351611030405;;50.72658164990446;;;;
2022-03-03 04:00:00;0.0;55.9351611030405;;54.49121417955633;;;;
2022-03-03 05:00:00;0.0;55.9351611030405;;59.41038679329446;;;;
2022-03-03 06:00:00;0.0;55.9351611030405;;65.12545341494756;;;;
2022-03-03 07:00:00;0.0;55.9351611030405;;71.22262835443684;;;;
2022-03-03 08:00:00;0.0;55.9351611030405;;77.26688470979991;;;;
2022-03-03 09:00:00;0.0;55.9351611030405;;82.82900450121286;;;;
2022-03-03 10:00:00;0.0;55.9351611030405;;87.51528537050719;;;;
2022-03-03 11:00:00;0.0;55.9351611030405;;91.00056472248744;;;;
2022-03-03 12:00:00;0.0;55.9351611030405;;93.04123547084444;;;;
2022-03-03 13:00:00;0.0;55.9351611030405;;93.49555215665606;;;;
2022-03-03 14:00:00;0.0;55.9351611030405;;92.3273338118954;;;;
2022-03-03 15:00:00;0.0;55.9351611030405;;89.61190005109898;;;;
2022-03-03 16:00:00;0.0;55.9351611030405;;85.53376397298501;;;;
2022-03-03 17:00:00;0.0;55.9351611030405;;80.36308132780195;;;;
2022-03-03 18:00:00;0.0;55.9351611030405;;74.44632261650938;;;;
2022-03-03 19:00:00;0.0;55.9351611030405;;68.16827761850067;;;;
2022-03-03 20:00:00;0.0;55.9351611030405;;61.94414327942693;;;;
2022-03-03 21:00:00;0.0;55.9351611030405;;56.17807095001903;;;;
2022-03-03 22:00:00;0.0;55.9351611030405;;51.25067672317044;;;;
2022-03-03 23:00:00;0.0;55.9351611030405;;50.0;;;;
2022-03-04 00:00:00;0.0;55.9351611030405;;50.0;;;;
2022-03-04 01:00:00;0.0;55.9351611030405;;50.0;;;;
2022-03-04 02:00:00;0.0;55.9351611030405;;50.0;;;;
2022-03-04 03:00:00;0.0;55.9351611030405;;50.0;;;;
2022-03-04 04:00:00;0.0;55.9351611030405;;53.47571663323568;;;;
2022-03-04 05:00:00;0.0;55.9351611030405;;58.63803115669781;;;;
2022-03-04 06:00:00;0.0;55.9351611030405;;64.6864788781946;;;;
2022-03-04 07:00:00;0.0;55.9351611030405;;71.22983356052009;;;;
2022-03-04 08:00:00;0.0;55.9351611030405;;77.8475789042289;;;;
2022-03-04 09:00:00;0.0;55.9351611030405;;84.1090535713322;;;;
2022-03-04 10:00:00;0.0;55.9351611030405;;89.61042409779776;;;;
2022-03-04 11:00:00;0.0;55.9351611030405;;93.99396132918426;;;;
2022-03-04 12:00:00;0.0;55.9351611030405;;96.97658299926717;;;;
2022-03-04 13:00:00;0.0;55.9351611030405;;98.36351247878046;;;;
2022-03-04 14:00:00;0.0;55.9351611030405;;98.06588370136504;;;;
2022-03-04 15:00:00;0.0;55.9351611030405;;96.10948397046226;;;;
2022-03-04 16:00:00;0.0;55.9351611030405;;92.63196124488168;;;;
2022-03-04 17:00:00;0.0;55.9351611030405;;87.88328584446093;;;;
2022-03-04 18:00:00;0.0;55.9351611030405;;82.20005303161012;;;;
2022-03-04 19:00:00;0.0;55.9351611030405;;75.99200595643435;;;;
2022-03-04 20:00:00;0.0;55.9351611030405;;69.70476832986283;;;;
2022-03-04 21:00:00;0.0;55.9351611030405;;63.801307101703;;;;
2022-03-04 22:00:00;0.0;55.9351611030405;;58.72476259715936;;;;
2022-03-04 23:00:00;0.0;55.9351611030405;;55.16355628601801;;;;
2022-03-05 00:00:00;0.0;55.9351611030405;;53.14529885334714;;;;
2022-03-05 01:00:00;0.0;55.9351611030405;;52.90181097233121;;;;
2022-03-05 02:00:00;0.0;55.9351611030405;;54.25320086213465;;;;
2022-03-05 03:00:00;0.0;55.9351611030405;;57.47472652601096;;;;
2022-03-05 04:00:00;0.0;55.9351611030405;;62.40624342982902;;;;
2022-03-05 05:00:00;0.0;55.9351611030405;;68.7703409790297;;;;
2022-03-05 06:00:00;0.0;55.9351611030405;;76.18143758271441;;;;
2022-03-05 07:00:00;0.0;55.9351611030405;;84.17701660705644;;;;
2022-03-05 08:00:00;0.0;55.9351611030405;;92.24184551809746;;;;
2022-03-05 09:00:00;0.0;55.9351611030405;;99.84917907885507;;;;
2022-03-05 10:00:00;0.0;55.9351611030405;;106.4954511719804;;;;
2022-03-05 11:00:00;0.0;55.9351611030405;;111.7401197983751;;;;
2022-03-05 12:00:00;0.0;55.9351611030405;;115.2319119063467;;;;
2022-03-05 13:00:00;0.0;55.9351611030405;;116.7393807160531;;;;
2022-03-05 14:00:00;0.0;55.9351611030405;;116.1679570071344;;;;
2022-03-05 15:00:00;0.0;55.9351611030405;;113.5631599441446;;;;
2022-03-05 16:00:00;0.0;55.9351611030405;;109.1139601239194;;;;
2022-03-05 17:00:00;0.0;55.9351611030405;;103.1312435703294;;;;
2022-03-05 18:00:00;0.0;55.9351611030405;;96.04201612972788;;;;
2022-03-05 19:00:00;0.0;55.9351611030405;;88.3443180073539;;;;
2022-03-05 20:00:00;0.0;55.9351611030405;;80.58049862830771;;;;
2022-03-05 21:00:00;0.0;55.9351611030405;;73.29986797892002;;;;
2022-03-05 22:00:00;0.0;55.9351611030405;;67.01652522485229;;;;
2022-03-05 23:00:00;0.0;55.9351611030405;;61.76301381169036;;;;
2022-03-06 00:00:00;0.0;55.9351611030405;;58.29801880334531;;;;
2022-03-06 01:00:00;0.0;55.9351611030405;;56.81843790205515;;;;
2022-03-06 02:00:00;0.0;55.9351611030405;;57.79077707130712;;;;
2022-03-06 03:00:00;0.0;55.9351611030405;;60.70253777958963;;;;
2022-03-06 04:00:00;0.0;55.9351611030405;;65.34263615829258;;;;
2022-03-06 05:00:00;0.0;55.9351611030405;;71.3795835300123;;;;
2022-03-06 06:00:00;0.0;55.9351611030405;;78.38643181844517;;;;
2022-03-06 07:00:00;0.0;55.9351611030405;;85.86362078972496;;;;
2022-03-06 08:00:00;0.0;55.9351611030405;;93.28169367985927;;;;
2022-03-06 09:00:00;0.0;55.9351611030405;;100.1189448550037;;;;
2022-03-06 10:00:00;0.0;55.9351611030405;;105.8928061077188;;;;
2022-03-06 11:00:00;0.0;55.9351611030405;;110.2051254551979;;;;
2022-03-06 12:00:00;0.0;55.9351611030405;;112.7492138213972;;;;
2022-03-06 13:00:00;0.0;55.9351611030405;;113.3513058306061;;;;
2022-03-06 14:00:00;0.0;55.9351611030405;;111.965150536905;;;;
2022-03-06 15:00:00;0.0;55.9351611030405;;108.6816026395871;;;;
2022-03-06 16:00:00;0.0;55.9351611030405;;103.7212691595422;;;;
2022-03-06 17:00:00;0.0;55.9351611030405;;97.41020133859551;;;;
2022-03-06 18:00:00;0.0;55.9351611030405;;90.17176957945416;;;;
2022-03-06 19:00:00;0.0;55.9351611030405;;82.48865905500207;;;;
2022-03-06 20:00:00;0.0;55.9351611030405;;74.8660476816112;;;;
2022-03-06 21:00:00;0.0;55.9351611030405;;67.80293663698575;;;;
2022-03-06 22:00:00;0.0;55.9351611030405;;61.75151226602135;;;;
2022-03-06 23:00:00;0.0;55.9351611030405;;56.28793016899807;;;;
2022-03-07 00:00:00;0.0;55.9351611030405;;52.53032515007573;;;;
2022-03-07 01:00:00;0.0;55.9351611030405;;50.6253251874061;;;;
2022-03-07 02:00:00;0.0;55.9351611030405;;51.40673529068097;;;;
2022-03-07 03:00:00;0.0;55.9351611030405;;53.94412792087809;;;;
2022-03-07 04:00:00;0.0;55.9351611030405;;58.04931017524532;;;;
2022-03-07 05:00:00;0.0;55.9351611030405;;63.43076317202842;;;;
2022-03-07 06:00:00;0.0;55.9351611030405;;69.71414696989805;;;;
2022-03-07 07:00:00;0.0;55.9351611030405;;76.46504234370802;;;;
2022-03-07 08:00:00;0.0;55.9351611030405;;83.22253306766093;;;;
2022-03-07 09:00:00;0.0;55.9351611030405;;89.52622008815602;;;;
2022-03-07 10:00:00;0.0;55.9351611030405;;94.94947575462228;;;;
2022-03-07 11:00:00;0.0;55.9351611030405;;99.12642775015048;;;;
2022-03-07 12:00:00;0.0;55.9351611030405;;101.7724400685826;;;;
2022-03-07 13:00:00;0.0;55.9351611030405;;102.7085091156546;;;;
2022-03-07 14:00:00;0.0;55.9351611030405;;101.8733154392013;;;;
2022-03-07 15:00:00;0.0;55.9351611030405;;99.32032706935932;;;;
2022-03-07 16:00:00;0.0;55.9351611030405;;95.22976751902496;;;;
2022-03-07 17:00:00;0.0;55.9351611030405;;89.8693211647317;;;;
2022-03-07 18:00:00;0.0;55.9351611030405;;83.60463257724818;;;;
2022-03-07 19:00:00;0.0;55.9351611030405;;76.86043838706208;;;;
2022-03-07 20:00:00;0.0;55.9351611030405;;70.10437600629363;;;;
2022-03-07 21:00:00;0.0;55.9351611030405;;63.80576075415328;;;;
2022-03-07 22:00:00;0.0;55.9351611030405;;58.39614345355075;;;;
2022-03-07 23:00:00;0.0;55.9351611030405;;53.59817199683989;;;;
2022-03-08 00:00:00;0.0;55.9351611030405;;50.37339000434196;;;;
2022-03-08 01:00:00;0.0;55.9351611030405;;50.0;;;;
2022-03-08 02:00:00;0.0;55.9351611030405;;50.0;;;;
2022-03-08 03:00:00;0.0;55.9351611030405;;52.48948367811434;;;;
2022-03-08 04:00:00;0.0;55.9351611030405;;56.6622773719816;;;;
2022-03-08 05:00:00;0.0;55.9351611030405;;62.08382738570425;;;;
2022-03-08 06:00:00;0.0;55.9351611030405;;68.38669549393248;;;;
2022-03-08 07:00:00;0.0;55.9351611030405;;75.14501023634364;;;;
2022-03-08 08:00:00;0.0;55.9351611030405;;81.88738067855142;;;;
2022-03-08 09:00:00;0.0;55.9351611030405;;88.15693060911052;;;;
2022-03-08 10:00:00;0.0;55.9351611030405;;93.521837572928;;;;
2022-03-08 11:00:00;0.0;55.9351611030405;;97.61208851254136;;;;
2022-03-08 12:00:00;0.0;55.9351611030405;;100.1404712188715;;;;
2022-03-08 13:00:00;0.0;55.9351611030405;;100.926140880701;;;;
2022-03-08 14:00:00;0.0;55.9351611030405;;99.91532567734951;;;;
2022-03-08 15:00:00;0.0;55.9351611030405;;97.1737093563334;;;;
2022-03-08 16:00:00;0.0;55.9351611030405;;92.88984664801896;;;;
2022-03-08 17:00:00;0.0;55.9351611030405;;87.35728735326654;;;;
2022-03-08 18:00:00;0.0;55.9351611030405;;80.94696510798678;;;;
2022-03-08 19:00:00;0.0;55.9351611030405;;74.09426537850754;;;;
2022-03-08 20:00:00;0.0;55.9351611030405;;67.25499426171899;;;;
2022-03-08 21:00:00;0.0;55.9351611030405;;60.88791611197601;;;;
2022-03-08 22:00:00;0.0;55.9351611030405;;55.40716280387041;;;;
2022-03-08 23:00:00;0.0;55.9351611030405;;51.12353862681395;;;;
2022-03-09 00:00:00;0.0;55.9351611030405;;50.0;;;;
2022-03-09 01:00:00;0.0;55.9351611030405;;50.0;;;;
2022-03-09 02:00:00;0.0;55.9351611030405;;50.0;;;;
2022-03-09 03:00:00;0.0;55.9351611030405;;50.0;;;;
2022-03-09 04:00:00;0.0;55.9351611030405;;53.57780205407229;;;;
2022-03-09 05:00:00;0.0;55.9351611030405;;58.28817563627064;;;;
2022-03-09 06:00:00;0.0;55.9351611030405;;63.75036690487313;;;;
2022-03-09 07:00:00;0.0;55.9351611030405;;69.55625181911867;;;;
2022-03-09 08:00:00;0.0;55.9351611030405;;75.2770438114596;;;;
2022-03-09 09:00:00;0.0;55.9351611030405;;80.50018293539964;;;;
2022-03-09 10:00:00;0.0;55.9351611030405;;84.846200909886;;;;
2022-03-09 11:00:00;0.0;55.9351611030405;;88.00743270378985;;;;
2022-03-09 12:00:00;0.0;55.9351611030405;;89.75203161435094;;;;
2022-03-09 13:00:00;0.0;55.9351611030405;;89.95362592563868;;;;
2022-03-09 14:00:00;0.0;55.9351611030405;;88.59200157164693;;;;
2022-03-09 15:00:00;0.0;55.9351611030405;;85.75796952850447;;;;
2022-03-09 16:00:00;0.0;55.9351611030405;;81.63915397059627;;;;
2022-03-09 17:00:00;0.0;55.9351611030405;;76.49862573576692;;;;
2022-03-09 18:00:00;0.0;55.9351611030405;;70.66757722487915;;;;
2022-03-09 19:00:00;0.0;55.9351611030405;;64.52357187196742;;;;
2022-03-09 20:00:00;0.0;55.9351611030405;;58.46092188450302;;;;
2022-03-09 21:00:00;0.0;55.9351611030405;;52.86594797526539;;;;
2022-03-09 22:00:00;0.0;55.9351611030405;;50.0;;;;
2022-03-09 23:00:00;0.0;55.9351611030405;;50.0;;;;
2022-03-10 00:00:00;0.0;55.9351611030405;;50.0;;;;
2022-03-10 01:00:00;0.0;55.9351611030405;;50.0;;;;
2022-03-10 02:00:00;0.0;55.9351611030405;;50.0;;;;
2022-03-10 03:00:00;0.0;55.9351611030405;;50.0;;;;
2022-03-10 04:00:00;0.0;55.9351611030405;;50.0;;;;
2022-03-10 05:00:00;0.0;55.9351611030405;;53.53145781760379;;;;
2022-03-10 06:00:00;0.0;55.9351611030405;;58.90125333842293;;;;
2022-03-10 07:00:00;0.0;55.9351611030405;;64.69991400744479;;;;
2022-03-10 08:00:00;0.0;55.9351611030405;;70.54244896501264;;;;
2022-03-10 09:00:00;0.0;55.9351611030405;;76.04301051444475;;;;
2022-03-10 10:00:00;0.0;55.9351611030405;;80.83760929690081;;;;
2022-03-10 11:00:00;0.0;55.9351611030405;;84.61094069526213;;;;
2022-03-10 12:00:00;0.0;55.9351611030405;;87.11777813057887;;;;
2022-03-10 13:00:00;0.0;55.9351611030405;;88.19203277234723;;;;
2022-03-10 14:00:00;0.0;55.9351611030405;;87.76797817499767;;;;
2022-03-10 15:00:00;0.0;55.9351611030405;;85.87155811356037;;;;
2022-03-10 16:00:00;0.0;55.9351611030405;;82.63736825843476;;;;
2022-03-10 17:00:00;0.0;55.9351611030405;;78.28460658238671;;;;
2022-03-10 18:00:00;0.0;55.9351611030405;;73.12197769981167;;;;
2022-03-10 19:00:00;0.0;55.9351611030405;;67.50816635152974;;;;
2022-03-10 20:00:00;0.0;55.9351611030405;;61.84711216343916;;;;
2022-03-10 21:00:00;0.0;55.9351611030405;;56.54427555082048;;;;
2022-03-10 22:00:00;0.0;55.9351611030405;;51.99449736444649;;;;
2022-03-10 23:00:00;0.0;55.9351611030405;;50.0;;;;
2022-03-11 00:00:00;0.0;55.9351611030405;;50.0;;;;
2022-03-11 01:00:00;0.0;55.9351611030405;;50.0;;;;
2022-03-11 02:00:00;0.0;55.9351611030405;;50.0;;;;
2022-03-11 03:00:00;0.0;55.9351611030405;;51.97920783248929;;;;
2022-03-11 04:00:00;0.0;55.9351611030405;;56.41475996875548;;;;
2022-03-11 05:00:00;0.0;55.9351611030405;;62.14469514737706;;;;
2022-03-11 06:00:00;0.0;55.9351611030405;;68.82153987728493;;;;
2022-03-11 07:00:00;0.0;55.9351611030405;;76.03038082550188;;;;
2022-03-11 08:00:00;0.0;55.9351611030405;;83.3096151610468;;;;
2022-03-11 09:00:00;0.0;55.9351611030405;;90.18553675347346;;;;
2022-03-11 10:00:00;0.0;55.9351611030405;;96.20255844628356;;;;
2022-03-11 11:00:00;0.0;55.9351611030405;;100.9639338149805;;;;
2022-03-11 12:00:00;0.0;55.9351611030405;;104.153477039852;;;;
2022-03-11 13:00:00;0.0;55.9351611030405;;105.5591006108794;;;;
2022-03-11 14:00:00;0.0;55.9351611030405;;105.0901822997279;;;;
2022-03-11 15:00:00;0.0;55.9351611030405;;102.7872749819823;;;;
2022-03-11 16:00:00;0.0;55.9351611030405;;98.81457730875763;;;;
2022-03-11 17:00:00;0.0;55.9351611030405;;93.45426291122035;;;;
2022-03-11 18:00:00;0.0;55.9351611030405;;87.08567395451372;;;;
2022-03-11 19:00:00;0.0;55.9351611030405;;80.15962069490837;;;;
2022-03-11 20:00:00;0.0;55.9351611030405;;73.17113968255128;;;;
2022-03-11 21:00:00;0.0;55.9351611030405;;66.61738961264871;;;;
2022-03-11 22:00:00;0.0;55.9351611030405;;60.96868491309122;;;;
2022-03-11 23:00:00;0.0;55.9351611030405;;56.91310472964567;;;;
2022-03-12 00:00:00;0.0;55.9351611030405;;54.4686005598451;;;;
2022-03-12 01:00:00;0.0;55.9351611030405;;53.84225065107321;;;;
2022-03-12 02:00:00;0.0;55.9351611030405;;54.82277568525794;;;;
2022-03-12 03:00:00;0.0;55.9351611030405;;57.65342836356972;;;;
2022-03-12 04:00:00;0.0;55.9351611030405;;62.14194379481967;;;;
2022-03-12 05:00:00;0.0;55.9351611030405;;67.97842749144843;;;;
2022-03-12 06:00:00;0.0;55.9351611030405;;74.75537437427602;;;;
2022-03-12 07:00:00;0.0;55.9351611030405;;82.00215115855752;;;;
2022-03-12 08:00:00;0.0;55.9351611030405;;89.21940291967746;;;;
2022-03-12 09:00:00;0.0;55.9351611030405;;95.906304959826;;;;
2022-03-12 10:00:00;0.0;55.9351611030405;;101.6032892775268;;;;
2022-03-12 11:00:00;0.0;55.9351611030405;;105.9200348269654;;;;
2022-03-12 12:00:00;0.0;55.9351611030405;;108.5620036255185;;;;
2022-03-12 13:00:00;0.0;55.9351611030405;;109.3453551357482;;;;
2022-03-12 14:00:00;0.0;55.9351611030405;;108.2183115405169;;;;
2022-03-12 15:00:00;0.0;55.9351611030405;;105.251571614841;;;;
2022-03-12 16:00:00;0.0;55.9351611030405;;100.6511118158081;;;;
2022-03-12 17:00:00;0.0;55.9351611030405;;94.72486034218552;;;;
2022-03-12 18:00:00;0.0;55.9351611030405;;87.87767465929107;;;;
2022-03-12 19:00:00;0.0;55.9351611030405;;80.5688269880444;;;;
2022-03-12 20:00:00;0.0;55.9351611030405;;73.28545177326872;;;;
2022-03-12 21:00:00;0.0;55.9351611030405;;66.52007400797125;;;;
2022-03-12 22:00:00;0.0;55.9351611030405;;60.72406103398883;;;;
2022-03-12 23:00:00;0.0;55.9351611030405;;55.90614877377237;;;;
2022-03-13 00:00:00;0.0;55.9351611030405;;52.74584038074121;;;;
2022-03-13 01:00:00;0.0;55.9351611030405;;51.41375790374629;;;;
2022-03-13 02:00:00;0.0;55.9351611030405;;52.34064663252222;;;;
2022-03-13 03:00:00;0.0;55.9351611030405;;55.06551290068957;;;;
2022-03-13 04:00:00;0.0;55.9351611030405;;59.40835280018501;;;;
2022-03-13 05:00:00;0.0;55.9351611030405;;65.08234142423322;;;;
2022-03-13 06:00:00;0.0;55.9351611030405;;71.70949194289767;;;;
2022-03-13 07:00:00;0.0;55.9351611030405;;78.84987790567165;;;;
2022-03-13 08:00:00;0.0;55.9351611030405;;86.030506654585;;;;
2022-03-13 09:00:00;0.0;55.9351611030405;;92.77935326114346;;;;
2022-03-13 10:00:00;0.0;55.9351611030405;;98.64747230663188;;;;
2022-03-13 11:00:00;0.0;55.9351611030405;;103.2455091964981;;;;
2022-03-13 12:00:00;0.0;55.9351611030405;;106.2627736100621;;;;
2022-03-13 13:00:00;0.0;55.9351611030405;;107.5004317845385;;;;
2022-03-13 14:00:00;0.0;55.9351611030405;;106.8753648778234;;;;
2022-03-13 15:00:00;0.0;55.9351611030405;;104.4339586253499;;;;
2022-03-13 16:00:00;0.0;55.9351611030405;;100.3489285480457;;;;
2022-03-13 17:00:00;0.0;55.9351611030405;;94.90242418506074;;;;
2022-03-13 18:00:00;0.0;55.9351611030405;;88.47753105904901;;;;
2022-03-13 19:00:00;0.0;55.9351611030405;;81.51582466169964;;;;
2022-03-13 20:00:00;0.0;55.9351611030405;;74.50823408246484;;;;
2022-03-13 21:00:00;0.0;55.9351611030405;;67.94813614031132;;;;
2022-03-13 22:00:00;0.0;55.9351611030405;;62.30875054787597;;;;
2022-03-13 23:00:00;0.0;55.9351611030405;;57.16489819365401;;;;
2022-03-14 00:00:00;0.0;55.9351611030405;;53.68815184089734;;;;
2022-03-14 01:00:00;0.0;55.9351611030405;;52.05960991720064;;;;
2022-03-14 02:00:00;0.0;55.9351611030405;;53.16894020090774;;;;
2022-03-14 03:00:00;0.0;55.9351611030405;;56.0886928671258;;;;
2022-03-14 04:00:00;0.0;55.9351611030405;;60.64488173923797;;;;
2022-03-14 05:00:00;0.0;55.9351611030405;;66.54761013947646;;;;
2022-03-14 06:00:00;0.0;55.9351611030405;;73.40976382633963;;;;
2022-03-14 07:00:00;0.0;55.9351611030405;;80.77630626098241;;;;
2022-03-14 08:00:00;0.0;55.9351611030405;;88.1489783357612;;;;
2022-03-14 09:00:00;0.0;55.9351611030405;;95.0233944018644;;;;
2022-03-14 10:00:00;0.0;55.9351611030405;;100.9274348184693;;;;
2022-03-14 11:00:00;0.0;55.9351611030405;;105.4579436814882;;;;
2022-03-14 12:00:00;0.0;55.9351611030405;;108.3071700260539;;;;
2022-03-14 13:00:00;0.0;55.9351611030405;;109.2740355594047;;;;
2022-03-14 14:00:00;0.0;55.9351611030405;;108.2881159615987;;;;
2022-03-14 15:00:00;0.0;55.9351611030405;;105.4183542476264;;;;
2022-03-14 16:00:00;0.0;55.9351611030405;;100.8594548926201;;;;
2022-03-14 17:00:00;0.0;55.9351611030405;;94.92328655716206;;;;
2022-03-14 18:00:00;0.0;55.9351611030405;;88.01924359613281;;;;
2022-03-14 19:00:00;0.0;55.9351611030405;;80.62153793255217;;;;
2022-03-14 20:00:00;0.0;55.9351611030405;;73.22985582463554;;;;
2022-03-14 21:00:00;0.0;55.9351611030405;;66.33374670618203;;;;
2022-03-14 22:00:00;0.0;55.9351611030405;;60.39108701735908;;;;
2022-03-14 23:00:00;0.0;55.9351611030405;;55.11395328455575;;;;
2022-03-15 00:00:00;0.0;55.9351611030405;;51.48014295160085;;;;
2022-03-15 01:00:00;0.0;55.9351611030405;;50.0;;;;
2022-03-15 02:00:00;0.0;55.9351611030405;;50.26129282352615;;;;
2022-03-15 03:00:00;0.0;55.9351611030405;;52.56732568244033;;;;
2022-03-15 04:00:00;0.0;55.9351611030405;;56.34728211846495;;;;
2022-03-15 05:00:00;0.0;55.9351611030405;;61.29686719469785;;;;
2022-03-15 06:00:00;0.0;55.9351611030405;;67.03349683886809;;;;
2022-03-15 07:00:00;0.0;55.9351611030405;;73.12169361896986;;;;
2022-03-15 08:00:00;0.0;55.9351611030405;;79.1132247002004;;;;
2022-03-15 09:00:00;0.0;55.9351611030405;;84.56524647061582;;;;
2022-03-15 10:00:00;0.0;55.9351611030405;;89.0895053780209;;;;
2022-03-15 11:00:00;0.0;55.9351611030405;;92.35183400951784;;;;
2022-03-15 12:00:00;0.0;55.9351611030405;;94.12214031745148;;;;
2022-03-15 13:00:00;0.0;55.9351611030405;;94.26201082140132;;;;
2022-03-15 14:00:00;0.0;55.9351611030405;;92.75807654484538;;;;
2022-03-15 15:00:00;0.0;55.9351611030405;;89.70521354906019;;;;
2022-03-15 16:00:00;0.0;55.9351611030405;;85.30121743490471;;;;
2022-03-15 17:00:00;0.0;55.9351611030405;;79.83205970402489;;;;
2022-03-15 18:00:00;0.0;55.9351611030405;;73.6525306742078;;;;
2022-03-15 19:00:00;0.0;55.9351611030405;;67.15643593458488;;;;
2022-03-15 20:00:00;0.0;55.9351611030405;;60.75753459898389;;;;
2022-03-15 21:00:00;0.0;55.9351611030405;;54.85192440152329;;;;
2022-03-15 22:00:00;0.0;55.9351611030405;;50.0;;;;
2022-03-15 23:00:00;0.0;55.9351611030405;;50.0;;;;
2022-03-16 00:00:00;0.0;55.9351611030405;;50.0;;;;
2022-03-16 01:00:00;0.0;55.9351611030405;;50.0;;;;
2022-03-16 02:00:00;0.0;55.9351611030405;;50.0;;;;
2022-03-16 03:00:00;0.0;55.9351611030405;;50.0;;;;
2022-03-16 04:00:00;0.0;55.9351611030405;;50.0;;;;
2022-03-16 05:00:00;0.0;55.9351611030405;;52.60024656602972;;;;
2022-03-16 06:00:00;0.0;55.9351611030405;;57.72701591565315;;;;
2022-03-16 07:00:00;0.0;55.9351611030405;;63.23807253167606;;;;
2022-03-16 08:00:00;0.0;55.9351611030405;;68.7563495917486;;;;
2022-03-16 09:00:00;0.0;55.9351611030405;;73.90866450380071;;;;
2022-03-16 10:00:00;0.0;55.9351611030405;;78.34737309958034;;;;
2022-03-16 11:00:00;0.0;55.9351611030405;;81.77024273087264;;;;
2022-03-16 12:00:00;0.0;55.9351611030405;;83.9477992050315;;;;
2022-03-16 13:00:00;0.0;55.9351611030405;;84.73486936166734;;;;
2022-03-16 14:00:00;0.0;55.9351611030405;;84.07896526163293;;;;
2022-03-16 15:00:00;0.0;55.9351611030405;;82.02404965925896;;;;
2022-03-16 16:00:00;0.0;55.9351611030405;;78.70714724841979;;;;
2022-03-16 17:00:00;0.0;55.9351611030405;;74.3485993219562;;;;
2022-03-16 18:00:00;0.0;55.9351611030405;;69.24603477616554;;;;
2022-03-16 19:00:00;0.0;55.9351611030405;;63.74857456231227;;;;
2022-03-16 20:00:00;0.0;55.9351611030405;;58.2387694771293;;;;
2022-03-16 21:00:00;0.0;55.9351611030405;;53.09850912656669;;;;
2022-03-16 22:00:00;0.0;55.9351611030405;;50.0;;;;
2022-03-16 23:00:00;0.0;55.9351611030405;;50.0;;;;
2022-03-17 00:00:00;0.0;55.9351611030405;;50.0;;;;
2022-03-17 01:00:00;0.0;55.9351611030405;;50.0;;;;
2022-03-17 02:00:00;0.0;55.9351611030405;;50.0;;;;
2022-03-17 03:00:00;0.0;55.9351611030405;;50.0;;;;
2022-03-17 04:00:00;0.0;55.9351611030405;;51.62848836540185;;;;
2022-03-17 05:00:00;0.0;55.9351611030405;;56.74062405845537;;;;
2022-03-17 06:00:00;0.0;55.9351611030405;;62.6977518213688;;;;
2022-03-17 07:00:00;0.0;55.9351611030405;;69.11550332246485;;;;
2022-03-17 08:00:00;0.0;55.9351611030405;;75.57389113368058;;;;
2022-03-17 09:00:00;0.0;55.9351611030405;;81.64299435747947;;;;
2022-03-17 10:00:00;0.0;55.9351611030405;;86.91476926825182;;;;
2022-03-17 11:00:00;0.0;55.9351611030405;;91.03336066334256;;;;
2022-03-17 12:00:00;0.0;55.9351611030405;;93.72136966635708;;;;
2022-03-17 13:00:00;0.0;55.9351611030405;;94.8056732190453;;;;
2022-03-17 14:00:00;0.0;55.9351611030405;;94.2155352885157;;;;
2022-03-17 15:00:00;0.0;55.9351611030405;;91.99227320209512;;;;
2022-03-17 16:00:00;0.0;55.9351611030405;;88.289172960421;;;;
2022-03-17 17:00:00;0.0;55.9351611030405;;83.36280791594771;;;;
2022-03-17 18:00:00;0.0;55.9351611030405;;77.56363660041791;;;;
2022-03-17 19:00:00;0.0;55.9351611030405;;71.290983578044;;;;
2022-03-17 20:00:00;0.0;55.9351611030405;;64.98600783189653;;;;
2022-03-17 21:00:00;0.0;55.9351611030405;;59.08561852908512;;;;
2022-03-17 22:00:00;0.0;55.9351611030405;;54.00331457288693;;;;
2022-03-17 23:00:00;0.0;55.9351611030405;;50.74926523697317;;;;
2022-03-18 00:00:00;0.0;55.9351611030405;;50.0;;;;
2022-03-18 01:00:00;0.0;55.9351611030405;;50.0;;;;
2022-03-18 02:00:00;0.0;55.9351611030405;;50.0;;;;
2022-03-18 03:00:00;0.0;55.9351611030405;;52.07776835297123;;;;
2022-03-18 04:00:00;0.0;55.9351611030405;;56.08902215772856;;;;
2022-03-18 05:00:00;0.0;55.9351611030405;;61.31400780693155;;;;
2022-03-18 06:00:00;0.0;55.9351611030405;;67.38517044216078;;;;
2022-03-18 07:00:00;0.0;55.9351611030405;;73.88068475451668;;;;
2022-03-18 08:00:00;0.0;55.9351611030405;;80.34741073054022;;;;
2022-03-18 09:00:00;0.0;55.9351611030405;;86.34155999755478;;;;
2022-03-18 10:00:00;0.0;55.9351611030405;;91.4511455282107;;;;
2022-03-18 11:00:00;0.0;55.9351611030405;;95.31870130548684;;;;
2022-03-18 12:00:00;0.0;55.9351611030405;;97.68179778966564;;;;
2022-03-18 13:00:00;0.0;55.9351611030405;;98.37685049480834;;;;
2022-03-18 14:00:00;0.0;55.9351611030405;;97.36397268928012;;;;
2022-03-18 15:00:00;0.0;55.9351611030405;;94.71046476308597;;;;
2022-03-18 16:00:00;0.0;55.9351611030405;;90.59361122707104;;;;
2022-03-18 17:00:00;0.0;55.9351611030405;;85.29195269401575;;;;
2022-03-18 18:00:00;0.0;55.9351611030405;;79.16192456413599;;;;
2022-03-18 19:00:00;0.0;55.9351611030405;;72.61809542876584;;;;
2022-03-18 20:00:00;0.0;55.9351611030405;;66.10221384076942;;;;
2022-03-18 21:00:00;0.0;55.9351611030405;;60.04816050236909;;;;
2022-03-18 22:00:00;0.0;55.9351611030405;;54.86581443740788;;;;
2022-03-18 23:00:00;0.0;55.9351611030405;;51.16186845945971;;;;
2022-03-19 00:00:00;0.0;55.9351611030405;;50.0;;;;
2022-03-19 01:00:00;0.0;55.9351611030405;;50.0;;;;
2022-03-19 02:00:00;0.0;55.9351611030405;;50.0;;;;
2022-03-19 03:00:00;0.0;55.9351611030405;;51.97818655298313;;;;
2022-03-19 04:00:00;0.0;55.9351611030405;;56.1622322210285;;;;
2022-03-19 05:00:00;0.0;55.9351611030405;;61.62363967418678;;;;
2022-03-19 06:00:00;0.0;55.9351611030405;;68.01283904637418;;;;
2022-03-19 07:00:00;0.0;55.9351611030405;;74.91963001446628;;;;
2022-03-19 08:00:00;0.0;55.9351611030405;;81.89607692088457;;;;
2022-03-19 09:00:00;0.0;55.9351611030405;;88.49166015305227;;;;
2022-03-19 10:00:00;0.0;55.9351611030405;;94.27362159560845;;;;
2022-03-19 11:00:00;0.0;55.9351611030405;;98.86909746475916;;;;
2022-03-19 12:00:00;0.0;55.9351611030405;;101.9777408234632;;;;
2022-03-19 13:00:00;0.0;55.9351611030405;;103.3947026306024;;;;
2022-03-19 14:00:00;0.0;55.9351611030405;;103.0281431188851;;;;
2022-03-19 15:00:00;0.0;55.9351611030405;;100.9126123875317;;;;
2022-03-19 16:00:00;0.0;55.9351611030405;;97.1983549087359;;;;
2022-03-19 17:00:00;0.0;55.9351611030405;;92.14746503429323;;;;
2022-03-19 18:00:00;0.0;55.9351611030405;;86.11082548346602;;;;
2022-03-19 19:00:00;0.0;55.9351611030405;;79.52434868683027;;;;
2022-03-19 20:00:00;0.0;55.9351611030405;;72.85980055881132;;;;
2022-03-19 21:00:00;0.0;55.9351611030405;;66.60712588345041;;;;
2022-03-19 22:00:00;0.0;55.9351611030405;;61.2286258936989;;;;
2022-03-19 23:00:00;0.0;55.9351611030405;;56.74414184754187;;;;
2022-03-20 00:00:00;0.0;55.9351611030405;;53.87587618116061;;;;
2022-03-20 01:00:00;0.0;55.9351611030405;;52.83112639321056;;;;
2022-03-20 02:00:00;0.0;55.9351611030405;;54.08622161547977;;;;
2022-03-20 03:00:00;0.0;55.9351611030405;;57.19550382781217;;;;
2022-03-20 04:00:00;0.0;55.9351611030405;;61.99572448285451;;;;
2022-03-20 05:00:00;0.0;55.9351611030405;;68.19932897586736;;;;
2022-03-20 06:00:00;0.0;55.9351611030405;;75.4163288896847;;;;
2022-03-20 07:00:00;0.0;55.9351611030405;;83.17550664040968;;;;
2022-03-20 08:00:00;0.0;55.9351611030405;;90.97108031186904;;;;
2022-03-20 09:00:00;0.0;55.9351611030405;;98.28616471139752;;;;
2022-03-20 10:00:00;0.0;55.9351611030405;;104.6333608899479;;;;
2022-03-20 11:00:00;0.0;55.9351611030405;;109.5816049378185;;;;
2022-03-20 12:00:00;0.0;55.9351611030405;;112.7951981498533;;;;
2022-03-20 13:00:00;0.0;55.9351611030405;;114.0525025290637;;;;
2022-03-20 14:00:00;0.0;55.9351611030405;;113.2773572262503;;;;
2022-03-20 15:00:00;0.0;55.9351611030405;;110.5173194333538;;;;
2022-03-20 16:00:00;0.0;55.9351611030405;;105.9697825986245;;;;
2022-03-20 17:00:00;0.0;55.9351611030405;;99.94464908366828;;;;
2022-03-20 18:00:00;0.0;55.9351611030405;;92.87204715009116;;;;
2022-03-20 19:00:00;0.0;55.9351611030405;;85.24089189602287;;;;
2022-03-20 20:00:00;0.0;55.9351611030405;;77.58120256942769;;;;
2022-03-20 21:00:00;0.0;55.9351611030405;;70.42010005197635;;;;
2022-03-20 22:00:00;0.0;55.9351611030405;;64.2460081269043;;;;
2022-03-20 23:00:00;0.0;55.9351611030405;;58.61813167021309;;;;
2022-03-21 00:00:00;0.0;55.9351611030405;;54.72198200035105;;;;
2022-03-21 01:00:00;0.0;55.9351611030405;;52.72000896256949;;;;
2022-03-21 02:00:00;0.0;55.9351611030405;;53.49296037090075;;;;
2022-03-21 03:00:00;0.0;55.9351611030405;;56.05439528627909;;;;
2022-03-21 04:00:00;0.0;55.9351611030405;;60.19979325243642;;;;
2022-03-21 05:00:00;0.0;55.9351611030405;;65.60835154957061;;;;
2022-03-21 06:00:00;0.0;55.9351611030405;;71.8804529639468;;;;
2022-03-21 07:00:00;0.0;55.9351611030405;;78.55263365356649;;;;
2022-03-21 08:00:00;0.0;55.9351611030405;;85.14052932945407;;;;
2022-03-21 09:00:00;0.0;55.9351611030405;;91.1647101093272;;;;
2022-03-21 10:00:00;0.0;55.9351611030405;;96.195874185572;;;;
2022-03-21 11:00:00;0.0;55.9351611030405;;99.87511508378186;;;;
2022-03-21 12:00:00;0.0;55.9351611030405;;101.9386817339153;;;;
2022-03-21 13:00:00;0.0;55.9351611030405;;102.2408191606089;;;;
2022-03-21 14:00:00;0.0;55.9351611030405;;100.7514916430433;;;;
2022-03-21 15:00:00;0.0;55.9351611030405;;97.57112489020714;;;;
2022-03-21 16:00:00;0.0;55.9351611030405;;92.89912037015988;;;;
2022-03-21 17:00:00;0.0;55.9351611030405;;87.04376674244993;;;;
2022-03-21 18:00:00;0.0;55.9351611030405;;80.38821130111153;;;;
2022-03-21 19:00:00;0.0;55.9351611030405;;73.36682662494638;;;;
2022-03-21 20:00:00;0.0;55.9351611030405;;66.43139744495846;;;;
2022-03-21 21:00:00;0.0;55.9351611030405;;60.02031866339021;;;;
2022-03-21 22:00:00;0.0;55.9351611030405;;54.53426679017879;;;;
2022-03-21 23:00:00;0.0;55.9351611030405;;50.0;;;;
2022-03-22 00:00:00;0.0;55.9351611030405;;50.0;;;;
2022-03-22 01:00:00;0.0;55.9351611030405;;50.0;;;;
2022-03-22 02:00:00;0.0;55.9351611030405;;50.0;;;;
2022-03-22 03:00:00;0.0;55.9351611030405;;50.0;;;;
2022-03-22 04:00:00;0.0;55.9351611030405;;50.94611376707081;;;;
2022-03-22 05:00:00;0.0;55.9351611030405;;55.56277355898141;;;;
2022-03-22 06:00:00;0.0;55.9351611030405;;60.95386377247773;;;;
2022-03-22 07:00:00;0.0;55.9351611030405;;66.73818172656837;;;;
2022-03-22 08:00:00;0.0;55.9351611030405;;72.51580227122477;;;;
2022-03-22 09:00:00;0.0;55.9351611030405;;77.89096678153473;;;;
2022-03-22 10:00:00;0.0;55.9351611030405;;82.49339483812298;;;;
2022-03-22 11:00:00;0.0;55.9351611030405;;86.01238273347806;;;;
2022-03-22 12:00:00;0.0;55.9351611030405;;88.20491023610188;;;;
2022-03-22 13:00:00;0.0;55.9351611030405;;88.92519315984332;;;;
2022-03-22 14:00:00;0.0;55.9351611030405;;88.1200299418927;;;;
2022-03-22 15:00:00;0.0;55.9351611030405;;85.84500412212448;;;;
2022-03-22 16:00:00;0.0;55.9351611030405;;82.24843516672476;;;;
2022-03-22 17:00:00;0.0;55.9351611030405;;77.56966775066506;;;;
2022-03-22 18:00:00;0.0;55.9351611030405;;72.12205809149268;;;;
2022-03-22 19:00:00;0.0;55.9351611030405;;66.27685853504754;;;;
2022-03-22 20:00:00;0.0;55.9351611030405;;60.43168185728146;;;;
2022-03-22 21:00:00;0.0;55.9351611030405;;54.98738559805238;;;;
2022-03-22 22:00:00;0.0;55.9351611030405;;50.3176678823253;;;;
2022-03-22 23:00:00;0.0;55.9351611030405;;50.0;;;;
2022-03-23 00:00:00;0.0;55.9351611030405;;50.0;;;;
2022-03-23 01:00:00;0.0;55.9351611030405;;50.0;;;;
2022-03-23 02:00:00;0.0;55.9351611030405;;50.0;;;;
2022-03-23 03:00:00;0.0;55.9351611030405;;50.0;;;;
2022-03-23 04:00:00;0.0;55.9351611030405;;50.69515558570367;;;;
2022-03-23 05:00:00;0.0;55.9351611030405;;55.5753026429729;;;;
2022-03-23 06:00:00;0.0;55.9351611030405;;61.25465692652598;;;;
2022-03-23 07:00:00;0.0;55.9351611030405;;67.34977687181143;;;;
2022-03-23 08:00:00;0.0;55.9351611030405;;73.45070329775297;;;;
2022-03-23 09:00:00;0.0;55.9351611030405;;79.14464955257739;;;;
2022-03-23 10:00:00;0.0;55.9351611030405;;84.04278621433389;;;;
2022-03-23 11:00:00;0.0;55.9351611030405;;87.80986885186067;;;;
2022-03-23 12:00:00;0.0;55.9351611030405;;90.1820801237322;;;;
2022-03-23 13:00:00;0.0;55.9351611030405;;90.99695841707651;;;;
2022-03-23 14:00:00;0.0;55.9351611030405;;90.1960606429436;;;;
2022-03-23 15:00:00;0.0;55.9351611030405;;87.83393526245044;;;;
2022-03-23 16:00:00;0.0;55.9351611030405;;84.07421448996806;;;;
2022-03-23 17:00:00;0.0;55.9351611030405;;79.17413639175668;;;;
2022-03-23 18:00:00;0.0;55.9351611030405;;73.47156022872343;;;;
2022-03-23 19:00:00;0.0;55.9351611030405;;67.35243197216295;;;;
2022-03-23 20:00:00;0.0;55.9351611030405;;61.23614387107538;;;;
2022-03-23 21:00:00;0.0;55.9351611030405;;55.53086078452154;;;;
2022-03-23 22:00:00;0.0;55.9351611030405;;50.62066375056176;;;;
2022-03-23 23:00:00;0.0;55.9351611030405;;50.0;;;;
2022-03-24 00:00:00;0.0;55.9351611030405;;50.0;;;;
2022-03-24 01:00:00;0.0;55.9351611030405;;50.0;;;;
2022-03-24 02:00:00;0.0;55.9351611030405;;50.0;;;;
2022-03-24 03:00:00;0.0;55.9351611030405;;50.0;;;;
2022-03-24 04:00:00;0.0;55.9351611030405;;51.35781562990014;;;;
2022-03-24 05:00:00;0.0;55.9351611030405;;55.99262587585899;;;;
2022-03-24 06:00:00;0.0;55.9351611030405;;61.37805086463734;;;;
2022-03-24 07:00:00;0.0;55.9351611030405;;67.12289417560034;;;;
2022-03-24 08:00:00;0.0;55.9351611030405;;72.81852330826032;;;;
2022-03-24 09:00:00;0.0;55.9351611030405;;78.05923159471719;;;;
2022-03-24 10:00:00;0.0;55.9351611030405;;82.47697528716789;;;;
2022-03-24 11:00:00;0.0;55.9351611030405;;85.76278071530203;;;;
2022-03-24 12:00:00;0.0;55.9351611030405;;87.68760054546172;;;;
2022-03-24 13:00:00;0.0;55.9351611030405;;88.11751168815425;;;;
2022-03-24 14:00:00;0.0;55.9351611030405;;87.02179385178096;;;;
2022-03-24 15:00:00;0.0;55.9351611030405;;84.4675918988298;;;;
2022-03-24 16:00:00;0.0;55.9351611030405;;80.6283410510398;;;;
2022-03-24 17:00:00;0.0;55.9351611030405;;75.75576120002333;;;;
2022-03-24 18:00:00;0.0;55.9351611030405;;70.17715611361524;;;;
2022-03-24 19:00:00;0.0;55.9351611030405;;64.25764273545553;;;;
2022-03-24 20:00:00;0.0;55.9351611030405;;58.38850311248012;;;;
2022-03-24 21:00:00;0.0;55.9351611030405;;52.95510687243757;;;;
2022-03-24 22:00:00;0.0;55.9351611030405;;50.0;;;;
2022-03-24 23:00:00;0.0;55.9351611030405;;50.0;;;;
2022-03-25 00:00:00;0.0;55.9351611030405;;50.0;;;;
2022-03-25 01:00:00;0.0;55.9351611030405;;50.0;;;;
2022-03-25 02:00:00;0.0;55.9351611030405;;50.0;;;;
2022-03-25 03:00:00;0.0;55.9351611030405;;50.0;;;;
2022-03-25 04:00:00;0.0;55.9351611030405;;50.37206736876571;;;;
2022-03-25 05:00:00;0.0;55.9351611030405;;55.23344110901532;;;;
2022-03-25 06:00:00;0.0;55.9351611030405;;60.9299587624845;;;;
2022-03-25 07:00:00;0.0;55.9351611030405;;67.09726480183461;;;;
2022-03-25 08:00:00;0.0;55.9351611030405;;73.33299134319105;;;;
2022-03-25 09:00:00;0.0;55.9351611030405;;79.23700727228342;;;;
2022-03-25 10:00:00;0.0;55.9351611030405;;84.41980957084384;;;;
2022-03-25 11:00:00;0.0;55.9351611030405;;88.54832654513808;;;;
2022-03-25 12:00:00;0.0;55.9351611030405;;91.35984479955052;;;;
2022-03-25 13:00:00;0.0;55.9351611030405;;92.66724310774865;;;;
2022-03-25 14:00:00;0.0;55.9351611030405;;92.39238248368326;;;;
2022-03-25 15:00:00;0.0;55.9351611030405;;90.55203931698505;;;;
2022-03-25 16:00:00;0.0;55.9351611030405;;87.28485123660195;;;;
2022-03-25 17:00:00;0.0;55.9351611030405;;82.81566952165103;;;;
2022-03-25 18:00:00;0.0;55.9351611030405;;77.46363602519499;;;;
2022-03-25 19:00:00;0.0;55.9351611030405;;71.6124309201408;;;;
2022-03-25 20:00:00;0.0;55.9351611030405;;65.68813479846672;;;;
2022-03-25 21:00:00;0.0;55.9351611030405;;60.12264136346488;;;;
2022-03-25 22:00:00;0.0;55.9351611030405;;55.33754679883779;;;;
2022-03-25 23:00:00;0.0;55.9351611030405;;51.96855610071609;;;;
2022-03-26 00:00:00;0.0;55.9351611030405;;50.05520472913926;;;;
2022-03-26 01:00:00;0.0;55.9351611030405;;50.0;;;;
2022-03-26 02:00:00;0.0;55.9351611030405;;51.07630086003845;;;;
2022-03-26 03:00:00;0.0;55.9351611030405;;54.10121275399561;;;;
2022-03-26 04:00:00;0.0;55.9351611030405;;58.74024473718313;;;;
2022-03-26 05:00:00;0.0;55.9351611030405;;64.72695729076729;;;;
2022-03-26 06:00:00;0.0;55.9351611030405;;71.69945767483199;;;;
2022-03-26 07:00:00;0.0;55.9351611030405;;79.21883187420744;;;;
2022-03-26 08:00:00;0.0;55.9351611030405;;86.80457595749803;;;;
2022-03-26 09:00:00;0.0;55.9351611030405;;93.96312009740936;;;;
2022-03-26 10:00:00;0.0;55.9351611030405;;100.2196976883172;;;;
2022-03-26 11:00:00;0.0;55.9351611030405;;105.1619894948805;;;;
2022-03-26 12:00:00;0.0;55.9351611030405;;108.4535085828247;;;;
2022-03-26 13:00:00;0.0;55.9351611030405;;109.8784906996937;;;;
2022-03-26 14:00:00;0.0;55.9351611030405;;109.3411122723959;;;;
2022-03-26 15:00:00;0.0;55.9351611030405;;106.8930946619416;;;;
2022-03-26 16:00:00;0.0;55.9351611030405;;102.7030217763648;;;;
2022-03-26 17:00:00;0.0;55.9351611030405;;97.0710651798629;;;;
2022-03-26 18:00:00;0.0;55.9351611030405;;90.39551452124454;;;;
2022-03-26 19:00:00;0.0;55.9351611030405;;83.1520862395291;;;;
2022-03-26 20:00:00;0.0;55.9351611030405;;75.84927546007374;;;;
2022-03-26 21:00:00;0.0;55.9351611030405;;69.00072870491212;;;;
2022-03-26 22:00:00;0.0;55.9351611030405;;63.09197164961178;;;;
2022-03-26 23:00:00;0.0;55.9351611030405;;58.13452519186278;;;;
2022-03-27 00:00:00;0.0;55.9351611030405;;54.85829845831812;;;;
2022-03-27 01:00:00;0.0;55.9351611030405;;53.44752991274954;;;;
2022-03-27 02:00:00;0.0;55.9351611030405;;54.35942954570317;;;;
2022-03-27 03:00:00;0.0;55.9351611030405;;57.09993428761906;;;;
2022-03-27 04:00:00;0.0;55.9351611030405;;61.46781370628476;;;;
2022-03-27 05:00:00;0.0;55.9351611030405;;67.15371066162533;;;;
2022-03-27 06:00:00;0.0;55.9351611030405;;73.74992383136252;;;;
2022-03-27 07:00:00;0.0;55.9351611030405;;80.7907504917975;;;;
2022-03-27 08:00:00;0.0;55.9351611030405;;87.77617716900751;;;;
2022-03-27 09:00:00;0.0;55.9351611030405;;94.21507988417764;;;;
2022-03-27 10:00:00;0.0;55.9351611030405;;99.65601073286132;;;;
2022-03-27 11:00:00;0.0;55.9351611030405;;103.7149143114447;;;;
2022-03-27 12:00:00;0.0;55.9351611030405;;106.1109627095969;;;;
2022-03-27 13:00:00;0.0;55.9351611030405;;106.6747620481922;;;;
2022-03-27 14:00:00;0.0;55.9351611030405;;105.3683904229028;;;;
2022-03-27 15:00:00;0.0;55.9351611030405;;102.2761981508889;;;;
2022-03-27 16:00:00;0.0;55.9351611030405;;97.60784572469387;;;;
2022-03-27 17:00:00;0.0;55.9351611030405;;91.67375368983474;;;;
2022-03-27 18:00:00;0.0;55.9351611030405;;84.86713699122336;;;;
2022-03-27 19:00:00;0.0;55.9351611030405;;77.63836859793281;;;;
2022-03-27 20:00:00;0.0;55.9351611030405;;70.46658867306442;;;;
2022-03-27 21:00:00;0.0;55.9351611030405;;63.8186055030255;;;;
2022-03-27 22:00:00;0.0;55.9351611030405;;58.12400317484972;;;;
2022-03-27 23:00:00;0.0;55.9351611030405;;52.96808659919892;;;;
2022-03-28 00:00:00;0.0;55.9351611030405;;50.0;;;;
2022-03-28 01:00:00;0.0;55.9351611030405;;50.0;;;;
2022-03-28 02:00:00;0.0;55.9351611030405;;50.0;;;;
2022-03-28 03:00:00;0.0;55.9351611030405;;50.73090991360369;;;;
2022-03-28 04:00:00;0.0;55.9351611030405;;54.58790288506752;;;;
2022-03-28 05:00:00;0.0;55.9351611030405;;59.64580004164485;;;;
2022-03-28 06:00:00;0.0;55.9351611030405;;65.55229784250496;;;;
2022-03-28 07:00:00;0.0;55.9351611030405;;71.90097250566862;;;;
2022-03-28 08:00:00;0.0;55.9351611030405;;78.25772080375975;;;;
2022-03-28 09:00:00;0.0;55.9351611030405;;84.19203075324455;;;;
2022-03-28 10:00:00;0.0;55.9351611030405;;89.29542398413362;;;;
2022-03-28 11:00:00;0.0;55.9351611030405;;93.22590889583674;;;;
2022-03-28 12:00:00;0.0;55.9351611030405;;95.71728935504316;;;;
2022-03-28 13:00:00;0.0;55.9351611030405;;96.60355363068452;;;;
2022-03-28 14:00:00;0.0;55.9351611030405;;95.8227284202572;;;;
2022-03-28 15:00:00;0.0;55.9351611030405;;93.42518240948952;;;;
2022-03-28 16:00:00;0.0;55.9351611030405;;89.57472126152794;;;;
2022-03-28 17:00:00;0.0;55.9351611030405;;84.53026192889851;;;;
2022-03-28 18:00:00;0.0;55.9351611030405;;78.63665954362244;;;;
2022-03-28 19:00:00;0.0;55.9351611030405;;72.2946918595919;;;;
2022-03-28 20:00:00;0.0;55.9351611030405;;65.93937290175808;;;;
2022-03-28 21:00:00;0.0;55.9351611030405;;60.01220223762251;;;;
2022-03-28 22:00:00;0.0;55.9351611030405;;54.92163718425616;;;;
2022-03-28 23:00:00;0.0;55.9351611030405;;50.39464346540083;;;;
2022-03-29 00:00:00;0.0;55.9351611030405;;50.0;;;;
2022-03-29 01:00:00;0.0;55.9351611030405;;50.0;;;;
2022-03-29 02:00:00;0.0;55.9351611030405;;50.0;;;;
2022-03-29 03:00:00;0.0;55.9351611030405;;50.0;;;;
2022-03-29 04:00:00;0.0;55.9351611030405;;53.24123345103695;;;;
2022-03-29 05:00:00;0.0;55.9351611030405;;58.33674761649885;;;;
2022-03-29 06:00:00;0.0;55.9351611030405;;64.25851985403338;;;;
2022-03-29 07:00:00;0.0;55.9351611030405;;70.60248535521245;;;;
2022-03-29 08:00:00;0.0;55.9351611030405;;76.93557773416812;;;;
2022-03-29 09:00:00;0.0;55.9351611030405;;82.82665903947282;;;;
2022-03-29 10:00:00;0.0;55.9351611030405;;87.87119969167176;;;;
2022-03-29 11:00:00;0.0;55.9351611030405;;91.71841754113048;;;;
2022-03-29 12:00:00;0.0;55.9351611030405;;94.09387925531053;;;;
2022-03-29 13:00:00;0.0;55.9351611030405;;94.83355169159344;;;;
2022-03-29 14:00:00;0.0;55.9351611030405;;93.88702826771572;;;;
2022-03-29 15:00:00;0.0;55.9351611030405;;91.3181402590216;;;;
2022-03-29 16:00:00;0.0;55.9351611030405;;87.29397107616637;;;;
2022-03-29 17:00:00;0.0;55.9351611030405;;82.08917134291883;;;;
2022-03-29 18:00:00;0.0;55.9351611030405;;76.06046410358255;;;;
2022-03-29 19:00:00;0.0;55.9351611030405;;69.61819856725486;;;;
2022-03-29 20:00:00;0.0;55.9351611030405;;63.1936539325484;;;;
2022-03-29 21:00:00;0.0;55.9351611030405;;57.21212668302454;;;;
2022-03-29 22:00:00;0.0;55.9351611030405;;52.06496137578803;;;;
2022-03-29 23:00:00;0.0;55.9351611030405;;50.0;;;;
2022-03-30 00:00:00;0.0;55.9351611030405;;50.0;;;;
2022-03-30 01:00:00;0.0;55.9351611030405;;50.0;;;;
2022-03-30 02:00:00;0.0;55.9351611030405;;50.0;;;;
2022-03-30 03:00:00;0.0;55.9351611030405;;50.0;;;;
2022-03-30 04:00:00;0.0;55.9351611030405;;50.31710210523174;;;;
2022-03-30 05:00:00;0.0;55.9351611030405;;54.7406524344329;;;;
2022-03-30 06:00:00;0.0;55.9351611030405;;59.86916945473708;;;;
2022-03-30 07:00:00;0.0;55.9351611030405;;65.32208962501973;;;;
2022-03-30 08:00:00;0.0;55.9351611030405;;70.69892705160434;;;;
2022-03-30 09:00:00;0.0;55.9351611030405;;75.61032274865207;;;;
2022-03-30 10:00:00;0.0;55.9351611030405;;79.69522549047481;;;;
2022-03-30 11:00:00;0.0;55.9351611030405;;82.6615597609234;;;;
2022-03-30 12:00:00;0.0;55.9351611030405;;84.29757143253151;;;;
2022-03-30 13:00:00;0.0;55.9351611030405;;84.48842586926037;;;;
2022-03-30 14:00:00;0.0;55.9351611030405;;83.2132442661864;;;;
2022-03-30 15:00:00;0.0;55.9351611030405;;80.55187810838814;;;;
2022-03-30 16:00:00;0.0;55.9351611030405;;76.67789142190914;;;;
2022-03-30 17:00:00;0.0;55.9351611030405;;71.84589858587768;;;;
2022-03-30 18:00:00;0.0;55.9351611030405;;66.36809068432161;;;;
2022-03-30 19:00:00;0.0;55.9351611030405;;60.59631765984357;;;;
2022-03-30 20:00:00;0.0;55.9351611030405;;54.90064617136449;;;;
2022-03-30 21:00:00;0.0;55.9351611030405;;50.0;;;;
2022-03-30 22:00:00;0.0;55.9351611030405;;50.0;;;;
2022-03-30 23:00:00;0.0;55.9351611030405;;50.0;;;;
2022-03-31 00:00:00;0.0;55.9351611030405;;50.0;;;;
2022-03-31 01:00:00;0.0;55.9351611030405;;50.0;;;;
2022-03-31 02:00:00;0.0;55.9351611030405;;50.0;;;;
2022-03-31 03:00:00;0.0;55.9351611030405;;50.0;;;;
2022-03-31 04:00:00;0.0;55.9351611030405;;50.0;;;;
2022-03-31 05:00:00;0.0;55.9351611030405;;50.22606827695974;;;;
2022-03-31 06:00:00;0.0;55.9351611030405;;55.25848193682448;;;;
2022-03-31 07:00:00;0.0;55.9351611030405;;60.69083187878744;;;;
2022-03-31 08:00:00;0.0;55.9351611030405;;66.16420351545506;;;;
2022-03-31 09:00:00;0.0;55.9351611030405;;71.31690952687185;;;;
2022-03-31 10:00:00;0.0;55.9351611030405;;75.80624797154987;;;;
2022-03-31 11:00:00;0.0;55.9351611030405;;79.33938537959402;;;;
2022-03-31 12:00:00;0.0;55.9351611030405;;81.68397141410048;;;;
2022-03-31 13:00:00;0.0;55.9351611030405;;82.68824557434249;;;;
2022-03-31 14:00:00;0.0;55.9351611030405;;82.28167889181898;;;;
2022-03-31 15:00:00;0.0;55.9351611030405;;80.49605117438136;;;;
2022-03-31 16:00:00;0.0;55.9351611030405;;77.457212274445;;;;
2022-03-31 17:00:00;0.0;55.9351611030405;;73.37775217751263;;;;
2022-03-31 18:00:00;0.0;55.9351611030405;;68.54014501232098;;;;
2022-03-31 19:00:00;0.0;55.9351611030405;;63.28183204214082;;;;
2022-03-31 20:00:00;0.0;55.9351611030405;;57.9764159394724;;;;
2022-03-31 21:00:00;0.0;55.9351611030405;;53.00672278107461;;;;
2022-03-31 22:00:00;0.0;55.9351611030405;;50.0;;;;
2022-03-31 23:00:00;0.0;55.9351611030405;;50.0;;;;
2022-04-01 00:00:00;0.0;55.9351611030405;;50.0;;;;
2022-04-01 01:00:00;0.0;55.9351611030405;;50.0;;;;
2022-04-01 02:00:00;0.0;55.9351611030405;;50.0;;;;
2022-04-01 03:00:00;0.0;55.9351611030405;;50.0;;;;
2022-04-01 04:00:00;0.0;55.9351611030405;;52.85200225950429;;;;
2022-04-01 05:00:00;0.0;55.9351611030405;;58.2233633774526;;;;
2022-04-01 06:00:00;0.0;55.9351611030405;;64.47997351648016;;;;
2022-04-01 07:00:00;0.0;55.9351611030405;;71.23407384249307;;;;
2022-04-01 08:00:00;0.0;55.9351611030405;;78.05006981854598;;;;
2022-04-01 09:00:00;0.0;55.9351611030405;;84.48930470512855;;;;
2022-04-01 10:00:00;0.0;55.9351611030405;;90.1267617008668;;;;
2022-04-01 11:00:00;0.0;55.9351611030405;;94.59282707286144;;;;
2022-04-01 12:00:00;0.0;55.9351611030405;;97.5860191119962;;;;
2022-04-01 13:00:00;0.0;55.9351611030405;;98.90536336604816;;;;
2022-04-01 14:00:00;0.0;55.9351611030405;;98.46480354389904;;;;
2022-04-01 15:00:00;0.0;55.9351611030405;;96.30424028574754;;;;
2022-04-01 16:00:00;0.0;55.9351611030405;;92.58039898886092;;;;
2022-04-01 17:00:00;0.0;55.9351611030405;;87.55395436108996;;;;
2022-04-01 18:00:00;0.0;55.9351611030405;;81.58483004048752;;;;
2022-04-01 19:00:00;0.0;55.9351611030405;;75.0947686916038;;;;
2022-04-01 20:00:00;0.0;55.9351611030405;;68.54726748558298;;;;
2022-04-01 21:00:00;0.0;55.9351611030405;;62.40736787018183;;;;
2022-04-01 22:00:00;0.0;55.9351611030405;;57.11397683657566;;;;
2022-04-01 23:00:00;0.0;55.9351611030405;;53.3033241515384;;;;
2022-04-02 00:00:00;0.0;55.9351611030405;;51.00244302066717;;;;
2022-04-02 01:00:00;0.0;55.9351611030405;;50.4053132778039;;;;
2022-04-02 02:00:00;0.0;55.9351611030405;;51.32802327439252;;;;
2022-04-02 03:00:00;0.0;55.9351611030405;;53.98132437970076;;;;
2022-04-02 04:00:00;0.0;55.9351611030405;;58.18541057181243;;;;
2022-04-02 05:00:00;0.0;55.9351611030405;;63.65035361213193;;;;
2022-04-02 06:00:00;0.0;55.9351611030405;;69.99848974240521;;;;
2022-04-02 07:00:00;0.0;55.9351611030405;;76.79185917325361;;;;
2022-04-02 08:00:00;0.0;55.9351611030405;;83.55799887610638;;;;
2022-04-02 09:00:00;0.0;55.9351611030405;;89.82857781862101;;;;
2022-04-02 10:00:00;0.0;55.9351611030405;;95.17088010722372;;;;
2022-04-02 11:00:00;0.0;55.9351611030405;;99.21727546782964;;;;
2022-04-02 12:00:00;0.0;55.9351611030405;;101.6887891949541;;;;
2022-04-02 13:00:00;0.0;55.9351611030405;;102.4169487897143;;;;
2022-04-02 14:00:00;0.0;55.9351611030405;;101.3585072956155;;;;
2022-04-02 15:00:00;0.0;55.9351611030405;;98.58750780175755;;;;
2022-04-02 16:00:00;0.0;55.9351611030405;;94.28294028008452;;;;
2022-04-02 17:00:00;0.0;55.9351611030405;;88.7352429152628;;;;
2022-04-02 18:00:00;0.0;55.9351611030405;;82.31828285598493;;;;
2022-04-02 19:00:00;0.0;55.9351611030405;;75.47154847973928;;;;
2022-04-02 20:00:00;0.0;55.9351611030405;;68.65096013352351;;;;
2022-04-02 21:00:00;0.0;55.9351611030405;;62.31480799289673;;;;
2022-04-02 22:00:00;0.0;55.9351611030405;;56.88570107155078;;;;
2022-04-02 23:00:00;0.0;55.9351611030405;;52.35922827262475;;;;
2022-04-03 00:00:00;0.0;55.9351611030405;;50.0;;;;
2022-04-03 01:00:00;0.0;55.9351611030405;;50.0;;;;
2022-04-03 02:00:00;0.0;55.9351611030405;;50.0;;;;
2022-04-03 03:00:00;0.0;55.9351611030405;;51.53425447625584;;;;
2022-04-03 04:00:00;0.0;55.9351611030405;;55.5961537253197;;;;
2022-04-03 05:00:00;0.0;55.9351611030405;;60.905090747805;;;;
2022-04-03 06:00:00;0.0;55.9351611030405;;67.10799095798534;;;;
2022-04-03 07:00:00;0.0;55.9351611030405;;73.79527760194486;;;;
2022-04-03 08:00:00;0.0;55.9351611030405;;80.5195838810796;;;;
2022-04-03 09:00:00;0.0;55.9351611030405;;86.84062534585891;;;;
2022-04-03 10:00:00;0.0;55.9351611030405;;92.33816966449984;;;;
2022-04-03 11:00:00;0.0;55.9351611030405;;96.64116904283854;;;;
2022-04-03 12:00:00;0.0;55.9351611030405;;99.46360161292908;;;;
2022-04-03 13:00:00;0.0;55.9351611030405;;100.6181852555603;;;;
2022-04-03 14:00:00;0.0;55.9351611030405;;100.0344930146549;;;;
2022-04-03 15:00:00;0.0;55.9351611030405;;97.75654740248646;;;;
2022-04-03 16:00:00;0.0;55.9351611030405;;93.94018318914;;;;
2022-04-03 17:00:00;0.0;55.9351611030405;;88.85438705889653;;;;
2022-04-03 18:00:00;0.0;55.9351611030405;;82.84345619756243;;;;
2022-04-03 19:00:00;0.0;55.9351611030405;;76.33045282909231;;;;
2022-04-03 20:00:00;0.0;55.9351611030405;;69.77060949604291;;;;
2022-04-03 21:00:00;0.0;55.9351611030405;;63.62924765044407;;;;
2022-04-03 22:00:00;0.0;55.9351611030405;;58.3517619545129;;;;
2022-04-03 23:00:00;0.0;55.9351611030405;;53.52501634895512;;;;
2022-04-04 00:00:00;0.0;55.9351611030405;;50.26142728148929;;;;
2022-04-04 01:00:00;0.0;55.9351611030405;;50.0;;;;
2022-04-04 02:00:00;0.0;55.9351611030405;;50.0;;;;
2022-04-04 03:00:00;0.0;55.9351611030405;;52.4905166513516;;;;
2022-04-04 04:00:00;0.0;55.9351611030405;;56.75536574141518;;;;
2022-04-04 05:00:00;0.0;55.9351611030405;;62.28183721090168;;;;
2022-04-04 06:00:00;0.0;55.9351611030405;;68.70659672077319;;;;
2022-04-04 07:00:00;0.0;55.9351611030405;;75.6017868186733;;;;
2022-04-04 08:00:00;0.0;55.9351611030405;;82.4983462705681;;;;
2022-04-04 09:00:00;0.0;55.9351611030405;;88.92674465010201;;;;
2022-04-04 10:00:00;0.0;55.9351611030405;;94.44720184829792;;;;
2022-04-04 11:00:00;0.0;55.9351611030405;;98.6862735504189;;;;
2022-04-04 12:00:00;0.0;55.9351611030405;;101.3496617382753;;;;
2022-04-04 13:00:00;0.0;55.9351611030405;;102.2546176360009;;;;
2022-04-04 14:00:00;0.0;55.9351611030405;;101.3325526549204;;;;
2022-04-04 15:00:00;0.0;55.9351611030405;;98.64625837682236;;;;
2022-04-04 16:00:00;0.0;55.9351611030405;;94.37821311204937;;;;
2022-04-04 17:00:00;0.0;55.9351611030405;;88.82496707708697;;;;
2022-04-04 18:00:00;0.0;55.9351611030405;;82.36779394850277;;;;
2022-04-04 19:00:00;0.0;55.9351611030405;;75.44650956267199;;;;
2022-04-04 20:00:00;0.0;55.9351611030405;;68.52796583521193;;;;
2022-04-04 21:00:00;0.0;55.9351611030405;;62.07633747344504;;;;
2022-04-04 22:00:00;0.0;55.9351611030405;;56.51745234122997;;;;
2022-04-04 23:00:00;0.0;55.9351611030405;;51.56716888151109;;;;
2022-04-05 00:00:00;0.0;55.9351611030405;;50.0;;;;
2022-04-05 01:00:00;0.0;55.9351611030405;;50.0;;;;
2022-04-05 02:00:00;0.0;55.9351611030405;;50.0;;;;
2022-04-05 03:00:00;0.0;55.9351611030405;;50.0;;;;
2022-04-05 04:00:00;0.0;55.9351611030405;;52.69609733791156;;;;
2022-04-05 05:00:00;0.0;55.9351611030405;;57.32642562376133;;;;
2022-04-05 06:00:00;0.0;55.9351611030405;;62.68983656647102;;;;
2022-04-05 07:00:00;0.0;55.9351611030405;;68.38543714901891;;;;
2022-04-05 08:00:00;0.0;55.9351611030405;;73.99079843575655;;;;
2022-04-05 09:00:00;0.0;55.9351611030405;;79.09653157898933;;;;
2022-04-05 10:00:00;0.0;55.9351611030405;;83.33020752641576;;;;
2022-04-05 11:00:00;0.0;55.9351611030405;;86.38049360473958;;;;
2022-04-05 12:00:00;0.0;55.9351611030405;;88.03040465001999;;;;
2022-04-05 13:00:00;0.0;55.9351611030405;;88.15578748326652;;;;
2022-04-05 14:00:00;0.0;55.9351611030405;;86.7490114252772;;;;
2022-04-05 15:00:00;0.0;55.9351611030405;;83.89262368217662;;;;
2022-04-05 16:00:00;0.0;55.9351611030405;;79.77307640355448;;;;
2022-04-05 17:00:00;0.0;55.9351611030405;;74.65739181272522;;;;
2022-04-05 18:00:00;0.0;55.9351611030405;;68.87708293148253;;;;
2022-04-05 19:00:00;0.0;55.9351611030405;;62.80332388273274;;;;
2022-04-05 20:00:00;0.0;55.9351611030405;;56.81846203159854;;;;
2022-04-05 21:00:00;0.0;55.9351611030405;;51.29718914952517;;;;
2022-04-05 22:00:00;0.0;55.9351611030405;;50.0;;;;
2022-04-05 23:00:00;0.0;55.9351611030405;;50.0;;;;
2022-04-06 00:00:00;0.0;55.9351611030405;;50.0;;;;
2022-04-06 01:00:00;0.0;55.9351611030405;;50.0;;;;
2022-04-06 02:00:00;0.0;55.9351611030405;;50.0;;;;
2022-04-06 03:00:00;0.0;55.9351611030405;;50.0;;;;
2022-04-06 04:00:00;0.0;55.9351611030405;;50.0;;;;
2022-04-06 05:00:00;0.0;55.9351611030405;;50.0;;;;
2022-04-06 06:00:00;0.0;55.9351611030405;;53.93982221396499;;;;
2022-04-06 07:00:00;0.0;55.9351611030405;;59.08631684884314;;;;
2022-04-06 08:00:00;0.0;55.9351611030405;;64.24043625212133;;;;
2022-04-06 09:00:00;0.0;55.9351611030405;;69.05438726143385;;;;
2022-04-06 10:00:00;0.0;55.9351611030405;;73.19668373542905;;;;
2022-04-06 11:00:00;0.0;55.9351611030405;;76.39278460540304;;;;
2022-04-06 12:00:00;0.0;55.9351611030405;;78.42517035803911;;;;
2022-04-06 13:00:00;0.0;55.9351611030405;;79.15782954092441;;;;
2022-04-06 14:00:00;0.0;55.9351611030405;;78.54151285902068;;;;
2022-04-06 15:00:00;0.0;55.9351611030405;;76.61909080004463;;;;
2022-04-06 16:00:00;0.0;55.9351611030405;;73.51962969901199;;;;
2022-04-06 17:00:00;0.0;55.9351611030405;;69.45014778686952;;;;
2022-04-06 18:00:00;0.0;55.9351611030405;;64.6853545934535;;;;
2022-04-06 19:00:00;0.0;55.9351611030405;;59.55290252688644;;;;
2022-04-06 20:00:00;0.0;55.9351611030405;;54.40717185921973;;;;
2022-04-06 21:00:00;0.0;55.9351611030405;;50.0;;;;
2022-04-06 22:00:00;0.0;55.9351611030405;;50.0;;;;
2022-04-06 23:00:00;0.0;55.9351611030405;;50.0;;;;
2022-04-07 00:00:00;0.0;55.9351611030405;;50.0;;;;
2022-04-07 01:00:00;0.0;55.9351611030405;;50.0;;;;
2022-04-07 02:00:00;0.0;55.9351611030405;;50.0;;;;
2022-04-07 03:00:00;0.0;55.9351611030405;;50.0;;;;
2022-04-07 04:00:00;0.0;55.9351611030405;;50.0;;;;
2022-04-07 05:00:00;0.0;55.9351611030405;;52.95717122683848;;;;
2022-04-07 06:00:00;0.0;55.9351611030405;;58.5162429416129;;;;
2022-04-07 07:00:00;0.0;55.9351611030405;;64.50350520458768;;;;
2022-04-07 08:00:00;0.0;55.9351611030405;;70.52381926119219;;;;
2022-04-07 09:00:00;0.0;55.9351611030405;;76.18213737263548;;;;
2022-04-07 10:00:00;0.0;55.9351611030405;;81.10078404188532;;;;
2022-04-07 11:00:00;0.0;55.9351611030405;;84.95274274307626;;;;
2022-04-07 12:00:00;0.0;55.9351611030405;;87.47438689053726;;;;
2022-04-07 13:00:00;0.0;55.9351611030405;;88.49324014702148;;;;
2022-04-07 14:00:00;0.0;55.9351611030405;;87.94664781920181;;;;
2022-04-07 15:00:00;0.0;55.9351611030405;;85.87184969197952;;;;
2022-04-07 16:00:00;0.0;55.9351611030405;;82.418537353325;;;;
2022-04-07 17:00:00;0.0;55.9351611030405;;77.82269970914888;;;;
2022-04-07 18:00:00;0.0;55.9351611030405;;72.40858006196427;;;;
2022-04-07 19:00:00;0.0;55.9351611030405;;66.55517316030492;;;;
2022-04-07 20:00:00;0.0;55.9351611030405;;60.67189946015335;;;;
2022-04-07 21:00:00;0.0;55.9351611030405;;55.17066114644912;;;;
2022-04-07 22:00:00;0.0;55.9351611030405;;50.43134161039659;;;;
2022-04-07 23:00:00;0.0;55.9351611030405;;50.0;;;;
2022-04-08 00:00:00;0.0;55.9351611030405;;50.0;;;;
2022-04-08 01:00:00;0.0;55.9351611030405;;50.0;;;;
2022-04-08 02:00:00;0.0;55.9351611030405;;50.0;;;;
2022-04-08 03:00:00;0.0;55.9351611030405;;50.0;;;;
2022-04-08 04:00:00;0.0;55.9351611030405;;52.35469260423524;;;;
2022-04-08 05:00:00;0.0;55.9351611030405;;57.22825876907351;;;;
2022-04-08 06:00:00;0.0;55.9351611030405;;62.89239094462933;;;;
2022-04-08 07:00:00;0.0;55.9351611030405;;68.95344740840534;;;;
2022-04-08 08:00:00;0.0;55.9351611030405;;74.99241236923564;;;;
2022-04-08 09:00:00;0.0;55.9351611030405;;80.58724840025288;;;;
2022-04-08 10:00:00;0.0;55.9351611030405;;85.35457827787229;;;;
2022-04-08 11:00:00;0.0;55.9351611030405;;88.96487614753363;;;;
2022-04-08 12:00:00;0.0;55.9351611030405;;91.17236768683593;;;;
2022-04-08 13:00:00;0.0;55.9351611030405;;91.82190376130367;;;;
2022-04-08 14:00:00;0.0;55.9351611030405;;90.8720594956953;;;;
2022-04-08 15:00:00;0.0;55.9351611030405;;88.39147909973079;;;;
2022-04-08 16:00:00;0.0;55.9351611030405;;84.54878360148187;;;;
2022-04-08 17:00:00;0.0;55.9351611030405;;79.60147481029779;;;;
2022-04-08 18:00:00;0.0;55.9351611030405;;73.88164744768174;;;;
2022-04-08 19:00:00;0.0;55.9351611030405;;67.775574104976;;;;
2022-04-08 20:00:00;0.0;55.9351611030405;;61.69219900762999;;;;
2022-04-08 21:00:00;0.0;55.9351611030405;;56.04455361968669;;;;
2022-04-08 22:00:00;0.0;55.9351611030405;;51.20958829866036;;;;
2022-04-08 23:00:00;0.0;55.9351611030405;;50.0;;;;
2022-04-09 00:00:00;0.0;55.9351611030405;;50.0;;;;
2022-04-09 01:00:00;0.0;55.9351611030405;;50.0;;;;
2022-04-09 02:00:00;0.0;55.9351611030405;;50.0;;;;
2022-04-09 03:00:00;0.0;55.9351611030405;;50.0;;;;
2022-04-09 04:00:00;0.0;55.9351611030405;;52.38778808218095;;;;
2022-04-09 05:00:00;0.0;55.9351611030405;;57.48256778077221;;;;
2022-04-09 06:00:00;0.0;55.9351611030405;;63.44349528681179;;;;
2022-04-09 07:00:00;0.0;55.9351611030405;;69.88648754719522;;;;
2022-04-09 08:00:00;0.0;55.9351611030405;;76.3963979085889;;;;
2022-04-09 09:00:00;0.0;55.9351611030405;;82.54839659318448;;;;
2022-04-09 10:00:00;0.0;55.9351611030405;;87.94212443413133;;;;
2022-04-09 11:00:00;0.0;55.9351611030405;;92.22661684806862;;;;
2022-04-09 12:00:00;0.0;55.9351611030405;;95.12134623046452;;;;
2022-04-09 13:00:00;0.0;55.9351611030405;;96.4393015841906;;;;
2022-04-09 14:00:00;0.0;55.9351611030405;;96.0943544871116;;;;
2022-04-09 15:00:00;0.0;55.9351611030405;;94.1181283583321;;;;
2022-04-09 16:00:00;0.0;55.9351611030405;;90.64560757684482;;;;
2022-04-09 17:00:00;0.0;55.9351611030405;;85.9289419629317;;;;
2022-04-09 18:00:00;0.0;55.9351611030405;;80.30079725646507;;;;
2022-04-09 19:00:00;0.0;55.9351611030405;;74.16159331292926;;;;
2022-04-09 20:00:00;0.0;55.9351611030405;;67.947572510428;;;;
2022-04-09 21:00:00;0.0;55.9351611030405;;62.11438229626675;;;;
2022-04-09 22:00:00;0.0;55.9351611030405;;57.09663185507097;;;;
2022-04-09 23:00:00;0.0;55.9351611030405;;52.90152406509132;;;;
2022-04-10 00:00:00;0.0;55.9351611030405;;50.21589287305832;;;;
2022-04-10 01:00:00;0.0;55.9351611030405;;50.0;;;;
2022-04-10 02:00:00;0.0;55.9351611030405;;50.40386845718738;;;;
2022-04-10 03:00:00;0.0;55.9351611030405;;53.30087252182701;;;;
2022-04-10 04:00:00;0.0;55.9351611030405;;57.77151988572476;;;;
2022-04-10 05:00:00;0.0;55.9351611030405;;63.54910153531734;;;;
2022-04-10 06:00:00;0.0;55.9351611030405;;70.2697445618779;;;;
2022-04-10 07:00:00;0.0;55.9351611030405;;77.49688584252907;;;;
2022-04-10 08:00:00;0.0;55.9351611030405;;84.75672673424418;;;;
2022-04-10 09:00:00;0.0;55.9351611030405;;91.56994972942276;;;;
2022-04-10 10:00:00;0.0;55.9351611030405;;97.48104376691124;;;;
2022-04-10 11:00:00;0.0;55.9351611030405;;102.0946861419379;;;;
2022-04-10 12:00:00;0.0;55.9351611030405;;105.092593944978;;;;
2022-04-10 13:00:00;0.0;55.9351611030405;;106.2705503403799;;;;
2022-04-10 14:00:00;0.0;55.9351611030405;;105.5478936274366;;;;
2022-04-10 15:00:00;0.0;55.9351611030405;;102.9768548364309;;;;
2022-04-10 16:00:00;0.0;55.9351611030405;;98.73823569862402;;;;
2022-04-10 17:00:00;0.0;55.9351611030405;;93.12660077037393;;;;
2022-04-10 18:00:00;0.0;55.9351611030405;;86.5364155866776;;;;
2022-04-10 19:00:00;0.0;55.9351611030405;;79.4285383618353;;;;
2022-04-10 20:00:00;0.0;55.9351611030405;;72.29288795580428;;;;
2022-04-10 21:00:00;0.0;55.9351611030405;;65.62160590399675;;;;
2022-04-10 22:00:00;0.0;55.9351611030405;;59.86754219181603;;;;
2022-04-10 23:00:00;0.0;55.9351611030405;;54.61358488703666;;;;
2022-04-11 00:00:00;0.0;55.9351611030405;;50.97367935169873;;;;
2022-04-11 01:00:00;0.0;55.9351611030405;;50.0;;;;
2022-04-11 02:00:00;0.0;55.9351611030405;;50.0;;;;
2022-04-11 03:00:00;0.0;55.9351611030405;;52.19844332657297;;;;
2022-04-11 04:00:00;0.0;55.9351611030405;;56.056635545182;;;;
2022-04-11 05:00:00;0.0;55.9351611030405;;61.09406542616883;;;;
2022-04-11 06:00:00;0.0;55.9351611030405;;66.9341377839674;;;;
2022-04-11 07:00:00;0.0;55.9351611030405;;73.15038695504239;;;;
2022-04-11 08:00:00;0.0;55.9351611030405;;79.28760129359667;;;;
2022-04-11 09:00:00;0.0;55.9351611030405;;84.9030562416802;;;;
2022-04-11 10:00:00;0.0;55.9351611030405;;89.59260659015112;;;;
2022-04-11 11:00:00;0.0;55.9351611030405;;93.0226369199361;;;;
2022-04-11 12:00:00;0.0;55.9351611030405;;94.94473485439444;;;;
2022-04-11 13:00:00;0.0;55.9351611030405;;95.22383061648134;;;;
2022-04-11 14:00:00;0.0;55.9351611030405;;93.833785910233;;;;
2022-04-11 15:00:00;0.0;55.9351611030405;;90.86596284648932;;;;
2022-04-11 16:00:00;0.0;55.9351611030405;;86.51067701737266;;;;
2022-04-11 17:00:00;0.0;55.9351611030405;;81.05663684548175;;;;
2022-04-11 18:00:00;0.0;55.9351611030405;;74.8628148452759;;;;
2022-04-11 19:00:00;0.0;55.9351611030405;;68.32947998101255;;;;
2022-04-11 20:00:00;0.0;55.9351611030405;;61.87617733495693;;;;
2022-04-11 21:00:00;0.0;55.9351611030405;;55.90890890282648;;;;
2022-04-11 22:00:00;0.0;55.9351611030405;;50.80066404994398;;;;
2022-04-11 23:00:00;0.0;55.9351611030405;;50.0;;;;
2022-04-12 00:00:00;0.0;55.9351611030405;;50.0;;;;
2022-04-12 01:00:00;0.0;55.9351611030405;;50.0;;;;
2022-04-12 02:00:00;0.0;55.9351611030405;;50.0;;;;
2022-04-12 03:00:00;0.0;55.9351611030405;;50.0;;;;
2022-04-12 04:00:00;0.0;55.9351611030405;;50.0;;;;
2022-04-12 05:00:00;0.0;55.9351611030405;;51.73387790621298;;;;
2022-04-12 06:00:00;0.0;55.9351611030405;;56.75135472582416;;;;
2022-04-12 07:00:00;0.0;55.9351611030405;;62.1401281813706;;;;
2022-04-12 08:00:00;0.0;55.9351611030405;;67.52369502145962;;;;
2022-04-12 09:00:00;0.0;55.9351611030405;;72.53147154598861;;;;
2022-04-12 10:00:00;0.0;55.9351611030405;;76.81892985875763;;;;
2022-04-12 11:00:00;0.0;55.9351611030405;;80.09641834892639;;;;
2022-04-12 12:00:00;0.0;55.9351611030405;;82.13873357686866;;;;
2022-04-12 13:00:00;0.0;55.9351611030405;;82.80554141635722;;;;
2022-04-12 14:00:00;0.0;55.9351611030405;;82.05111313390945;;;;
2022-04-12 15:00:00;0.0;55.9351611030405;;79.92740331855258;;;;
2022-04-12 16:00:00;0.0;55.9351611030405;;76.57249260892998;;;;
2022-04-12 17:00:00;0.0;55.9351611030405;;72.21170288561603;;;;
2022-04-12 18:00:00;0.0;55.9351611030405;;67.13476471096753;;;;
2022-04-12 19:00:00;0.0;55.9351611030405;;61.69110399998034;;;;
2022-04-12 20:00:00;0.0;55.9351611030405;;56.24620746143782;;;;
2022-04-12 21:00:00;0.0;55.9351611030405;;51.17654476374665;;;;
2022-04-12 22:00:00;0.0;55.9351611030405;;50.0;;;;
2022-04-12 23:00:00;0.0;55.9351611030405;;50.0;;;;
2022-04-13 00:00:00;0.0;55.9351611030405;;50.0;;;;
2022-04-13 01:00:00;0.0;55.9351611030405;;50.0;;;;
2022-04-13 02:00:00;0.0;55.9351611030405;;50.0;;;;
2022-04-13 03:00:00;0.0;55.9351611030405;;50.0;;;;
2022-04-13 04:00:00;0.0;55.9351611030405;;50.0;;;;
2022-04-13 05:00:00;0.0;55.9351611030405;;51.68384075339229;;;;
2022-04-13 06:00:00;0.0;55.9351611030405;;56.96453473282813;;;;
2022-04-13 07:00:00;0.0;55.9351611030405;;62.63516420598884;;;;
2022-04-13 08:00:00;0.0;55.9351611030405;;68.30812311207636;;;;
2022-04-13 09:00:00;0.0;55.9351611030405;;73.60237492981499;;;;
2022-04-13 10:00:00;0.0;55.9351611030405;;78.15762075574517;;;;
2022-04-13 11:00:00;0.0;55.9351611030405;;81.6646715151554;;;;
2022-04-13 12:00:00;0.0;55.9351611030405;;83.88056159118253;;;;
2022-04-13 13:00:00;0.0;55.9351611030405;;84.64489447627479;;;;
2022-04-13 14:00:00;0.0;55.9351611030405;;83.90453131076822;;;;
2022-04-13 15:00:00;0.0;55.9351611030405;;81.70670718938817;;;;
2022-04-13 16:00:00;0.0;55.9351611030405;;78.20708347044246;;;;
2022-04-13 17:00:00;0.0;55.9351611030405;;73.64660098810468;;;;
2022-04-13 18:00:00;0.0;55.9351611030405;;68.33934675811878;;;;
2022-04-13 19:00:00;0.0;55.9351611030405;;62.64853655560447;;;;
2022-04-13 20:00:00;0.0;55.9351611030405;;56.95851800212029;;;;
2022-04-13 21:00:00;0.0;55.9351611030405;;51.65409468245637;;;;
2022-04-13 22:00:00;0.0;55.9351611030405;;50.0;;;;
2022-04-13 23:00:00;0.0;55.9351611030405;;50.0;;;;
2022-04-14 00:00:00;0.0;55.9351611030405;;50.0;;;;
2022-04-14 01:00:00;0.0;55.9351611030405;;50.0;;;;
2022-04-14 02:00:00;0.0;55.9351611030405;;50.0;;;;
2022-04-14 03:00:00;0.0;55.9351611030405;;50.0;;;;
2022-04-14 04:00:00;0.0;55.9351611030405;;50.0;;;;
2022-04-14 05:00:00;0.0;55.9351611030405;;52.0607166047977;;;;
2022-04-14 06:00:00;0.0;55.9351611030405;;57.06865542063861;;;;
2022-04-14 07:00:00;0.0;55.9351611030405;;62.40875515303634;;;;
2022-04-14 08:00:00;0.0;55.9351611030405;;67.70315453882043;;;;
2022-04-14 09:00:00;0.0;55.9351611030405;;72.57668667352429;;;;
2022-04-14 10:00:00;0.0;55.9351611030405;;76.68797550131288;;;;
2022-04-14 11:00:00;0.0;55.9351611030405;;79.7461665166038;;;;
2022-04-14 12:00:00;0.0;55.9351611030405;;81.53639791496968;;;;
2022-04-14 13:00:00;0.0;55.9351611030405;;81.93572478138412;;;;
2022-04-14 14:00:00;0.0;55.9351611030405;;80.91358317042284;;;;
2022-04-14 15:00:00;0.0;55.9351611030405;;78.53922429022927;;;;
2022-04-14 16:00:00;0.0;55.9351611030405;;74.96839002249973;;;;
2022-04-14 17:00:00;0.0;55.9351611030405;;70.44053705583593;;;;
2022-04-14 18:00:00;0.0;55.9351611030405;;65.25505931309571;;;;
2022-04-14 19:00:00;0.0;55.9351611030405;;59.75364541258027;;;;
2022-04-14 20:00:00;0.0;55.9351611030405;;54.29862849541919;;;;
2022-04-14 21:00:00;0.0;55.9351611030405;;50.0;;;;
2022-04-14 22:00:00;0.0;55.9351611030405;;50.0;;;;
2022-04-14 23:00:00;0.0;55.9351611030405;;50.0;;;;
2022-04-15 00:00:00;0.0;55.9351611030405;;50.0;;;;
2022-04-15 01:00:00;0.0;55.9351611030405;;50.0;;;;
2022-04-15 02:00:00;0.0;55.9351611030405;;50.0;;;;
2022-04-15 03:00:00;0.0;55.9351611030405;;50.0;;;;
2022-04-15 04:00:00;0.0;55.9351611030405;;50.0;;;;
2022-04-15 05:00:00;0.0;55.9351611030405;;51.34746804018964;;;;
2022-04-15 06:00:00;0.0;55.9351611030405;;56.64164481988165;;;;
2022-04-15 07:00:00;0.0;55.9351611030405;;62.37068446138414;;;;
2022-04-15 08:00:00;0.0;55.9351611030405;;68.16688608329625;;;;
2022-04-15 09:00:00;0.0;55.9351611030405;;73.65518533233598;;;;
2022-04-15 10:00:00;0.0;55.9351611030405;;78.47596397192265;;;;
2022-04-15 11:00:00;0.0;55.9351611030405;;82.31466624497061;;;;
2022-04-15 12:00:00;0.0;55.9351611030405;;84.92328621983742;;;;
2022-04-15 13:00:00;0.0;55.9351611030405;;86.1352189086734;;;;
2022-04-15 14:00:00;0.0;55.9351611030405;;85.87691246386585;;;;
2022-04-15 15:00:00;0.0;55.9351611030405;;84.1679719533856;;;;
2022-04-15 16:00:00;0.0;55.9351611030405;;81.13082575906054;;;;
2022-04-15 17:00:00;0.0;55.9351611030405;;76.97681388889687;;;;
2022-04-15 18:00:00;0.0;55.9351611030405;;72.00250209703124;;;;
2022-04-15 19:00:00;0.0;55.9351611030405;;66.56279922622124;;;;
2022-04-15 20:00:00;0.0;55.9351611030405;;61.05386264976194;;;;
2022-04-15 21:00:00;0.0;55.9351611030405;;55.88124850112826;;;;
2022-04-15 22:00:00;0.0;55.9351611030405;;51.43730822420333;;;;
2022-04-15 23:00:00;0.0;55.9351611030405;;50.0;;;;
2022-04-16 00:00:00;0.0;55.9351611030405;;50.0;;;;
2022-04-16 01:00:00;0.0;55.9351611030405;;50.0;;;;
2022-04-16 02:00:00;0.0;55.9351611030405;;50.0;;;;
2022-04-16 03:00:00;0.0;55.9351611030405;;50.25582232545365;;;;
2022-04-16 04:00:00;0.0;55.9351611030405;;54.56191127107442;;;;
2022-04-16 05:00:00;0.0;55.9351611030405;;60.12265932943716;;;;
2022-04-16 06:00:00;0.0;55.9351611030405;;66.59976620904195;;;;
2022-04-16 07:00:00;0.0;55.9351611030405;;73.5879954121773;;;;
2022-04-16 08:00:00;0.0;55.9351611030405;;80.634486475885;;;;
2022-04-16 09:00:00;0.0;55.9351611030405;;87.28293782298041;;;;
2022-04-16 10:00:00;0.0;55.9351611030405;;93.09053022805368;;;;
2022-04-16 11:00:00;0.0;55.9351611030405;;97.6731792941684;;;;
2022-04-16 12:00:00;0.0;55.9351611030405;;100.7249966806593;;;;
2022-04-16 13:00:00;0.0;55.9351611030405;;102.0460654978768;;;;
2022-04-16 14:00:00;0.0;55.9351611030405;;101.5484171430869;;;;
2022-04-16 15:00:00;0.0;55.9351611030405;;99.27428351949088;;;;
2022-04-16 16:00:00;0.0;55.9351611030405;;95.38343401797512;;;;
2022-04-16 17:00:00;0.0;55.9351611030405;;90.15274909486465;;;;
2022-04-16 18:00:00;0.0;55.9351611030405;;83.95081935358112;;;;
2022-04-16 19:00:00;0.0;55.9351611030405;;77.2196423905886;;;;
2022-04-16 20:00:00;0.0;55.9351611030405;;70.43449453723488;;;;
2022-04-16 21:00:00;0.0;55.9351611030405;;64.07390088829416;;;;
2022-04-16 22:00:00;0.0;55.9351611030405;;58.58620926930678;;;;
2022-04-16 23:00:00;0.0;55.9351611030405;;53.97354420533839;;;;
2022-04-17 00:00:00;0.0;55.9351611030405;;50.92194616238667;;;;
2022-04-17 01:00:00;0.0;55.9351611030405;;50.0;;;;
2022-04-17 02:00:00;0.0;55.9351611030405;;50.44901644693311;;;;
2022-04-17 03:00:00;0.0;55.9351611030405;;52.99064034500927;;;;
2022-04-17 04:00:00;0.0;55.9351611030405;;57.04524555325789;;;;
2022-04-17 05:00:00;0.0;55.9351611030405;;62.32030393022562;;;;
2022-04-17 06:00:00;0.0;55.9351611030405;;68.44277277044989;;;;
2022-04-17 07:00:00;0.0;55.9351611030405;;74.97665707037692;;;;
2022-04-17 08:00:00;0.0;55.9351611030405;;81.4592718780734;;;;
2022-04-17 09:00:00;0.0;55.9351611030405;;87.43406515773576;;;;
2022-04-17 10:00:00;0.0;55.9351611030405;;92.4797781207724;;;;
2022-04-17 11:00:00;0.0;55.9351611030405;;96.2451811585566;;;;
2022-04-17 12:00:00;0.0;55.9351611030405;;98.46966579727685;;;;
2022-04-17 13:00:00;0.0;55.9351611030405;;98.99691644932756;;;;
2022-04-17 14:00:00;0.0;55.9351611030405;;97.78893169176196;;;;
2022-04-17 15:00:00;0.0;55.9351611030405;;94.92173818358674;;;;
2022-04-17 16:00:00;0.0;55.9351611030405;;90.591196179433;;;;
2022-04-17 17:00:00;0.0;55.9351611030405;;85.08725921364459;;;;
2022-04-17 18:00:00;0.0;55.9351611030405;;78.77436741578626;;;;
2022-04-17 19:00:00;0.0;55.9351611030405;;72.0696581755119;;;;
2022-04-17 20:00:00;0.0;55.9351611030405;;65.41229798446926;;;;
2022-04-17 21:00:00;0.0;55.9351611030405;;59.2406982882354;;;;
2022-04-17 22:00:00;0.0;55.9351611030405;;53.95366096245921;;;;
2022-04-17 23:00:00;0.0;55.9351611030405;;50.0;;;;
2022-04-18 00:00:00;0.0;55.9351611030405;;50.0;;;;
2022-04-18 01:00:00;0.0;55.9351611030405;;50.0;;;;
2022-04-18 02:00:00;0.0;55.9351611030405;;50.0;;;;
2022-04-18 03:00:00;0.0;55.9351611030405;;50.0;;;;
2022-04-18 04:00:00;0.0;55.9351611030405;;50.64426902182481;;;;
2022-04-18 05:00:00;0.0;55.9351611030405;;55.33594825412198;;;;
2022-04-18 06:00:00;0.0;55.9351611030405;;60.81448252475554;;;;
2022-04-18 07:00:00;0.0;55.9351611030405;;66.70273452437738;;;;
2022-04-18 08:00:00;0.0;55.9351611030405;;72.59709140322227;;;;
2022-04-18 09:00:00;0.0;55.9351611030405;;78.0954273832158;;;;
2022-04-18 10:00:00;0.0;55.9351611030405;;82.82393477743376;;;;
2022-04-18 11:00:00;0.0;55.9351611030405;;86.46636552687333;;;;
2022-04-18 12:00:00;0.0;55.9351611030405;;88.77333717579928;;;;
2022-04-18 13:00:00;0.0;55.9351611030405;;89.59016147578981;;;;
2022-04-18 14:00:00;0.0;55.9351611030405;;88.85759823429572;;;;
2022-04-18 15:00:00;0.0;55.9351611030405;;86.62932681912548;;;;
2022-04-18 16:00:00;0.0;55.9351611030405;;83.05493682045793;;;;
2022-04-18 17:00:00;0.0;55.9351611030405;;78.37814142034911;;;;
2022-04-18 18:00:00;0.0;55.9351611030405;;72.91712652031832;;;;
2022-04-18 19:00:00;0.0;55.9351611030405;;67.042220144844;;;;
2022-04-18 20:00:00;0.0;55.9351611030405;;61.15568059079133;;;;
2022-04-18 21:00:00;0.0;55.9351611030405;;55.66089014615137;;;;
2022-04-18 22:00:00;0.0;55.9351611030405;;50.94144502163594;;;;
2022-04-18 23:00:00;0.0;55.9351611030405;;50.0;;;;
2022-04-19 00:00:00;0.0;55.9351611030405;;50.0;;;;
2022-04-19 01:00:00;0.0;55.9351611030405;;50.0;;;;
2022-04-19 02:00:00;0.0;55.9351611030405;;50.0;;;;
2022-04-19 03:00:00;0.0;55.9351611030405;;50.0;;;;
2022-04-19 04:00:00;0.0;55.9351611030405;;50.0;;;;
2022-04-19 05:00:00;0.0;55.9351611030405;;54.09056284828958;;;;
2022-04-19 06:00:00;0.0;55.9351611030405;;59.58291068942298;;;;
2022-04-19 07:00:00;0.0;55.9351611030405;;65.46899575336595;;;;
2022-04-19 08:00:00;0.0;55.9351611030405;;71.34301279377145;;;;
2022-04-19 09:00:00;0.0;55.9351611030405;;76.80355026995446;;;;
2022-04-19 10:00:00;0.0;55.9351611030405;;81.47490347029748;;;;
2022-04-19 11:00:00;0.0;55.9351611030405;;85.03721208468505;;;;
2022-04-19 12:00:00;0.0;55.9351611030405;;87.24127838416887;;;;
2022-04-19 13:00:00;0.0;55.9351611030405;;87.93073711448437;;;;
2022-04-19 14:00:00;0.0;55.9351611030405;;87.05414402041163;;;;
2022-04-19 15:00:00;0.0;55.9351611030405;;84.67034942837518;;;;
2022-04-19 16:00:00;0.0;55.9351611030405;;80.9421171076837;;;;
2022-04-19 17:00:00;0.0;55.9351611030405;;76.12061793068912;;;;
2022-04-19 18:00:00;0.0;55.9351611030405;;70.53377766502797;;;;
2022-04-19 19:00:00;0.0;55.9351611030405;;64.55925038243703;;;;
2022-04-19 20:00:00;0.0;55.9351611030405;;58.5977149164554;;;;
2022-04-19 21:00:00;0.0;55.9351611030405;;53.04577385700765;;;;
2022-04-19 22:00:00;0.0;55.9351611030405;;50.0;;;;
2022-04-19 23:00:00;0.0;55.9351611030405;;50.0;;;;
2022-04-20 00:00:00;0.0;55.9351611030405;;50.0;;;;
2022-04-20 01:00:00;0.0;55.9351611030405;;50.0;;;;
2022-04-20 02:00:00;0.0;55.9351611030405;;50.0;;;;
2022-04-20 03:00:00;0.0;55.9351611030405;;50.0;;;;
2022-04-20 04:00:00;0.0;55.9351611030405;;50.0;;;;
2022-04-20 05:00:00;0.0;55.9351611030405;;50.69881417304221;;;;
2022-04-20 06:00:00;0.0;55.9351611030405;;55.45111106121365;;;;
2022-04-20 07:00:00;0.0;55.9351611030405;;60.50320542810368;;;;
2022-04-20 08:00:00;0.0;55.9351611030405;;65.4831746772501;;;;
2022-04-20 09:00:00;0.0;55.9351611030405;;70.02897240924386;;;;
2022-04-20 10:00:00;0.0;55.9351611030405;;73.8116976344195;;;;
2022-04-20 11:00:00;0.0;55.9351611030405;;76.55659939896923;;;;
2022-04-20 12:00:00;0.0;55.9351611030405;;78.07068840689776;;;;
2022-04-20 13:00:00;0.0;55.9351611030405;;78.24487460615197;;;;
2022-04-20 14:00:00;0.0;55.9351611030405;;77.06353903349851;;;;
2022-04-20 15:00:00;0.0;55.9351611030405;;74.59865314306032;;;;
2022-04-20 16:00:00;0.0;55.9351611030405;;71.01120239637407;;;;
2022-04-20 17:00:00;0.0;55.9351611030405;;66.53864993597331;;;;
2022-04-20 18:00:00;0.0;55.9351611030405;;61.46764362482734;;;;
2022-04-20 19:00:00;0.0;55.9351611030405;;56.12634385429334;;;;
2022-04-20 20:00:00;0.0;55.9351611030405;;50.85459128007519;;;;
2022-04-20 21:00:00;0.0;55.9351611030405;;50.0;;;;
2022-04-20 22:00:00;0.0;55.9351611030405;;50.0;;;;
2022-04-20 23:00:00;0.0;55.9351611030405;;50.0;;;;
2022-04-21 00:00:00;0.0;55.9351611030405;;50.0;;;;
2022-04-21 01:00:00;0.0;55.9351611030405;;50.0;;;;
2022-04-21 02:00:00;0.0;55.9351611030405;;50.0;;;;
2022-04-21 03:00:00;0.0;55.9351611030405;;50.0;;;;
2022-04-21 04:00:00;0.0;55.9351611030405;;50.0;;;;
2022-04-21 05:00:00;0.0;55.9351611030405;;50.0;;;;
2022-04-21 06:00:00;0.0;55.9351611030405;;51.16914379627446;;;;
2022-04-21 07:00:00;0.0;55.9351611030405;;56.19904978591223;;;;
2022-04-21 08:00:00;0.0;55.9351611030405;;61.26848428005702;;;;
2022-04-21 09:00:00;0.0;55.9351611030405;;66.04195662199152;;;;
2022-04-21 10:00:00;0.0;55.9351611030405;;70.2019666645594;;;;
2022-04-21 11:00:00;0.0;55.9351611030405;;73.47483207098253;;;;
2022-04-21 12:00:00;0.0;55.9351611030405;;75.64554292666949;;;;
2022-04-21 13:00:00;0.0;55.9351611030405;;76.5758884328193;;;;
2022-04-21 14:00:00;0.0;55.9351611030405;;76.20155425961349;;;;
2022-04-21 15:00:00;0.0;55.9351611030405;;74.55147208185156;;;;
2022-04-21 16:00:00;0.0;55.9351611030405;;71.73805004595674;;;;
2022-04-21 17:00:00;0.0;55.9351611030405;;67.95847017441528;;;;
2022-04-21 18:00:00;0.0;55.9351611030405;;63.47481948027816;;;;
2022-04-21 19:00:00;0.0;55.9351611030405;;58.60491017301197;;;;
2022-04-21 20:00:00;0.0;55.9351611030405;;53.69237917678061;;;;
2022-04-21 21:00:00;0.0;55.9351611030405;;50.0;;;;
2022-04-21 22:00:00;0.0;55.9351611030405;;50.0;;;;
2022-04-21 23:00:00;0.0;55.9351611030405;;50.0;;;;
2022-04-22 00:00:00;0.0;55.9351611030405;;50.0;;;;
2022-04-22 01:00:00;0.0;55.9351611030405;;50.0;;;;
2022-04-22 02:00:00;0.0;55.9351611030405;;50.0;;;;
2022-04-22 03:00:00;0.0;55.9351611030405;;50.0;;;;
2022-04-22 04:00:00;0.0;55.9351611030405;;50.0;;;;
2022-04-22 05:00:00;0.0;55.9351611030405;;53.89961275858046;;;;
2022-04-22 06:00:00;0.0;55.9351611030405;;59.69373397356149;;;;
2022-04-22 07:00:00;0.0;55.9351611030405;;65.94819821418193;;;;
2022-04-22 08:00:00;0.0;55.9351611030405;;72.2604522518228;;;;
2022-04-22 09:00:00;0.0;55.9351611030405;;78.22173024284712;;;;
2022-04-22 10:00:00;0.0;55.9351611030405;;83.43884498269361;;;;
2022-04-22 11:00:00;0.0;55.9351611030405;;87.56953000420323;;;;
2022-04-22 12:00:00;0.0;55.9351611030405;;90.33647879824926;;;;
2022-04-22 13:00:00;0.0;55.9351611030405;;91.55841062256656;;;;
2022-04-22 14:00:00;0.0;55.9351611030405;;91.1541294344193;;;;
2022-04-22 15:00:00;0.0;55.9351611030405;;89.15705075837373;;;;
2022-04-22 16:00:00;0.0;55.9351611030405;;85.7069623173706;;;;
2022-04-22 17:00:00;0.0;55.9351611030405;;81.05351154450273;;;;
2022-04-22 18:00:00;0.0;55.9351611030405;;75.52605530990012;;;;
2022-04-22 19:00:00;0.0;55.9351611030405;;69.52091536242644;;;;
2022-04-22 20:00:00;0.0;55.9351611030405;;63.45888525073651;;;;
2022-04-22 21:00:00;0.0;55.9351611030405;;57.77466190272715;;;;
2022-04-22 22:00:00;0.0;55.9351611030405;;52.87258085513956;;;;
2022-04-22 23:00:00;0.0;55.9351611030405;;50.0;;;;
2022-04-23 00:00:00;0.0;55.9351611030405;;50.0;;;;
2022-04-23 01:00:00;0.0;55.9351611030405;;50.0;;;;
2022-04-23 02:00:00;0.0;55.9351611030405;;50.0;;;;
2022-04-23 03:00:00;0.0;55.9351611030405;;50.0;;;;
2022-04-23 04:00:00;0.0;55.9351611030405;;53.84931129592162;;;;
2022-04-23 05:00:00;0.0;55.9351611030405;;58.90822622611082;;;;
2022-04-23 06:00:00;0.0;55.9351611030405;;64.78680299320584;;;;
2022-04-23 07:00:00;0.0;55.9351611030405;;71.07279612858517;;;;
2022-04-23 08:00:00;0.0;55.9351611030405;;77.33125228116484;;;;
2022-04-23 09:00:00;0.0;55.9351611030405;;83.13202148198636;;;;
2022-04-23 10:00:00;0.0;55.9351611030405;;88.07843944545814;;;;
2022-04-23 11:00:00;0.0;55.9351611030405;;91.83100632439096;;;;
2022-04-23 12:00:00;0.0;55.9351611030405;;94.124476170206;;;;
2022-04-23 13:00:00;0.0;55.9351611030405;;94.80555465022924;;;;
2022-04-23 14:00:00;0.0;55.9351611030405;;93.82618291129047;;;;
2022-04-23 15:00:00;0.0;55.9351611030405;;91.254116488418;;;;
2022-04-23 16:00:00;0.0;55.9351611030405;;87.26743320465587;;;;
2022-04-23 17:00:00;0.0;55.9351611030405;;82.13237065600461;;;;
2022-04-23 18:00:00;0.0;55.9351611030405;;76.20161098225844;;;;
2022-04-23 19:00:00;0.0;55.9351611030405;;69.86608709337185;;;;
2022-04-23 20:00:00;0.0;55.9351611030405;;63.55527203573665;;;;
2022-04-23 21:00:00;0.0;55.9351611030405;;57.68861035946193;;;;
2022-04-23 22:00:00;0.0;55.9351611030405;;52.66036920273707;;;;
2022-04-23 23:00:00;0.0;55.9351611030405;;50.0;;;;
2022-04-24 00:00:00;0.0;55.9351611030405;;50.0;;;;
2022-04-24 01:00:00;0.0;55.9351611030405;;50.0;;;;
2022-04-24 02:00:00;0.0;55.9351611030405;;50.0;;;;
2022-04-24 03:00:00;0.0;55.9351611030405;;50.0;;;;
2022-04-24 04:00:00;0.0;55.9351611030405;;51.4549192772601;;;;
2022-04-24 05:00:00;0.0;55.9351611030405;;56.36861987318056;;;;
2022-04-24 06:00:00;0.0;55.9351611030405;;62.10477107618386;;;;
2022-04-24 07:00:00;0.0;55.9351611030405;;68.28729649270427;;;;
2022-04-24 08:00:00;0.0;55.9351611030405;;74.50419016892903;;;;
2022-04-24 09:00:00;0.0;55.9351611030405;;80.34628211340942;;;;
2022-04-24 10:00:00;0.0;55.9351611030405;;85.42406154663774;;;;
2022-04-24 11:00:00;0.0;55.9351611030405;;89.39922290192939;;;;
2022-04-24 12:00:00;0.0;55.9351611030405;;92.01170869902148;;;;
2022-04-24 13:00:00;0.0;55.9351611030405;;93.08606246727967;;;;
2022-04-24 14:00:00;0.0;55.9351611030405;;92.55269362980428;;;;
2022-04-24 15:00:00;0.0;55.9351611030405;;90.44390291868883;;;;
2022-04-24 16:00:00;0.0;55.9351611030405;;86.91053991743422;;;;
2022-04-24 17:00:00;0.0;55.9351611030405;;82.19762422440724;;;;
2022-04-24 18:00:00;0.0;55.9351611030405;;76.63500330993332;;;;
2022-04-24 19:00:00;0.0;55.9351611030405;;70.6044821190811;;;;
2022-04-24 20:00:00;0.0;55.9351611030405;;64.532520068082;;;;
2022-04-24 21:00:00;0.0;55.9351611030405;;58.84897193889677;;;;
2022-04-24 22:00:00;0.0;55.9351611030405;;53.96420532475364;;;;
2022-04-24 23:00:00;0.0;55.9351611030405;;50.0;;;;
2022-04-25 00:00:00;0.0;55.9351611030405;;50.0;;;;
2022-04-25 01:00:00;0.0;55.9351611030405;;50.0;;;;
2022-04-25 02:00:00;0.0;55.9351611030405;;50.0;;;;
2022-04-25 03:00:00;0.0;55.9351611030405;;50.0;;;;
2022-04-25 04:00:00;0.0;55.9351611030405;;52.4706259641891;;;;
2022-04-25 05:00:00;0.0;55.9351611030405;;57.57857071946879;;;;
2022-04-25 06:00:00;0.0;55.9351611030405;;63.51590435969739;;;;
2022-04-25 07:00:00;0.0;55.9351611030405;;69.88831024501707;;;;
2022-04-25 08:00:00;0.0;55.9351611030405;;76.26398946602228;;;;
2022-04-25 09:00:00;0.0;55.9351611030405;;82.21381731931491;;;;
2022-04-25 10:00:00;0.0;55.9351611030405;;87.3289278841994;;;;
2022-04-25 11:00:00;0.0;55.9351611030405;;91.25598410818368;;;;
2022-04-25 12:00:00;0.0;55.9351611030405;;93.72124614478106;;;;
2022-04-25 13:00:00;0.0;55.9351611030405;;94.55461426793198;;;;
2022-04-25 14:00:00;0.0;55.9351611030405;;93.69797866783588;;;;
2022-04-25 15:00:00;0.0;55.9351611030405;;91.20874577190624;;;;
2022-04-25 16:00:00;0.0;55.9351611030405;;87.25891133733747;;;;
2022-04-25 17:00:00;0.0;55.9351611030405;;82.12333335418822;;;;
2022-04-25 18:00:00;0.0;55.9351611030405;;76.15280263322236;;;;
2022-04-25 19:00:00;0.0;55.9351611030405;;69.75048833925602;;;;
2022-04-25 20:00:00;0.0;55.9351611030405;;63.34905927308235;;;;
2022-04-25 21:00:00;0.0;55.9351611030405;;57.38022768495958;;;;
2022-04-25 22:00:00;0.0;55.9351611030405;;52.24000376591309;;;;
2022-04-25 23:00:00;0.0;55.9351611030405;;50.0;;;;
2022-04-26 00:00:00;0.0;55.9351611030405;;50.0;;;;
2022-04-26 01:00:00;0.0;55.9351611030405;;50.0;;;;
2022-04-26 02:00:00;0.0;55.9351611030405;;50.0;;;;
2022-04-26 03:00:00;0.0;55.9351611030405;;50.0;;;;
2022-04-26 04:00:00;0.0;55.9351611030405;;50.0;;;;
2022-04-26 05:00:00;0.0;55.9351611030405;;52.9777615549344;;;;
2022-04-26 06:00:00;0.0;55.9351611030405;;57.93945778780393;;;;
2022-04-26 07:00:00;0.0;55.9351611030405;;63.20751274857668;;;;
2022-04-26 08:00:00;0.0;55.9351611030405;;68.39429636990846;;;;
2022-04-26 09:00:00;0.0;55.9351611030405;;73.11521634258784;;;;
2022-04-26 10:00:00;0.0;55.9351611030405;;77.02952720679579;;;;
2022-04-26 11:00:00;0.0;55.9351611030405;;79.85155228416318;;;;
2022-04-26 12:00:00;0.0;55.9351611030405;;81.37929288567686;;;;
2022-04-26 13:00:00;0.0;55.9351611030405;;81.49950916028932;;;;
2022-04-26 14:00:00;0.0;55.9351611030405;;80.20018704229102;;;;
2022-04-26 15:00:00;0.0;55.9351611030405;;77.56213801103067;;;;
2022-04-26 16:00:00;0.0;55.9351611030405;;73.7545341398897;;;;
2022-04-26 17:00:00;0.0;55.9351611030405;;69.02252181274643;;;;
2022-04-26 18:00:00;0.0;55.9351611030405;;63.67660315957812;;;;
2022-04-26 19:00:00;0.0;55.9351611030405;;58.05932091661508;;;;
2022-04-26 20:00:00;0.0;55.9351611030405;;52.52538160747508;;;;
2022-04-26 21:00:00;0.0;55.9351611030405;;50.0;;;;
2022-04-26 22:00:00;0.0;55.9351611030405;;50.0;;;;
2022-04-26 23:00:00;0.0;55.9351611030405;;50.0;;;;
2022-04-27 00:00:00;0.0;55.9351611030405;;50.0;;;;
2022-04-27 01:00:00;0.0;55.9351611030405;;50.0;;;;
2022-04-27 02:00:00;0.0;55.9351611030405;;50.0;;;;
2022-04-27 03:00:00;0.0;55.9351611030405;;50.0;;;;
2022-04-27 04:00:00;0.0;55.9351611030405;;50.0;;;;
2022-04-27 05:00:00;0.0;55.9351611030405;;50.0;;;;
2022-04-27 06:00:00;0.0;55.9351611030405;;50.0;;;;
2022-04-27 07:00:00;0.0;55.9351611030405;;54.60864701111116;;;;
2022-04-27 08:00:00;0.0;55.9351611030405;;59.378683135628;;;;
2022-04-27 09:00:00;0.0;55.9351611030405;;63.83136399187742;;;;
2022-04-27 10:00:00;0.0;55.9351611030405;;67.66504459065001;;;;
2022-04-27 11:00:00;0.0;55.9351611030405;;70.62313712625433;;;;
2022-04-27 12:00:00;0.0;55.9351611030405;;72.50253963448574;;;;
2022-04-27 13:00:00;0.0;55.9351611030405;;73.18247374928349;;;;
2022-04-27 14:00:00;0.0;55.9351611030405;;72.61471180690897;;;;
2022-04-27 15:00:00;0.0;55.9351611030405;;70.8372934118359;;;;
2022-04-27 16:00:00;0.0;55.9351611030405;;67.96684964578168;;;;
2022-04-27 17:00:00;0.0;55.9351611030405;;64.19976131390163;;;;
2022-04-27 18:00:00;0.0;55.9351611030405;;59.79312359886815;;;;
2022-04-27 19:00:00;0.0;55.9351611030405;;55.04718779493925;;;;
2022-04-27 20:00:00;0.0;55.9351611030405;;50.28928295697492;;;;
2022-04-27 21:00:00;0.0;55.9351611030405;;50.0;;;;
2022-04-27 22:00:00;0.0;55.9351611030405;;50.0;;;;
2022-04-27 23:00:00;0.0;55.9351611030405;;50.0;;;;
2022-04-28 00:00:00;0.0;55.9351611030405;;50.0;;;;
2022-04-28 01:00:00;0.0;55.9351611030405;;50.0;;;;
2022-04-28 02:00:00;0.0;55.9351611030405;;50.0;;;;
2022-04-28 03:00:00;0.0;55.9351611030405;;50.0;;;;
2022-04-28 04:00:00;0.0;55.9351611030405;;50.0;;;;
2022-04-28 05:00:00;0.0;55.9351611030405;;50.0;;;;
2022-04-28 06:00:00;0.0;55.9351611030405;;54.07153747590625;;;;
2022-04-28 07:00:00;0.0;55.9351611030405;;59.60416229171537;;;;
2022-04-28 08:00:00;0.0;55.9351611030405;;65.17145881725871;;;;
2022-04-28 09:00:00;0.0;55.9351611030405;;70.40337618870535;;;;
2022-04-28 10:00:00;0.0;55.9351611030405;;74.9504711543824;;;;
2022-04-28 11:00:00;0.0;55.9351611030405;;78.50802846080578;;;;
2022-04-28 12:00:00;0.0;55.9351611030405;;80.83633238524894;;;;
2022-04-28 13:00:00;0.0;55.9351611030405;;81.77533116562952;;;;
2022-04-28 14:00:00;0.0;55.9351611030405;;81.26579648477224;;;;
2022-04-28 15:00:00;0.0;55.9351611030405;;79.34606321578602;;;;
2022-04-28 16:00:00;0.0;55.9351611030405;;76.15397015333511;;;;
2022-04-28 17:00:00;0.0;55.9351611030405;;71.91087903773989;;;;
2022-04-28 18:00:00;0.0;55.9351611030405;;66.90657234995845;;;;
2022-04-28 19:00:00;0.0;55.9351611030405;;61.49482247022917;;;;
2022-04-28 20:00:00;0.0;55.9351611030405;;56.05332167380725;;;;
2022-04-28 21:00:00;0.0;55.9351611030405;;50.96569067351962;;;;
2022-04-28 22:00:00;0.0;55.9351611030405;;50.0;;;;
2022-04-28 23:00:00;0.0;55.9351611030405;;50.0;;;;
2022-04-29 00:00:00;0.0;55.9351611030405;;50.0;;;;
2022-04-29 01:00:00;0.0;55.9351611030405;;50.0;;;;
2022-04-29 02:00:00;0.0;55.9351611030405;;50.0;;;;
2022-04-29 03:00:00;0.0;55.9351611030405;;50.0;;;;
2022-04-29 04:00:00;0.0;55.9351611030405;;50.0;;;;
2022-04-29 05:00:00;0.0;55.9351611030405;;52.83909107702346;;;;
2022-04-29 06:00:00;0.0;55.9351611030405;;58.06706404149614;;;;
2022-04-29 07:00:00;0.0;55.9351611030405;;63.66174367730096;;;;
2022-04-29 08:00:00;0.0;55.9351611030405;;69.23173321596306;;;;
2022-04-29 09:00:00;0.0;55.9351611030405;;74.39412624885533;;;;
2022-04-29 10:00:00;0.0;55.9351611030405;;78.79195166773292;;;;
2022-04-29 11:00:00;0.0;55.9351611030405;;82.12385417295242;;;;
2022-04-29 12:00:00;0.0;55.9351611030405;;84.15781705597206;;;;
2022-04-29 13:00:00;0.0;55.9351611030405;;84.75963658337619;;;;
2022-04-29 14:00:00;0.0;55.9351611030405;;83.8873722671292;;;;
2022-04-29 15:00:00;0.0;55.9351611030405;;81.59946112094893;;;;
2022-04-29 16:00:00;0.0;55.9351611030405;;78.04649209003644;;;;
2022-04-29 17:00:00;0.0;55.9351611030405;;73.4741230158603;;;;
2022-04-29 18:00:00;0.0;55.9351611030405;;68.19288539034457;;;;
2022-04-29 19:00:00;0.0;55.9351611030405;;62.55650553651523;;;;
2022-04-29 20:00:00;0.0;55.9351611030405;;56.94260675427154;;;;
2022-04-29 21:00:00;0.0;55.9351611030405;;51.72554728490945;;;;
2022-04-29 22:00:00;0.0;55.9351611030405;;50.0;;;;
2022-04-29 23:00:00;0.0;55.9351611030405;;50.0;;;;
2022-04-30 00:00:00;0.0;55.9351611030405;;50.0;;;;
2022-04-30 01:00:00;0.0;55.9351611030405;;50.0;;;;
2022-04-30 02:00:00;0.0;55.9351611030405;;50.0;;;;
2022-04-30 03:00:00;0.0;55.9351611030405;;50.0;;;;
2022-04-30 04:00:00;0.0;55.9351611030405;;50.0;;;;
2022-04-30 05:00:00;0.0;55.9351611030405;;53.03864982446159;;;;
2022-04-30 06:00:00;0.0;55.9351611030405;;58.53365468778937;;;;
2022-04-30 07:00:00;0.0;55.9351611030405;;64.47683266028272;;;;
2022-04-30 08:00:00;0.0;55.9351611030405;;70.48091172114763;;;;
2022-04-30 09:00:00;0.0;55.9351611030405;;76.15892100374822;;;;
2022-04-30 10:00:00;0.0;55.9351611030405;;81.13615084544219;;;;
2022-04-30 11:00:00;0.0;55.9351611030405;;85.08756152142605;;;;
2022-04-30 12:00:00;0.0;55.9351611030405;;87.75382640964077;;;;
2022-04-30 13:00:00;0.0;55.9351611030405;;88.96475581090408;;;;
2022-04-30 14:00:00;0.0;55.9351611030405;;88.64452859515457;;;;
2022-04-30 15:00:00;0.0;55.9351611030405;;86.81943266528957;;;;
2022-04-30 16:00:00;0.0;55.9351611030405;;83.61709705306515;;;;
2022-04-30 17:00:00;0.0;55.9351611030405;;79.263781308471;;;;
2022-04-30 18:00:00;0.0;55.9351611030405;;74.06898549614013;;;;
2022-04-30 19:00:00;0.0;55.9351611030405;;68.40329034654894;;;;
2022-04-30 20:00:00;0.0;55.9351611030405;;62.67421047052591;;;;
2022-04-30 21:00:00;0.0;55.9351611030405;;57.29863984248546;;;;
2022-04-30 22:00:00;0.0;55.9351611030405;;52.67451717040367;;;;
2022-04-30 23:00:00;0.0;55.9351611030405;;50.0;;;;
2022-05-01 00:00:00;0.0;55.9351611030405;;50.0;;;;
2022-05-01 01:00:00;0.0;55.9351611030405;;50.0;;;;
2022-05-01 02:00:00;0.0;55.9351611030405;;50.0;;;;
2022-05-01 03:00:00;0.0;55.9351611030405;;50.0;;;;
2022-05-01 04:00:00;0.0;55.9351611030405;;53.31347484388923;;;;
2022-05-01 05:00:00;0.0;55.9351611030405;;58.64676164456138;;;;
2022-05-01 06:00:00;0.0;55.9351611030405;;64.84845452735358;;;;
2022-05-01 07:00:00;0.0;55.9351611030405;;71.5214356417989;;;;
2022-05-01 08:00:00;0.0;55.9351611030405;;78.22575679041715;;;;
2022-05-01 09:00:00;0.0;55.9351611030405;;84.51807569261538;;;;
2022-05-01 10:00:00;0.0;55.9351611030405;;89.97385472647582;;;;
2022-05-01 11:00:00;0.0;55.9351611030405;;94.2280541382704;;;;
2022-05-01 12:00:00;0.0;55.9351611030405;;96.98839885841448;;;;
2022-05-01 13:00:00;0.0;55.9351611030405;;98.0716877493212;;;;
2022-05-01 14:00:00;0.0;55.9351611030405;;97.4008062237138;;;;
2022-05-01 15:00:00;0.0;55.9351611030405;;95.02606599369004;;;;
2022-05-01 16:00:00;0.0;55.9351611030405;;91.1109162883187;;;;
2022-05-01 17:00:00;0.0;55.9351611030405;;85.93553002624917;;;;
2022-05-01 18:00:00;0.0;55.9351611030405;;79.86010159105017;;;;
2022-05-01 19:00:00;0.0;55.9351611030405;;73.30514622819047;;;;
2022-05-01 20:00:00;0.0;55.9351611030405;;66.72228114965844;;;;
2022-05-01 21:00:00;0.0;55.9351611030405;;60.56428417134392;;;;
2022-05-01 22:00:00;0.0;55.9351611030405;;55.25330599480401;;;;
2022-05-01 23:00:00;0.0;55.9351611030405;;50.39775954623572;;;;
2022-05-02 00:00:00;0.0;55.9351611030405;;50.0;;;;
2022-05-02 01:00:00;0.0;55.9351611030405;;50.0;;;;
2022-05-02 02:00:00;0.0;55.9351611030405;;50.0;;;;
2022-05-02 03:00:00;0.0;55.9351611030405;;50.0;;;;
2022-05-02 04:00:00;0.0;55.9351611030405;;51.73607937524733;;;;
2022-05-02 05:00:00;0.0;55.9351611030405;;56.38721074572936;;;;
2022-05-02 06:00:00;0.0;55.9351611030405;;61.77829550876996;;;;
2022-05-02 07:00:00;0.0;55.9351611030405;;67.51219465941881;;;;
2022-05-02 08:00:00;0.0;55.9351611030405;;73.17252922416313;;;;
2022-05-02 09:00:00;0.0;55.9351611030405;;78.34992198530823;;;;
2022-05-02 10:00:00;0.0;55.9351611030405;;82.67210024390081;;;;
2022-05-02 11:00:00;0.0;55.9351611030405;;85.833317441566;;;;
2022-05-02 12:00:00;0.0;55.9351611030405;;87.60943961271684;;;;
2022-05-02 13:00:00;0.0;55.9351611030405;;87.8694393299751;;;;
2022-05-02 14:00:00;0.0;55.9351611030405;;86.58975701932786;;;;
2022-05-02 15:00:00;0.0;55.9351611030405;;83.84672893616195;;;;
2022-05-02 16:00:00;0.0;55.9351611030405;;79.82665723201991;;;;
2022-05-02 17:00:00;0.0;55.9351611030405;;74.79163579558063;;;;
2022-05-02 18:00:00;0.0;55.9351611030405;;69.06988093252599;;;;
2022-05-02 19:00:00;0.0;55.9351611030405;;63.03354210756925;;;;
2022-05-02 20:00:00;0.0;55.9351611030405;;57.06861216586833;;;;
2022-05-02 21:00:00;0.0;55.9351611030405;;51.55997470821767;;;;
2022-05-02 22:00:00;0.0;55.9351611030405;;50.0;;;;
2022-05-02 23:00:00;0.0;55.9351611030405;;50.0;;;;
2022-05-03 00:00:00;0.0;55.9351611030405;;50.0;;;;
2022-05-03 01:00:00;0.0;55.9351611030405;;50.0;;;;
2022-05-03 02:00:00;0.0;55.9351611030405;;50.0;;;;
2022-05-03 03:00:00;0.0;55.9351611030405;;50.0;;;;
2022-05-03 04:00:00;0.0;55.9351611030405;;50.0;;;;
2022-05-03 05:00:00;0.0;55.9351611030405;;50.0;;;;
2022-05-03 06:00:00;0.0;55.9351611030405;;52.31385212684521;;;;
2022-05-03 07:00:00;0.0;55.9351611030405;;57.28164772418583;;;;
2022-05-03 08:00:00;0.0;55.9351611030405;;62.24135485798681;;;;
2022-05-03 09:00:00;0.0;55.9351611030405;;66.85246301366773;;;;
2022-05-03 10:00:00;0.0;55.9351611030405;;70.79838337213124;;;;
2022-05-03 11:00:00;0.0;55.9351611030405;;73.81568225223091;;;;
2022-05-03 12:00:00;0.0;55.9351611030405;;75.69661262042973;;;;
2022-05-03 13:00:00;0.0;55.9351611030405;;76.31394197326146;;;;
2022-05-03 14:00:00;0.0;55.9351611030405;;75.61711473421622;;;;
2022-05-03 15:00:00;0.0;55.9351611030405;;73.65461358412975;;;;
2022-05-03 16:00:00;0.0;55.9351611030405;;70.55759204839876;;;;
2022-05-03 17:00:00;0.0;55.9351611030405;;66.53699331141597;;;;
2022-05-03 18:00:00;0.0;55.9351611030405;;61.86292000049713;;;;
2022-05-03 19:00:00;0.0;55.9351611030405;;56.85033732935702;;;;
2022-05-03 20:00:00;0.0;55.9351611030405;;51.8365008170439;;;;
2022-05-03 21:00:00;0.0;55.9351611030405;;50.0;;;;
2022-05-03 22:00:00;0.0;55.9351611030405;;50.0;;;;
2022-05-03 23:00:00;0.0;55.9351611030405;;50.0;;;;
2022-05-04 00:00:00;0.0;55.9351611030405;;50.0;;;;
2022-05-04 01:00:00;0.0;55.9351611030405;;50.0;;;;
2022-05-04 02:00:00;0.0;55.9351611030405;;50.0;;;;
2022-05-04 03:00:00;0.0;55.9351611030405;;50.0;;;;
2022-05-04 04:00:00;0.0;55.9351611030405;;50.0;;;;
2022-05-04 05:00:00;0.0;55.9351611030405;;50.0;;;;
2022-05-04 06:00:00;0.0;55.9351611030405;;52.49909018867861;;;;
2022-05-04 07:00:00;0.0;55.9351611030405;;57.72284636474831;;;;
2022-05-04 08:00:00;0.0;55.9351611030405;;62.951057493223;;;;
2022-05-04 09:00:00;0.0;55.9351611030405;;67.82619572710115;;;;
2022-05-04 10:00:00;0.0;55.9351611030405;;72.0211795992306;;;;
2022-05-04 11:00:00;0.0;55.9351611030405;;75.24298740743646;;;;
2022-05-04 12:00:00;0.0;55.9351611030405;;77.27249237568961;;;;
2022-05-04 13:00:00;0.0;55.9351611030405;;77.96477161904342;;;;
2022-05-04 14:00:00;0.0;55.9351611030405;;77.27853219670305;;;;
2022-05-04 15:00:00;0.0;55.9351611030405;;75.25726176391444;;;;
2022-05-04 16:00:00;0.0;55.9351611030405;;72.04268559648236;;;;
2022-05-04 17:00:00;0.0;55.9351611030405;;67.8486136148453;;;;
2022-05-04 18:00:00;0.0;55.9351611030405;;62.96269030518995;;;;
2022-05-04 19:00:00;0.0;55.9351611030405;;57.71885178926857;;;;
2022-05-04 20:00:00;0.0;55.9351611030405;;52.47627221230088;;;;
2022-05-04 21:00:00;0.0;55.9351611030405;;50.0;;;;
2022-05-04 22:00:00;0.0;55.9351611030405;;50.0;;;;
2022-05-04 23:00:00;0.0;55.9351611030405;;50.0;;;;
2022-05-05 00:00:00;0.0;55.9351611030405;;50.0;;;;
2022-05-05 01:00:00;0.0;55.9351611030405;;50.0;;;;
2022-05-05 02:00:00;0.0;55.9351611030405;;50.0;;;;
2022-05-05 03:00:00;0.0;55.9351611030405;;50.0;;;;
2022-05-05 04:00:00;0.0;55.9351611030405;;50.0;;;;
2022-05-05 05:00:00;0.0;55.9351611030405;;50.0;;;;
2022-05-05 06:00:00;0.0;55.9351611030405;;52.56050551308271;;;;
2022-05-05 07:00:00;0.0;55.9351611030405;;57.48338590688201;;;;
2022-05-05 08:00:00;0.0;55.9351611030405;;62.36406890618706;;;;
2022-05-05 09:00:00;0.0;55.9351611030405;;66.85386912287682;;;;
2022-05-05 10:00:00;0.0;55.9351611030405;;70.63848161772438;;;;
2022-05-05 11:00:00;0.0;55.9351611030405;;73.45395756476333;;;;
2022-05-05 12:00:00;0.0;55.9351611030405;;75.10771124646823;;;;
2022-05-05 13:00:00;0.0;55.9351611030405;;75.47571782305747;;;;
2022-05-05 14:00:00;0.0;55.9351611030405;;74.5359252654778;;;;
2022-05-05 15:00:00;0.0;55.9351611030405;;72.34945362751445;;;;
2022-05-05 16:00:00;0.0;55.9351611030405;;69.06372660342481;;;;
2022-05-05 17:00:00;0.0;55.9351611030405;;64.89079630557826;;;;
2022-05-05 18:00:00;0.0;55.9351611030405;;60.10905795239419;;;;
2022-05-05 19:00:00;0.0;55.9351611030405;;55.0377457916514;;;;
2022-05-05 20:00:00;0.0;55.9351611030405;;50.01121413946364;;;;
2022-05-05 21:00:00;0.0;55.9351611030405;;50.0;;;;
2022-05-05 22:00:00;0.0;55.9351611030405;;50.0;;;;
2022-05-05 23:00:00;0.0;55.9351611030405;;50.0;;;;
2022-05-06 00:00:00;0.0;55.9351611030405;;50.0;;;;
2022-05-06 01:00:00;0.0;55.9351611030405;;50.0;;;;
2022-05-06 02:00:00;0.0;55.9351611030405;;50.0;;;;
2022-05-06 03:00:00;0.0;55.9351611030405;;50.0;;;;
2022-05-06 04:00:00;0.0;55.9351611030405;;50.0;;;;
2022-05-06 05:00:00;0.0;55.9351611030405;;50.0;;;;
2022-05-06 06:00:00;0.0;55.9351611030405;;52.15652528004277;;;;
2022-05-06 07:00:00;0.0;55.9351611030405;;57.43347035037232;;;;
2022-05-06 08:00:00;0.0;55.9351611030405;;62.77145138862181;;;;
2022-05-06 09:00:00;0.0;55.9351611030405;;67.82547158724351;;;;
2022-05-06 10:00:00;0.0;55.9351611030405;;72.26545887787388;;;;
2022-05-06 11:00:00;0.0;55.9351611030405;;75.80442235034855;;;;
2022-05-06 12:00:00;0.0;55.9351611030405;;78.20804270718233;;;;
2022-05-06 13:00:00;0.0;55.9351611030405;;79.32152955487697;;;;
2022-05-06 14:00:00;0.0;55.9351611030405;;79.0793105857253;;;;
2022-05-06 15:00:00;0.0;55.9351611030405;;77.50383059790494;;;;
2022-05-06 16:00:00;0.0;55.9351611030405;;74.7077981393571;;;;
2022-05-06 17:00:00;0.0;55.9351611030405;;70.88620223236175;;;;
2022-05-06 18:00:00;0.0;55.9351611030405;;66.30969521823681;;;;
2022-05-06 19:00:00;0.0;55.9351611030405;;61.30504425048109;;;;
2022-05-06 20:00:00;0.0;55.9351611030405;;56.23424903289254;;;;
2022-05-06 21:00:00;0.0;55.9351611030405;;51.47248726578832;;;;
2022-05-06 22:00:00;0.0;55.9351611030405;;50.0;;;;
2022-05-06 23:00:00;0.0;55.9351611030405;;50.0;;;;
2022-05-07 00:00:00;0.0;55.9351611030405;;50.0;;;;
2022-05-07 01:00:00;0.0;55.9351611030405;;50.0;;;;
2022-05-07 02:00:00;0.0;55.9351611030405;;50.0;;;;
2022-05-07 03:00:00;0.0;55.9351611030405;;50.0;;;;
2022-05-07 04:00:00;0.0;55.9351611030405;;50.26873402005351;;;;
2022-05-07 05:00:00;0.0;55.9351611030405;;55.39222298442916;;;;
2022-05-07 06:00:00;0.0;55.9351611030405;;61.3584937759928;;;;
2022-05-07 07:00:00;0.0;55.9351611030405;;67.7942394584592;;;;
2022-05-07 08:00:00;0.0;55.9351611030405;;74.28845512165135;;;;
2022-05-07 09:00:00;0.0;55.9351611030405;;80.41661804027358;;;;
2022-05-07 10:00:00;0.0;55.9351611030405;;85.77231240637357;;;;
2022-05-07 11:00:00;0.0;55.9351611030405;;89.9968355537695;;;;
2022-05-07 12:00:00;0.0;55.9351611030405;;92.80978467709656;;;;
2022-05-07 13:00:00;0.0;55.9351611030405;;94.0271586266472;;;;
2022-05-07 14:00:00;0.0;55.9351611030405;;93.57045798311948;;;;
2022-05-07 15:00:00;0.0;55.9351611030405;;91.47592878681914;;;;
2022-05-07 16:00:00;0.0;55.9351611030405;;87.88859211672099;;;;
2022-05-07 17:00:00;0.0;55.9351611030405;;83.06728648730326;;;;
2022-05-07 18:00:00;0.0;55.9351611030405;;77.35253560816392;;;;
2022-05-07 19:00:00;0.0;55.9351611030405;;71.1526272743556;;;;
2022-05-07 20:00:00;0.0;55.9351611030405;;64.90356648168901;;;;
2022-05-07 21:00:00;0.0;55.9351611030405;;59.04526590592511;;;;
2022-05-07 22:00:00;0.0;55.9351611030405;;53.98890296026114;;;;
2022-05-07 23:00:00;0.0;55.9351611030405;;50.0;;;;
2022-05-08 00:00:00;0.0;55.9351611030405;;50.0;;;;
2022-05-08 01:00:00;0.0;55.9351611030405;;50.0;;;;
2022-05-08 02:00:00;0.0;55.9351611030405;;50.0;;;;
2022-05-08 03:00:00;0.0;55.9351611030405;;50.0;;;;
2022-05-08 04:00:00;0.0;55.9351611030405;;52.56664575286523;;;;
2022-05-08 05:00:00;0.0;55.9351611030405;;57.42718978972365;;;;
2022-05-08 06:00:00;0.0;55.9351611030405;;63.06641249546721;;;;
2022-05-08 07:00:00;0.0;55.9351611030405;;69.08337418395682;;;;
2022-05-08 08:00:00;0.0;55.9351611030405;;75.05418072693253;;;;
2022-05-08 09:00:00;0.0;55.9351611030405;;80.55791375985365;;;;
2022-05-08 10:00:00;0.0;55.9351611030405;;85.21102541848956;;;;
2022-05-08 11:00:00;0.0;55.9351611030405;;88.68373527757464;;;;
2022-05-08 12:00:00;0.0;55.9351611030405;;90.73487001529756;;;;
2022-05-08 13:00:00;0.0;55.9351611030405;;91.21982144559496;;;;
2022-05-08 14:00:00;0.0;55.9351611030405;;90.10725238770156;;;;
2022-05-08 15:00:00;0.0;55.9351611030405;;87.46702001250594;;;;
2022-05-08 16:00:00;0.0;55.9351611030405;;83.47703074153529;;;;
2022-05-08 17:00:00;0.0;55.9351611030405;;78.40239236465972;;;;
2022-05-08 18:00:00;0.0;55.9351611030405;;72.58117746399216;;;;
2022-05-08 19:00:00;0.0;55.9351611030405;;66.39740855276074;;;;
2022-05-08 20:00:00;0.0;55.9351611030405;;60.26093606548906;;;;
2022-05-08 21:00:00;0.0;55.9351611030405;;54.57547588335395;;;;
2022-05-08 22:00:00;0.0;55.9351611030405;;50.0;;;;
2022-05-08 23:00:00;0.0;55.9351611030405;;50.0;;;;
2022-05-09 00:00:00;0.0;55.9351611030405;;50.0;;;;
2022-05-09 01:00:00;0.0;55.9351611030405;;50.0;;;;
2022-05-09 02:00:00;0.0;55.9351611030405;;50.0;;;;
2022-05-09 03:00:00;0.0;55.9351611030405;;50.0;;;;
2022-05-09 04:00:00;0.0;55.9351611030405;;50.0;;;;
2022-05-09 05:00:00;0.0;55.9351611030405;;50.98873010218874;;;;
2022-05-09 06:00:00;0.0;55.9351611030405;;56.03627574336615;;;;
2022-05-09 07:00:00;0.0;55.9351611030405;;61.45861825329246;;;;
2022-05-09 08:00:00;0.0;55.9351611030405;;66.88971087983593;;;;
2022-05-09 09:00:00;0.0;55.9351611030405;;71.95416662558213;;;;
2022-05-09 10:00:00;0.0;55.9351611030405;;76.31279971449798;;;;
2022-05-09 11:00:00;0.0;55.9351611030405;;79.66825332167612;;;;
2022-05-09 12:00:00;0.0;55.9351611030405;;81.79943376951869;;;;
2022-05-09 13:00:00;0.0;55.9351611030405;;82.55823625428924;;;;
2022-05-09 14:00:00;0.0;55.9351611030405;;81.8914111252472;;;;
2022-05-09 15:00:00;0.0;55.9351611030405;;79.84231833407698;;;;
2022-05-09 16:00:00;0.0;55.9351611030405;;76.54920176204028;;;;
2022-05-09 17:00:00;0.0;55.9351611030405;;72.23581728749906;;;;
2022-05-09 18:00:00;0.0;55.9351611030405;;67.19775197281825;;;;
2022-05-09 19:00:00;0.0;55.9351611030405;;61.78072750616046;;;;
2022-05-09 20:00:00;0.0;55.9351611030405;;56.35366047821985;;;;
2022-05-09 21:00:00;0.0;55.9351611030405;;51.2886454489709;;;;
2022-05-09 22:00:00;0.0;55.9351611030405;;50.0;;;;
2022-05-09 23:00:00;0.0;55.9351611030405;;50.0;;;;
2022-05-10 00:00:00;0.0;55.9351611030405;;50.0;;;;
2022-05-10 01:00:00;0.0;55.9351611030405;;50.0;;;;
2022-05-10 02:00:00;0.0;55.9351611030405;;50.0;;;;
2022-05-10 03:00:00;0.0;55.9351611030405;;50.0;;;;
2022-05-10 04:00:00;0.0;55.9351611030405;;50.0;;;;
2022-05-10 05:00:00;0.0;55.9351611030405;;50.0;;;;
2022-05-10 06:00:00;0.0;55.9351611030405;;54.88226251796883;;;;
2022-05-10 07:00:00;0.0;55.9351611030405;;60.30332598352763;;;;
2022-05-10 08:00:00;0.0;55.9351611030405;;65.71671727062231;;;;
2022-05-10 09:00:00;0.0;55.9351611030405;;70.74791255349211;;;;
2022-05-10 10:00:00;0.0;55.9351611030405;;75.05141114709247;;;;
2022-05-10 11:00:00;0.0;55.9351611030405;;78.32737221146604;;;;
2022-05-10 12:00:00;0.0;55.9351611030405;;80.3532853686885;;;;
2022-05-10 13:00:00;0.0;55.9351611030405;;80.98483253150951;;;;
2022-05-10 14:00:00;0.0;55.9351611030405;;80.17612673842041;;;;
2022-05-10 15:00:00;0.0;55.9351611030405;;77.97929390607572;;;;
2022-05-10 16:00:00;0.0;55.9351611030405;;74.5408076008117;;;;
2022-05-10 17:00:00;0.0;55.9351611030405;;70.098081164832;;;;
2022-05-10 18:00:00;0.0;55.9351611030405;;64.94883632814188;;;;
2022-05-10 19:00:00;0.0;55.9351611030405;;59.44613817902767;;;;
2022-05-10 20:00:00;0.0;55.9351611030405;;53.95688259458336;;;;
2022-05-10 21:00:00;0.0;55.9351611030405;;50.0;;;;
2022-05-10 22:00:00;0.0;55.9351611030405;;50.0;;;;
2022-05-10 23:00:00;0.0;55.9351611030405;;50.0;;;;
2022-05-11 00:00:00;0.0;55.9351611030405;;50.0;;;;
2022-05-11 01:00:00;0.0;55.9351611030405;;50.0;;;;
2022-05-11 02:00:00;0.0;55.9351611030405;;50.0;;;;
2022-05-11 03:00:00;0.0;55.9351611030405;;50.0;;;;
2022-05-11 04:00:00;0.0;55.9351611030405;;50.0;;;;
2022-05-11 05:00:00;0.0;55.9351611030405;;50.0;;;;
2022-05-11 06:00:00;0.0;55.9351611030405;;51.05772407674439;;;;
2022-05-11 07:00:00;0.0;55.9351611030405;;55.71137969713963;;;;
2022-05-11 08:00:00;0.0;55.9351611030405;;60.29709971782663;;;;
2022-05-11 09:00:00;0.0;55.9351611030405;;64.47989842721645;;;;
2022-05-11 10:00:00;0.0;55.9351611030405;;67.96080242894963;;;;
2022-05-11 11:00:00;0.0;55.9351611030405;;70.49009851504758;;;;
2022-05-11 12:00:00;0.0;55.9351611030405;;71.88531709025307;;;;
2022-05-11 13:00:00;0.0;55.9351611030405;;72.04753393342224;;;;
2022-05-11 14:00:00;0.0;55.9351611030405;;70.96010146062558;;;;
2022-05-11 15:00:00;0.0;55.9351611030405;;68.69398780192694;;;;
2022-05-11 16:00:00;0.0;55.9351611030405;;65.39263328696762;;;;
2022-05-11 17:00:00;0.0;55.9351611030405;;61.27253660092049;;;;
2022-05-11 18:00:00;0.0;55.9351611030405;;56.60117317199563;;;;
2022-05-11 19:00:00;0.0;55.9351611030405;;51.68087995755616;;;;
2022-05-11 20:00:00;0.0;55.9351611030405;;50.0;;;;
2022-05-11 21:00:00;0.0;55.9351611030405;;50.0;;;;
2022-05-11 22:00:00;0.0;55.9351611030405;;50.0;;;;
2022-05-11 23:00:00;0.0;55.9351611030405;;50.0;;;;
2022-05-12 00:00:00;0.0;55.9351611030405;;50.0;;;;
2022-05-12 01:00:00;0.0;55.9351611030405;;50.0;;;;
2022-05-12 02:00:00;0.0;55.9351611030405;;50.0;;;;
2022-05-12 03:00:00;0.0;55.9351611030405;;50.0;;;;
2022-05-12 04:00:00;0.0;55.9351611030405;;50.0;;;;
2022-05-12 05:00:00;0.0;55.9351611030405;;50.0;;;;
2022-05-12 06:00:00;0.0;55.9351611030405;;50.0;;;;
2022-05-12 07:00:00;0.0;55.9351611030405;;51.75424774957279;;;;
2022-05-12 08:00:00;0.0;55.9351611030405;;56.4231646865539;;;;
2022-05-12 09:00:00;0.0;55.9351611030405;;60.8189966674468;;;;
2022-05-12 10:00:00;0.0;55.9351611030405;;64.6509692812542;;;;
2022-05-12 11:00:00;0.0;55.9351611030405;;67.66515549848404;;;;
2022-05-12 12:00:00;0.0;55.9351611030405;;69.66066250730886;;;;
2022-05-12 13:00:00;0.0;55.9351611030405;;70.5099599515203;;;;
2022-05-12 14:00:00;0.0;55.9351611030405;;70.16007547008856;;;;
2022-05-12 15:00:00;0.0;55.9351611030405;;68.64188719894511;;;;
2022-05-12 16:00:00;0.0;55.9351611030405;;66.05731993821163;;;;
2022-05-12 17:00:00;0.0;55.9351611030405;;62.58268675423843;;;;
2022-05-12 18:00:00;0.0;55.9351611030405;;58.45666271529468;;;;
2022-05-12 19:00:00;0.0;55.9351611030405;;53.97005193655825;;;;
2022-05-12 20:00:00;0.0;55.9351611030405;;50.0;;;;
2022-05-12 21:00:00;0.0;55.9351611030405;;50.0;;;;
2022-05-12 22:00:00;0.0;55.9351611030405;;50.0;;;;
2022-05-12 23:00:00;0.0;55.9351611030405;;50.0;;;;
2022-05-13 00:00:00;0.0;55.9351611030405;;50.0;;;;
2022-05-13 01:00:00;0.0;55.9351611030405;;50.0;;;;
2022-05-13 02:00:00;0.0;55.9351611030405;;50.0;;;;
2022-05-13 03:00:00;0.0;55.9351611030405;;50.0;;;;
2022-05-13 04:00:00;0.0;55.9351611030405;;50.0;;;;
2022-05-13 05:00:00;0.0;55.9351611030405;;50.0;;;;
2022-05-13 06:00:00;0.0;55.9351611030405;;54.97550977416002;;;;
2022-05-13 07:00:00;0.0;55.9351611030405;;60.74034280777963;;;;
2022-05-13 08:00:00;0.0;55.9351611030405;;66.56125694420564;;;;
2022-05-13 09:00:00;0.0;55.9351611030405;;72.05752148642782;;;;
2022-05-13 10:00:00;0.0;55.9351611030405;;76.86844938684104;;;;
2022-05-13 11:00:00;0.0;55.9351611030405;;80.6738415333196;;;;
2022-05-13 12:00:00;0.0;55.9351611030405;;83.22155647229638;;;;
2022-05-13 13:00:00;0.0;55.9351611030405;;84.3392541408683;;;;
2022-05-13 14:00:00;0.0;55.9351611030405;;83.96244680410891;;;;
2022-05-13 15:00:00;0.0;55.9351611030405;;82.1205337627349;;;;
2022-05-13 16:00:00;0.0;55.9351611030405;;78.94610802121053;;;;
2022-05-13 17:00:00;0.0;55.9351611030405;;74.65889421198773;;;;
2022-05-13 18:00:00;0.0;55.9351611030405;;69.56714834562987;;;;
2022-05-13 19:00:00;0.0;55.9351611030405;;64.03506146848238;;;;
2022-05-13 20:00:00;0.0;55.9351611030405;;58.45443594291017;;;;
2022-05-13 21:00:00;0.0;55.9351611030405;;53.22067043066031;;;;
2022-05-13 22:00:00;0.0;55.9351611030405;;50.0;;;;
2022-05-13 23:00:00;0.0;55.9351611030405;;50.0;;;;
2022-05-14 00:00:00;0.0;55.9351611030405;;50.0;;;;
2022-05-14 01:00:00;0.0;55.9351611030405;;50.0;;;;
2022-05-14 02:00:00;0.0;55.9351611030405;;50.0;;;;
2022-05-14 03:00:00;0.0;55.9351611030405;;50.0;;;;
2022-05-14 04:00:00;0.0;55.9351611030405;;50.0;;;;
2022-05-14 05:00:00;0.0;55.9351611030405;;54.26561760946519;;;;
2022-05-14 06:00:00;0.0;55.9351611030405;;59.67947283217929;;;;
2022-05-14 07:00:00;0.0;55.9351611030405;;65.47002666177622;;;;
2022-05-14 08:00:00;0.0;55.9351611030405;;71.23740588489204;;;;
2022-05-14 09:00:00;0.0;55.9351611030405;;76.5793708851801;;;;
2022-05-14 10:00:00;0.0;55.9351611030405;;81.13034563290014;;;;
2022-05-14 11:00:00;0.0;55.9351611030405;;84.57664997072034;;;;
2022-05-14 12:00:00;0.0;55.9351611030405;;86.68369448924594;;;;
2022-05-14 13:00:00;0.0;55.9351611030405;;87.30520401425898;;;;
2022-05-14 14:00:00;0.0;55.9351611030405;;86.40038283418575;;;;
2022-05-14 15:00:00;0.0;55.9351611030405;;84.03172823728508;;;;
2022-05-14 16:00:00;0.0;55.9351611030405;;80.36067477483743;;;;
2022-05-14 17:00:00;0.0;55.9351611030405;;75.6344357091211;;;;
2022-05-14 18:00:00;0.0;55.9351611030405;;70.17071021153832;;;;
2022-05-14 19:00:00;0.0;55.9351611030405;;64.33815206320887;;;;
2022-05-14 20:00:00;0.0;55.9351611030405;;58.52806174938973;;;;
2022-05-14 21:00:00;0.0;55.9351611030405;;53.12911256590642;;;;
2022-05-14 22:00:00;0.0;55.9351611030405;;50.0;;;;
2022-05-14 23:00:00;0.0;55.9351611030405;;50.0;;;;
2022-05-15 00:00:00;0.0;55.9351611030405;;50.0;;;;
2022-05-15 01:00:00;0.0;55.9351611030405;;50.0;;;;
2022-05-15 02:00:00;0.0;55.9351611030405;;50.0;;;;
2022-05-15 03:00:00;0.0;55.9351611030405;;50.0;;;;
2022-05-15 04:00:00;0.0;55.9351611030405;;50.0;;;;
2022-05-15 05:00:00;0.0;55.9351611030405;;51.92255574798009;;;;
2022-05-15 06:00:00;0.0;55.9351611030405;;57.21109821538873;;;;
2022-05-15 07:00:00;0.0;55.9351611030405;;62.91127235730652;;;;
2022-05-15 08:00:00;0.0;55.9351611030405;;68.64713743058962;;;;
2022-05-15 09:00:00;0.0;55.9351611030405;;74.03579085224155;;;;
2022-05-15 10:00:00;0.0;55.9351611030405;;78.72305184706686;;;;
2022-05-15 11:00:00;0.0;55.9351611030405;;82.39067797437181;;;;
2022-05-15 12:00:00;0.0;55.9351611030405;;84.80245180122944;;;;
2022-05-15 13:00:00;0.0;55.9351611030405;;85.7907965957971;;;;
2022-05-15 14:00:00;0.0;55.9351611030405;;85.2990963056346;;;;
2022-05-15 15:00:00;0.0;55.9351611030405;;83.35805645381282;;;;
2022-05-15 16:00:00;0.0;55.9351611030405;;80.1063676409333;;;;
2022-05-15 17:00:00;0.0;55.9351611030405;;75.76466954400973;;;;
2022-05-15 18:00:00;0.0;55.9351611030405;;70.6376201567441;;;;
2022-05-15 19:00:00;0.0;55.9351611030405;;65.08152242151336;;;;
2022-05-15 20:00:00;0.0;55.9351611030405;;59.48908818036411;;;;
2022-05-15 21:00:00;0.0;55.9351611030405;;54.25351479112659;;;;
2022-05-15 22:00:00;0.0;55.9351611030405;;50.0;;;;
2022-05-15 23:00:00;0.0;55.9351611030405;;50.0;;;;
2022-05-16 00:00:00;0.0;55.9351611030405;;50.0;;;;
2022-05-16 01:00:00;0.0;55.9351611030405;;50.0;;;;
2022-05-16 02:00:00;0.0;55.9351611030405;;50.0;;;;
2022-05-16 03:00:00;0.0;55.9351611030405;;50.0;;;;
2022-05-16 04:00:00;0.0;55.9351611030405;;50.0;;;;
2022-05-16 05:00:00;0.0;55.9351611030405;;53.09068965068158;;;;
2022-05-16 06:00:00;0.0;55.9351611030405;;58.56846040622145;;;;
2022-05-16 07:00:00;0.0;55.9351611030405;;64.44202784709411;;;;
2022-05-16 08:00:00;0.0;55.9351611030405;;70.31764692057172;;;;
2022-05-16 09:00:00;0.0;55.9351611030405;;75.79566956368865;;;;
2022-05-16 10:00:00;0.0;55.9351611030405;;80.5058482556357;;;;
2022-05-16 11:00:00;0.0;55.9351611030405;;84.12179365833175;;;;
2022-05-16 12:00:00;0.0;55.9351611030405;;86.3950297885493;;;;
2022-05-16 13:00:00;0.0;55.9351611030405;;87.16322494407291;;;;
2022-05-16 14:00:00;0.0;55.9351611030405;;86.37716831889031;;;;
2022-05-16 15:00:00;0.0;55.9351611030405;;84.0893691739528;;;;
2022-05-16 16:00:00;0.0;55.9351611030405;;80.45789521371714;;;;
2022-05-16 17:00:00;0.0;55.9351611030405;;75.72743318140874;;;;
2022-05-16 18:00:00;0.0;55.9351611030405;;70.22473576622802;;;;
2022-05-16 19:00:00;0.0;55.9351611030405;;64.3249549489874;;;;
2022-05-16 20:00:00;0.0;55.9351611030405;;58.42621427455817;;;;
2022-05-16 21:00:00;0.0;55.9351611030405;;52.92759476210782;;;;
2022-05-16 22:00:00;0.0;55.9351611030405;;50.0;;;;
2022-05-16 23:00:00;0.0;55.9351611030405;;50.0;;;;
2022-05-17 00:00:00;0.0;55.9351611030405;;50.0;;;;
2022-05-17 01:00:00;0.0;55.9351611030405;;50.0;;;;
2022-05-17 02:00:00;0.0;55.9351611030405;;50.0;;;;
2022-05-17 03:00:00;0.0;55.9351611030405;;50.0;;;;
2022-05-17 04:00:00;0.0;55.9351611030405;;50.0;;;;
2022-05-17 05:00:00;0.0;55.9351611030405;;50.0;;;;
2022-05-17 06:00:00;0.0;55.9351611030405;;53.44013055799135;;;;
2022-05-17 07:00:00;0.0;55.9351611030405;;58.29907515886946;;;;
2022-05-17 08:00:00;0.0;55.9351611030405;;63.07688746674569;;;;
2022-05-17 09:00:00;0.0;55.9351611030405;;67.42528230388885;;;;
2022-05-17 10:00:00;0.0;55.9351611030405;;71.02597603895896;;;;
2022-05-17 11:00:00;0.0;55.9351611030405;;73.6220320146256;;;;
2022-05-17 12:00:00;0.0;55.9351611030405;;75.02638333992688;;;;
2022-05-17 13:00:00;0.0;55.9351611030405;;75.13818029796657;;;;
2022-05-17 14:00:00;0.0;55.9351611030405;;73.94131536728774;;;;
2022-05-17 15:00:00;0.0;55.9351611030405;;71.50979409640053;;;;
2022-05-17 16:00:00;0.0;55.9351611030405;;68.00047428375028;;;;
2022-05-17 17:00:00;0.0;55.9351611030405;;63.64196730257682;;;;
2022-05-17 18:00:00;0.0;55.9351611030405;;58.71493972400906;;;;
2022-05-17 19:00:00;0.0;55.9351611030405;;53.53405505609621;;;;
2022-05-17 20:00:00;0.0;55.9351611030405;;50.0;;;;
2022-05-17 21:00:00;0.0;55.9351611030405;;50.0;;;;
2022-05-17 22:00:00;0.0;55.9351611030405;;50.0;;;;
2022-05-17 23:00:00;0.0;55.9351611030405;;50.0;;;;
2022-05-18 00:00:00;0.0;55.9351611030405;;50.0;;;;
2022-05-18 01:00:00;0.0;55.9351611030405;;50.0;;;;
2022-05-18 02:00:00;0.0;55.9351611030405;;50.0;;;;
2022-05-18 03:00:00;0.0;55.9351611030405;;50.0;;;;
2022-05-18 04:00:00;0.0;55.9351611030405;;50.0;;;;
2022-05-18 05:00:00;0.0;55.9351611030405;;50.0;;;;
2022-05-18 06:00:00;0.0;55.9351611030405;;50.0;;;;
2022-05-18 07:00:00;0.0;55.9351611030405;;50.36749416143388;;;;
2022-05-18 08:00:00;0.0;55.9351611030405;;54.76307264771234;;;;
2022-05-18 09:00:00;0.0;55.9351611030405;;58.86725791669234;;;;
2022-05-18 10:00:00;0.0;55.9351611030405;;62.40155430464432;;;;
2022-05-18 11:00:00;0.0;55.9351611030405;;65.12838472844135;;;;
2022-05-18 12:00:00;0.0;55.9351611030405;;66.8640805322293;;;;
2022-05-18 13:00:00;0.0;55.9351611030405;;67.49118163510929;;;;
2022-05-18 14:00:00;0.0;55.9351611030405;;66.96834974363873;;;;
2022-05-18 15:00:00;0.0;55.9351611030405;;65.33383636989403;;;;
2022-05-18 16:00:00;0.0;55.9351611030405;;62.69517337931457;;;;
2022-05-18 17:00:00;0.0;55.9351611030405;;59.22799232810512;;;;
2022-05-18 18:00:00;0.0;55.9351611030405;;55.16530605671409;;;;
2022-05-18 19:00:00;0.0;55.9351611030405;;50.78662557454138;;;;
2022-05-18 20:00:00;0.0;55.9351611030405;;50.0;;;;
2022-05-18 21:00:00;0.0;55.9351611030405;;50.0;;;;
2022-05-18 22:00:00;0.0;55.9351611030405;;50.0;;;;
2022-05-18 23:00:00;0.0;55.9351611030405;;50.0;;;;
2022-05-19 00:00:00;0.0;55.9351611030405;;50.0;;;;
2022-05-19 01:00:00;0.0;55.9351611030405;;50.0;;;;
2022-05-19 02:00:00;0.0;55.9351611030405;;50.0;;;;
2022-05-19 03:00:00;0.0;55.9351611030405;;50.0;;;;
2022-05-19 04:00:00;0.0;55.9351611030405;;50.0;;;;
2022-05-19 05:00:00;0.0;55.9351611030405;;50.0;;;;
2022-05-19 06:00:00;0.0;55.9351611030405;;50.0;;;;
2022-05-19 07:00:00;0.0;55.9351611030405;;54.99165663539711;;;;
2022-05-19 08:00:00;0.0;55.9351611030405;;60.1265293591613;;;;
2022-05-19 09:00:00;0.0;55.9351611030405;;64.95356746184187;;;;
2022-05-19 10:00:00;0.0;55.9351611030405;;69.14811216846715;;;;
2022-05-19 11:00:00;0.0;55.9351611030405;;72.43041814237546;;;;
2022-05-19 12:00:00;0.0;55.9351611030405;;74.57528583352051;;;;
2022-05-19 13:00:00;0.0;55.9351611030405;;75.44084034999412;;;;
2022-05-19 14:00:00;0.0;55.9351611030405;;74.97020756811965;;;;
2022-05-19 15:00:00;0.0;55.9351611030405;;73.19935082789472;;;;
2022-05-19 16:00:00;0.0;55.9351611030405;;70.25200619488473;;;;
2022-05-19 17:00:00;0.0;55.9351611030405;;66.33128544262645;;;;
2022-05-19 18:00:00;0.0;55.9351611030405;;61.71195758131488;;;;
2022-05-19 19:00:00;0.0;55.9351611030405;;56.71749448900509;;;;
2022-05-19 20:00:00;0.0;55.9351611030405;;51.69824131680502;;;;
2022-05-19 21:00:00;0.0;55.9351611030405;;50.0;;;;
2022-05-19 22:00:00;0.0;55.9351611030405;;50.0;;;;
2022-05-19 23:00:00;0.0;55.9351611030405;;50.0;;;;
2022-05-20 00:00:00;0.0;55.9351611030405;;50.0;;;;
2022-05-20 01:00:00;0.0;55.9351611030405;;50.0;;;;
2022-05-20 02:00:00;0.0;55.9351611030405;;50.0;;;;
2022-05-20 03:00:00;0.0;55.9351611030405;;50.0;;;;
2022-05-20 04:00:00;0.0;55.9351611030405;;50.0;;;;
2022-05-20 05:00:00;0.0;55.9351611030405;;50.0;;;;
2022-05-20 06:00:00;0.0;55.9351611030405;;53.56081529118563;;;;
2022-05-20 07:00:00;0.0;55.9351611030405;;58.72017804562953;;;;
2022-05-20 08:00:00;0.0;55.9351611030405;;63.85574403321193;;;;
2022-05-20 09:00:00;0.0;55.9351611030405;;68.6155556476352;;;;
2022-05-20 10:00:00;0.0;55.9351611030405;;72.67028702601414;;;;
2022-05-20 11:00:00;0.0;55.9351611030405;;75.74202176419074;;;;
2022-05-20 12:00:00;0.0;55.9351611030405;;77.61526907769903;;;;
2022-05-20 13:00:00;0.0;55.9351611030405;;78.16573035680901;;;;
2022-05-20 14:00:00;0.0;55.9351611030405;;77.35684510141053;;;;
2022-05-20 15:00:00;0.0;55.9351611030405;;75.24684206341074;;;;
2022-05-20 16:00:00;0.0;55.9351611030405;;71.97619515091122;;;;
2022-05-20 17:00:00;0.0;55.9351611030405;;67.76326446835517;;;;
2022-05-20 18:00:00;0.0;55.9351611030405;;62.89368953919434;;;;
2022-05-20 19:00:00;0.0;55.9351611030405;;57.69578523850174;;;;
2022-05-20 20:00:00;0.0;55.9351611030405;;52.52026762587267;;;;
2022-05-20 21:00:00;0.0;55.9351611030405;;50.0;;;;
2022-05-20 22:00:00;0.0;55.9351611030405;;50.0;;;;
2022-05-20 23:00:00;0.0;55.9351611030405;;50.0;;;;
2022-05-21 00:00:00;0.0;55.9351611030405;;50.0;;;;
2022-05-21 01:00:00;0.0;55.9351611030405;;50.0;;;;
2022-05-21 02:00:00;0.0;55.9351611030405;;50.0;;;;
2022-05-21 03:00:00;0.0;55.9351611030405;;50.0;;;;
2022-05-21 04:00:00;0.0;55.9351611030405;;50.0;;;;
2022-05-21 05:00:00;0.0;55.9351611030405;;50.0;;;;
2022-05-21 06:00:00;0.0;55.9351611030405;;54.00416570809226;;;;
2022-05-21 07:00:00;0.0;55.9351611030405;;59.4873706540379;;;;
2022-05-21 08:00:00;0.0;55.9351611030405;;65.02572964338077;;;;
2022-05-21 09:00:00;0.0;55.9351611030405;;70.26090457293694;;;;
2022-05-21 10:00:00;0.0;55.9351611030405;;74.85149949104813;;;;
2022-05-21 11:00:00;0.0;55.9351611030405;;78.50194356934108;;;;
2022-05-21 12:00:00;0.0;55.9351611030405;;80.9680140396697;;;;
2022-05-21 13:00:00;0.0;55.9351611030405;;82.09179170678699;;;;
2022-05-21 14:00:00;0.0;55.9351611030405;;81.79778419588226;;;;
2022-05-21 15:00:00;0.0;55.9351611030405;;80.11724248828057;;;;
2022-05-21 16:00:00;0.0;55.9351611030405;;77.16525666122439;;;;
2022-05-21 17:00:00;0.0;55.9351611030405;;73.15086692154397;;;;
2022-05-21 18:00:00;0.0;55.9351611030405;;68.35550286642884;;;;
2022-05-21 19:00:00;0.0;55.9351611030405;;63.12350165247278;;;;
2022-05-21 20:00:00;0.0;55.9351611030405;;57.83213573606821;;;;
2022-05-21 21:00:00;0.0;55.9351611030405;;52.8682691661669;;;;
2022-05-21 22:00:00;0.0;55.9351611030405;;50.0;;;;
2022-05-21 23:00:00;0.0;55.9351611030405;;50.0;;;;
2022-05-22 00:00:00;0.0;55.9351611030405;;50.0;;;;
2022-05-22 01:00:00;0.0;55.9351611030405;;50.0;;;;
2022-05-22 02:00:00;0.0;55.9351611030405;;50.0;;;;
2022-05-22 03:00:00;0.0;55.9351611030405;;50.0;;;;
2022-05-22 04:00:00;0.0;55.9351611030405;;50.0;;;;
2022-05-22 05:00:00;0.0;55.9351611030405;;54.10892720539219;;;;
2022-05-22 06:00:00;0.0;55.9351611030405;;59.82869508547483;;;;
2022-05-22 07:00:00;0.0;55.9351611030405;;65.9826368837802;;;;
2022-05-22 08:00:00;0.0;55.9351611030405;;72.16723743287353;;;;
2022-05-22 09:00:00;0.0;55.9351611030405;;77.97190864250597;;;;
2022-05-22 10:00:00;0.0;55.9351611030405;;83.00480879333466;;;;
2022-05-22 11:00:00;0.0;55.9351611030405;;86.92901946759414;;;;
2022-05-22 12:00:00;0.0;55.9351611030405;;89.4804779870262;;;;
2022-05-22 13:00:00;0.0;55.9351611030405;;90.48176256390175;;;;
2022-05-22 14:00:00;0.0;55.9351611030405;;89.86548413443042;;;;
2022-05-22 15:00:00;0.0;55.9351611030405;;87.67303465822471;;;;
2022-05-22 16:00:00;0.0;55.9351611030405;;84.06351252409856;;;;
2022-05-22 17:00:00;0.0;55.9351611030405;;79.28699887600811;;;;
2022-05-22 18:00:00;0.0;55.9351611030405;;73.67829969229906;;;;
2022-05-22 19:00:00;0.0;55.9351611030405;;67.62614125924242;;;;
2022-05-22 20:00:00;0.0;55.9351611030405;;61.54986178209457;;;;
2022-05-22 21:00:00;0.0;55.9351611030405;;55.86827934200628;;;;
2022-05-22 22:00:00;0.0;55.9351611030405;;50.97043938872167;;;;
2022-05-22 23:00:00;0.0;55.9351611030405;;50.0;;;;
2022-05-23 00:00:00;0.0;55.9351611030405;;50.0;;;;
2022-05-23 01:00:00;0.0;55.9351611030405;;50.0;;;;
2022-05-23 02:00:00;0.0;55.9351611030405;;50.0;;;;
2022-05-23 03:00:00;0.0;55.9351611030405;;50.0;;;;
2022-05-23 04:00:00;0.0;55.9351611030405;;50.0;;;;
2022-05-23 05:00:00;0.0;55.9351611030405;;52.04101861776267;;;;
2022-05-23 06:00:00;0.0;55.9351611030405;;57.01561800656926;;;;
2022-05-23 07:00:00;0.0;55.9351611030405;;62.30936209631602;;;;
2022-05-23 08:00:00;0.0;55.9351611030405;;67.53748235425977;;;;
2022-05-23 09:00:00;0.0;55.9351611030405;;72.31873851285047;;;;
2022-05-23 10:00:00;0.0;55.9351611030405;;76.31429646055756;;;;
2022-05-23 11:00:00;0.0;55.9351611030405;;79.23400652253018;;;;
2022-05-23 12:00:00;0.0;55.9351611030405;;80.87216999883712;;;;
2022-05-23 13:00:00;0.0;55.9351611030405;;81.10683108081685;;;;
2022-05-23 14:00:00;0.0;55.9351611030405;;79.92224588933085;;;;
2022-05-23 15:00:00;0.0;55.9351611030405;;77.39398786364572;;;;
2022-05-23 16:00:00;0.0;55.9351611030405;;73.68806560483365;;;;
2022-05-23 17:00:00;0.0;55.9351611030405;;69.0464119811723;;;;
2022-05-23 18:00:00;0.0;55.9351611030405;;63.77116359107166;;;;
2022-05-23 19:00:00;0.0;55.9351611030405;;58.20452272741244;;;;
2022-05-23 20:00:00;0.0;55.9351611030405;;52.70361032998159;;;;
2022-05-23 21:00:00;0.0;55.9351611030405;;50.0;;;;
2022-05-23 22:00:00;0.0;55.9351611030405;;50.0;;;;
2022-05-23 23:00:00;0.0;55.9351611030405;;50.0;;;;
2022-05-24 00:00:00;0.0;55.9351611030405;;50.0;;;;
2022-05-24 01:00:00;0.0;55.9351611030405;;50.0;;;;
2022-05-24 02:00:00;0.0;55.9351611030405;;50.0;;;;
2022-05-24 03:00:00;0.0;55.9351611030405;;50.0;;;;
2022-05-24 04:00:00;0.0;55.9351611030405;;50.0;;;;
2022-05-24 05:00:00;0.0;55.9351611030405;;50.0;;;;
2022-05-24 06:00:00;0.0;55.9351611030405;;50.0;;;;
2022-05-24 07:00:00;0.0;55.9351611030405;;52.92928900472319;;;;
2022-05-24 08:00:00;0.0;55.9351611030405;;57.51385957281646;;;;
2022-05-24 09:00:00;0.0;55.9351611030405;;61.77812143383329;;;;
2022-05-24 10:00:00;0.0;55.9351611030405;;65.43155183717981;;;;
2022-05-24 11:00:00;0.0;55.9351611030405;;68.22152275773256;;;;
2022-05-24 12:00:00;0.0;55.9351611030405;;69.95880640571463;;;;
2022-05-24 13:00:00;0.0;55.9351611030405;;70.52495107475113;;;;
2022-05-24 14:00:00;0.0;55.9351611030405;;69.88053494430565;;;;
2022-05-24 15:00:00;0.0;55.9351611030405;;68.07116304563506;;;;
2022-05-24 16:00:00;0.0;55.9351611030405;;65.21435976781864;;;;
2022-05-24 17:00:00;0.0;55.9351611030405;;61.50197639252309;;;;
2022-05-24 18:00:00;0.0;55.9351611030405;;57.1808267601148;;;;
2022-05-24 19:00:00;0.0;55.9351611030405;;52.54576804785638;;;;
2022-05-24 20:00:00;0.0;55.9351611030405;;50.0;;;;
2022-05-24 21:00:00;0.0;55.9351611030405;;50.0;;;;
2022-05-24 22:00:00;0.0;55.9351611030405;;50.0;;;;
2022-05-24 23:00:00;0.0;55.9351611030405;;50.0;;;;
2022-05-25 00:00:00;0.0;55.9351611030405;;50.0;;;;
2022-05-25 01:00:00;0.0;55.9351611030405;;50.0;;;;
2022-05-25 02:00:00;0.0;55.9351611030405;;50.0;;;;
2022-05-25 03:00:00;0.0;55.9351611030405;;50.0;;;;
2022-05-25 04:00:00;0.0;55.9351611030405;;50.0;;;;
2022-05-25 05:00:00;0.0;55.9351611030405;;50.0;;;;
2022-05-25 06:00:00;0.0;55.9351611030405;;50.0;;;;
2022-05-25 07:00:00;0.0;55.9351611030405;;53.36327645516566;;;;
2022-05-25 08:00:00;0.0;55.9351611030405;;58.20169761411797;;;;
2022-05-25 09:00:00;0.0;55.9351611030405;;62.71462555103241;;;;
2022-05-25 10:00:00;0.0;55.9351611030405;;66.59248745494946;;;;
2022-05-25 11:00:00;0.0;55.9351611030405;;69.57032447564289;;;;
2022-05-25 12:00:00;0.0;55.9351611030405;;71.44340538594354;;;;
2022-05-25 13:00:00;0.0;55.9351611030405;;72.08443099512314;;;;
2022-05-25 14:00:00;0.0;55.9351611030405;;71.44815590596131;;;;
2022-05-25 15:00:00;0.0;55.9351611030405;;69.57763422806909;;;;
2022-05-25 16:00:00;0.0;55.9351611030405;;66.60016374097872;;;;
2022-05-25 17:00:00;0.0;55.9351611030405;;62.72192118980455;;;;
2022-05-25 18:00:00;0.0;55.9351611030405;;58.20577643177776;;;;
2022-05-25 19:00:00;0.0;55.9351611030405;;53.36087605015675;;;;
2022-05-25 20:00:00;0.0;55.9351611030405;;50.0;;;;
2022-05-25 21:00:00;0.0;55.9351611030405;;50.0;;;;
2022-05-25 22:00:00;0.0;55.9351611030405;;50.0;;;;
2022-05-25 23:00:00;0.0;55.9351611030405;;50.0;;;;
2022-05-26 00:00:00;0.0;55.9351611030405;;50.0;;;;
2022-05-26 01:00:00;0.0;55.9351611030405;;50.0;;;;
2022-05-26 02:00:00;0.0;55.9351611030405;;50.0;;;;
2022-05-26 03:00:00;0.0;55.9351611030405;;50.0;;;;
2022-05-26 04:00:00;0.0;55.9351611030405;;50.0;;;;
2022-05-26 05:00:00;0.0;55.9351611030405;;50.0;;;;
2022-05-26 06:00:00;0.0;55.9351611030405;;50.0;;;;
2022-05-26 07:00:00;0.0;55.9351611030405;;53.16730592791879;;;;
2022-05-26 08:00:00;0.0;55.9351611030405;;57.67704887410532;;;;
2022-05-26 09:00:00;0.0;55.9351611030405;;61.82584786220472;;;;
2022-05-26 10:00:00;0.0;55.9351611030405;;65.32382154152025;;;;
2022-05-26 11:00:00;0.0;55.9351611030405;;67.928736739846;;;;
2022-05-26 12:00:00;0.0;55.9351611030405;;69.46072333642991;;;;
2022-05-26 13:00:00;0.0;55.9351611030405;;69.80448168691565;;;;
2022-05-26 14:00:00;0.0;55.9351611030405;;68.93462903073979;;;;
2022-05-26 15:00:00;0.0;55.9351611030405;;66.90762449201597;;;;
2022-05-26 16:00:00;0.0;55.9351611030405;;63.86396762957085;;;;
2022-05-26 17:00:00;0.0;55.9351611030405;;60.00445461685299;;;;
2022-05-26 18:00:00;0.0;55.9351611030405;;55.58556362507795;;;;
2022-05-26 19:00:00;0.0;55.9351611030405;;50.89827435416751;;;;
2022-05-26 20:00:00;0.0;55.9351611030405;;50.0;;;;
2022-05-26 21:00:00;0.0;55.9351611030405;;50.0;;;;
2022-05-26 22:00:00;0.0;55.9351611030405;;50.0;;;;
2022-05-26 23:00:00;0.0;55.9351611030405;;50.0;;;;
2022-05-27 00:00:00;0.0;55.9351611030405;;50.0;;;;
2022-05-27 01:00:00;0.0;55.9351611030405;;50.0;;;;
2022-05-27 02:00:00;0.0;55.9351611030405;;50.0;;;;
2022-05-27 03:00:00;0.0;55.9351611030405;;50.0;;;;
2022-05-27 04:00:00;0.0;55.9351611030405;;50.0;;;;
2022-05-27 05:00:00;0.0;55.9351611030405;;50.0;;;;
2022-05-27 06:00:00;0.0;55.9351611030405;;50.0;;;;
2022-05-27 07:00:00;0.0;55.9351611030405;;53.13486371312553;;;;
2022-05-27 08:00:00;0.0;55.9351611030405;;58.07316150255951;;;;
2022-05-27 09:00:00;0.0;55.9351611030405;;62.74751200397564;;;;
2022-05-27 10:00:00;0.0;55.9351611030405;;66.85669419436545;;;;
2022-05-27 11:00:00;0.0;55.9351611030405;;70.13244017506793;;;;
2022-05-27 12:00:00;0.0;55.9351611030405;;72.3593274799523;;;;
2022-05-27 13:00:00;0.0;55.9351611030405;;73.39489876214262;;;;
2022-05-27 14:00:00;0.0;55.9351611030405;;73.17278073418966;;;;
2022-05-27 15:00:00;0.0;55.9351611030405;;71.72012356688003;;;;
2022-05-27 16:00:00;0.0;55.9351611030405;;69.13535071453704;;;;
2022-05-27 17:00:00;0.0;55.9351611030405;;65.60161023714593;;;;
2022-05-27 18:00:00;0.0;55.9351611030405;;61.36531982584138;;;;
2022-05-27 19:00:00;0.0;55.9351611030405;;56.73358941678778;;;;
2022-05-27 20:00:00;0.0;55.9351611030405;;52.04078914966391;;;;
2022-05-27 21:00:00;0.0;55.9351611030405;;50.0;;;;
2022-05-27 22:00:00;0.0;55.9351611030405;;50.0;;;;
2022-05-27 23:00:00;0.0;55.9351611030405;;50.0;;;;
2022-05-28 00:00:00;0.0;55.9351611030405;;50.0;;;;
2022-05-28 01:00:00;0.0;55.9351611030405;;50.0;;;;
2022-05-28 02:00:00;0.0;55.9351611030405;;50.0;;;;
2022-05-28 03:00:00;0.0;55.9351611030405;;50.0;;;;
2022-05-28 04:00:00;0.0;55.9351611030405;;50.0;;;;
2022-05-28 05:00:00;0.0;55.9351611030405;;51.28893742672946;;;;
2022-05-28 06:00:00;0.0;55.9351611030405;;56.81371746389382;;;;
2022-05-28 07:00:00;0.0;55.9351611030405;;62.77301544399542;;;;
2022-05-28 08:00:00;0.0;55.9351611030405;;68.783440050819;;;;
2022-05-28 09:00:00;0.0;55.9351611030405;;74.45457136648872;;;;
2022-05-28 10:00:00;0.0;55.9351611030405;;79.4122217839888;;;;
2022-05-28 11:00:00;0.0;55.9351611030405;;83.32551870975246;;;;
2022-05-28 12:00:00;0.0;55.9351611030405;;85.93228154842028;;;;
2022-05-28 13:00:00;0.0;55.9351611030405;;87.05609482270205;;;;
2022-05-28 14:00:00;0.0;55.9351611030405;;86.63427115726284;;;;
2022-05-28 15:00:00;0.0;55.9351611030405;;84.69481777780649;;;;
2022-05-28 16:00:00;0.0;55.9351611030405;;81.37928305716846;;;;
2022-05-28 17:00:00;0.0;55.9351611030405;;76.91668075024107;;;;
2022-05-28 18:00:00;0.0;55.9351611030405;;71.6285546751453;;;;
2022-05-28 19:00:00;0.0;55.9351611030405;;65.88762724616018;;;;
2022-05-28 20:00:00;0.0;55.9351611030405;;60.09791174891993;;;;
2022-05-28 21:00:00;0.0;55.9351611030405;;54.66931553867194;;;;
2022-05-28 22:00:00;0.0;55.9351611030405;;50.0;;;;
2022-05-28 23:00:00;0.0;55.9351611030405;;50.0;;;;
2022-05-29 00:00:00;0.0;55.9351611030405;;50.0;;;;
2022-05-29 01:00:00;0.0;55.9351611030405;;50.0;;;;
2022-05-29 02:00:00;0.0;55.9351611030405;;50.0;;;;
2022-05-29 03:00:00;0.0;55.9351611030405;;50.0;;;;
2022-05-29 04:00:00;0.0;55.9351611030405;;50.0;;;;
2022-05-29 05:00:00;0.0;55.9351611030405;;53.19330293702762;;;;
2022-05-29 06:00:00;0.0;55.9351611030405;;58.4125959437611;;;;
2022-05-29 07:00:00;0.0;55.9351611030405;;63.98082940828213;;;;
2022-05-29 08:00:00;0.0;55.9351611030405;;69.5031565370713;;;;
2022-05-29 09:00:00;0.0;55.9351611030405;;74.59291056421353;;;;
2022-05-29 10:00:00;0.0;55.9351611030405;;78.8971235459984;;;;
2022-05-29 11:00:00;0.0;55.9351611030405;;82.11261537909314;;;;
2022-05-29 12:00:00;0.0;55.9351611030405;;84.01110427630626;;;;
2022-05-29 13:00:00;0.0;55.9351611030405;;84.45809995144086;;;;
2022-05-29 14:00:00;0.0;55.9351611030405;;83.42314200127426;;;;
2022-05-29 15:00:00;0.0;55.9351611030405;;80.97714424162902;;;;
2022-05-29 16:00:00;0.0;55.9351611030405;;77.27692363856322;;;;
2022-05-29 17:00:00;0.0;55.9351611030405;;72.57634018067064;;;;
2022-05-29 18:00:00;0.0;55.9351611030405;;67.18629445688029;;;;
2022-05-29 19:00:00;0.0;55.9351611030405;;61.46771162002921;;;;
2022-05-29 20:00:00;0.0;55.9351611030405;;55.7885131352604;;;;
2022-05-29 21:00:00;0.0;55.9351611030405;;50.52350821676903;;;;
2022-05-29 22:00:00;0.0;55.9351611030405;;50.0;;;;
2022-05-29 23:00:00;0.0;55.9351611030405;;50.0;;;;
2022-05-30 00:00:00;0.0;55.9351611030405;;50.0;;;;
2022-05-30 01:00:00;0.0;55.9351611030405;;50.0;;;;
2022-05-30 02:00:00;0.0;55.9351611030405;;50.0;;;;
2022-05-30 03:00:00;0.0;55.9351611030405;;50.0;;;;
2022-05-30 04:00:00;0.0;55.9351611030405;;50.0;;;;
2022-05-30 05:00:00;0.0;55.9351611030405;;50.0;;;;
2022-05-30 06:00:00;0.0;55.9351611030405;;51.89648823571106;;;;
2022-05-30 07:00:00;0.0;55.9351611030405;;56.92161888029619;;;;
2022-05-30 08:00:00;0.0;55.9351611030405;;61.95348131095506;;;;
2022-05-30 09:00:00;0.0;55.9351611030405;;66.64557957515365;;;;
2022-05-30 10:00:00;0.0;55.9351611030405;;70.68153805162544;;;;
2022-05-30 11:00:00;0.0;55.9351611030405;;73.78743282484152;;;;
2022-05-30 12:00:00;0.0;55.9351611030405;;75.75997697986199;;;;
2022-05-30 13:00:00;0.0;55.9351611030405;;76.46116943849688;;;;
2022-05-30 14:00:00;0.0;55.9351611030405;;75.84436660189225;;;;
2022-05-30 15:00:00;0.0;55.9351611030405;;73.9480858830766;;;;
2022-05-30 16:00:00;0.0;55.9351611030405;;70.90125432133527;;;;
2022-05-30 17:00:00;0.0;55.9351611030405;;66.9119332876698;;;;
2022-05-30 18:00:00;0.0;55.9351611030405;;62.24847861657337;;;;
2022-05-30 19:00:00;0.0;55.9351611030405;;57.23162250602385;;;;
2022-05-30 20:00:00;0.0;55.9351611030405;;52.20340704876062;;;;
2022-05-30 21:00:00;0.0;55.9351611030405;;50.0;;;;
2022-05-30 22:00:00;0.0;55.9351611030405;;50.0;;;;
2022-05-30 23:00:00;0.0;55.9351611030405;;50.0;;;;
2022-05-31 00:00:00;0.0;55.9351611030405;;50.0;;;;
2022-05-31 01:00:00;0.0;55.9351611030405;;50.0;;;;
2022-05-31 02:00:00;0.0;55.9351611030405;;50.0;;;;
2022-05-31 03:00:00;0.0;55.9351611030405;;50.0;;;;
2022-05-31 04:00:00;0.0;55.9351611030405;;50.0;;;;
2022-05-31 05:00:00;0.0;55.9351611030405;;50.0;;;;
2022-05-31 06:00:00;0.0;55.9351611030405;;50.87189600321565;;;;
2022-05-31 07:00:00;0.0;55.9351611030405;;55.89590463791265;;;;
2022-05-31 08:00:00;0.0;55.9351611030405;;60.91428079117053;;;;
2022-05-31 09:00:00;0.0;55.9351611030405;;65.5795397449157;;;;
2022-05-31 10:00:00;0.0;55.9351611030405;;69.57221936898435;;;;
2022-05-31 11:00:00;0.0;55.9351611030405;;72.6150642056811;;;;
2022-05-31 12:00:00;0.0;55.9351611030405;;74.49895827587069;;;;
2022-05-31 13:00:00;0.0;55.9351611030405;;75.08846016110621;;;;
2022-05-31 14:00:00;0.0;55.9351611030405;;74.34147575295489;;;;
2022-05-31 15:00:00;0.0;55.9351611030405;;72.30603933780344;;;;
2022-05-31 16:00:00;0.0;55.9351611030405;;69.12230806288544;;;;
2022-05-31 17:00:00;0.0;55.9351611030405;;65.00457325656154;;;;
2022-05-31 18:00:00;0.0;55.9351611030405;;60.23390127855617;;;;
2022-05-31 19:00:00;0.0;55.9351611030405;;55.13223668719476;;;;
2022-05-31 20:00:00;0.0;55.9351611030405;;50.04352063982844;;;;
2022-05-31 21:00:00;0.0;55.9351611030405;;50.0;;;;
2022-05-31 22:00:00;0.0;55.9351611030405;;50.0;;;;
2022-05-31 23:00:00;0.0;55.9351611030405;;50.0;;;;
2022-06-01 00:00:00;0.0;55.9351611030405;;50.0;;;;
2022-06-01 01:00:00;0.0;55.9351611030405;;50.0;;;;
2022-06-01 02:00:00;0.0;55.9351611030405;;50.0;;;;
2022-06-01 03:00:00;0.0;55.9351611030405;;50.0;;;;
2022-06-01 04:00:00;0.0;55.9351611030405;;50.0;;;;
2022-06-01 05:00:00;0.0;55.9351611030405;;50.0;;;;
2022-06-01 06:00:00;0.0;55.9351611030405;;50.0;;;;
2022-06-01 07:00:00;0.0;55.9351611030405;;51.70593380642989;;;;
2022-06-01 08:00:00;0.0;55.9351611030405;;55.96144695215109;;;;
2022-06-01 09:00:00;0.0;55.9351611030405;;59.8459374085548;;;;
2022-06-01 10:00:00;0.0;55.9351611030405;;63.07670151739007;;;;
2022-06-01 11:00:00;0.0;55.9351611030405;;65.42099920329636;;;;
2022-06-01 12:00:00;0.0;55.9351611030405;;66.71435892888225;;;;
2022-06-01 13:00:00;0.0;55.9351611030405;;66.86349125482803;;;;
2022-06-01 14:00:00;0.0;55.9351611030405;;65.85183627749319;;;;
2022-06-01 15:00:00;0.0;55.9351611030405;;63.74398511406213;;;;
2022-06-01 16:00:00;0.0;55.9351611030405;;60.67877253773607;;;;
2022-06-01 17:00:00;0.0;55.9351611030405;;56.85317293289718;;;;
2022-06-01 18:00:00;0.0;55.9351611030405;;52.51510864097472;;;;
2022-06-01 19:00:00;0.0;55.9351611030405;;50.0;;;;
2022-06-01 20:00:00;0.0;55.9351611030405;;50.0;;;;
2022-06-01 21:00:00;0.0;55.9351611030405;;50.0;;;;
2022-06-01 22:00:00;0.0;55.9351611030405;;50.0;;;;
2022-06-01 23:00:00;0.0;55.9351611030405;;50.0;;;;
2022-06-02 00:00:00;0.0;55.9351611030405;;50.0;;;;
2022-06-02 01:00:00;0.0;55.9351611030405;;50.0;;;;
2022-06-02 02:00:00;0.0;55.9351611030405;;50.0;;;;
2022-06-02 03:00:00;0.0;55.9351611030405;;50.0;;;;
2022-06-02 04:00:00;0.0;55.9351611030405;;50.0;;;;
2022-06-02 05:00:00;0.0;55.9351611030405;;50.0;;;;
2022-06-02 06:00:00;0.0;55.9351611030405;;50.0;;;;
2022-06-02 07:00:00;0.0;55.9351611030405;;50.0;;;;
2022-06-02 08:00:00;0.0;55.9351611030405;;52.3723107774838;;;;
2022-06-02 09:00:00;0.0;55.9351611030405;;56.45103695799429;;;;
2022-06-02 10:00:00;0.0;55.9351611030405;;60.00364358213877;;;;
2022-06-02 11:00:00;0.0;55.9351611030405;;62.80069458739192;;;;
2022-06-02 12:00:00;0.0;55.9351611030405;;64.65543520529343;;;;
2022-06-02 13:00:00;0.0;55.9351611030405;;65.44783926562297;;;;
2022-06-02 14:00:00;0.0;55.9351611030405;;65.12420838183064;;;;
2022-06-02 15:00:00;0.0;55.9351611030405;;63.71069949514253;;;;
2022-06-02 16:00:00;0.0;55.9351611030405;;61.30582583205461;;;;
2022-06-02 17:00:00;0.0;55.9351611030405;;58.07799782351179;;;;
2022-06-02 18:00:00;0.0;55.9351611030405;;54.25066945580087;;;;
2022-06-02 19:00:00;0.0;55.9351611030405;;50.09103387898506;;;;
2022-06-02 20:00:00;0.0;55.9351611030405;;50.0;;;;
2022-06-02 21:00:00;0.0;55.9351611030405;;50.0;;;;
2022-06-02 22:00:00;0.0;55.9351611030405;;50.0;;;;
2022-06-02 23:00:00;0.0;55.9351611030405;;50.0;;;;
2022-06-03 00:00:00;0.0;55.9351611030405;;50.0;;;;
2022-06-03 01:00:00;0.0;55.9351611030405;;50.0;;;;
2022-06-03 02:00:00;0.0;55.9351611030405;;50.0;;;;
2022-06-03 03:00:00;0.0;55.9351611030405;;50.0;;;;
2022-06-03 04:00:00;0.0;55.9351611030405;;50.0;;;;
2022-06-03 05:00:00;0.0;55.9351611030405;;50.0;;;;
2022-06-03 06:00:00;0.0;55.9351611030405;;51.06806419170042;;;;
2022-06-03 07:00:00;0.0;55.9351611030405;;56.42094064720187;;;;
2022-06-03 08:00:00;0.0;55.9351611030405;;61.82380815475128;;;;
2022-06-03 09:00:00;0.0;55.9351611030405;;66.92432873558337;;;;
2022-06-03 10:00:00;0.0;55.9351611030405;;71.39154048862913;;;;
2022-06-03 11:00:00;0.0;55.9351611030405;;74.92713168572523;;;;
2022-06-03 12:00:00;0.0;55.9351611030405;;77.29649700662675;;;;
2022-06-03 13:00:00;0.0;55.9351611030405;;78.33902231731639;;;;
2022-06-03 14:00:00;0.0;55.9351611030405;;77.9889782719313;;;;
2022-06-03 15:00:00;0.0;55.9351611030405;;76.27890942417477;;;;
2022-06-03 16:00:00;0.0;55.9351611030405;;73.32691564079472;;;;
2022-06-03 17:00:00;0.0;55.9351611030405;;69.34463921167108;;;;
2022-06-03 18:00:00;0.0;55.9351611030405;;64.61389908963584;;;;
2022-06-03 19:00:00;0.0;55.9351611030405;;59.47524267679425;;;;
2022-06-03 20:00:00;0.0;55.9351611030405;;54.29186532944271;;;;
2022-06-03 21:00:00;0.0;55.9351611030405;;50.0;;;;
2022-06-03 22:00:00;0.0;55.9351611030405;;50.0;;;;
2022-06-03 23:00:00;0.0;55.9351611030405;;50.0;;;;
2022-06-04 00:00:00;0.0;55.9351611030405;;50.0;;;;
2022-06-04 01:00:00;0.0;55.9351611030405;;50.0;;;;
2022-06-04 02:00:00;0.0;55.9351611030405;;50.0;;;;
2022-06-04 03:00:00;0.0;55.9351611030405;;50.0;;;;
2022-06-04 04:00:00;0.0;55.9351611030405;;50.0;;;;
2022-06-04 05:00:00;0.0;55.9351611030405;;50.43003193548456;;;;
2022-06-04 06:00:00;0.0;55.9351611030405;;55.46009408160108;;;;
2022-06-04 07:00:00;0.0;55.9351611030405;;60.83909094277779;;;;
2022-06-04 08:00:00;0.0;55.9351611030405;;66.19761055272843;;;;
2022-06-04 09:00:00;0.0;55.9351611030405;;71.16122986663984;;;;
2022-06-04 10:00:00;0.0;55.9351611030405;;75.39102234108177;;;;
2022-06-04 11:00:00;0.0;55.9351611030405;;78.59496813506615;;;;
2022-06-04 12:00:00;0.0;55.9351611030405;;80.5584899303966;;;;
2022-06-04 13:00:00;0.0;55.9351611030405;;81.13954702796678;;;;
2022-06-04 14:00:00;0.0;55.9351611030405;;80.30162406062665;;;;
2022-06-04 15:00:00;0.0;55.9351611030405;;78.09907638989002;;;;
2022-06-04 16:00:00;0.0;55.9351611030405;;74.68657364090959;;;;
2022-06-04 17:00:00;0.0;55.9351611030405;;70.2905430114718;;;;
2022-06-04 18:00:00;0.0;55.9351611030405;;65.20848261594215;;;;
2022-06-04 19:00:00;0.0;55.9351611030405;;59.78392444916913;;;;
2022-06-04 20:00:00;0.0;55.9351611030405;;54.37965106826756;;;;
2022-06-04 21:00:00;0.0;55.9351611030405;;50.0;;;;
2022-06-04 22:00:00;0.0;55.9351611030405;;50.0;;;;
2022-06-04 23:00:00;0.0;55.9351611030405;;50.0;;;;
2022-06-05 00:00:00;0.0;55.9351611030405;;50.0;;;;
2022-06-05 01:00:00;0.0;55.9351611030405;;50.0;;;;
2022-06-05 02:00:00;0.0;55.9351611030405;;50.0;;;;
2022-06-05 03:00:00;0.0;55.9351611030405;;50.0;;;;
2022-06-05 04:00:00;0.0;55.9351611030405;;50.0;;;;
2022-06-05 05:00:00;0.0;55.9351611030405;;50.0;;;;
2022-06-05 06:00:00;0.0;55.9351611030405;;53.18034274220248;;;;
2022-06-05 07:00:00;0.0;55.9351611030405;;58.47520204680684;;;;
2022-06-05 08:00:00;0.0;55.9351611030405;;63.803062822887;;;;
2022-06-05 09:00:00;0.0;55.9351611030405;;68.80708967408285;;;;
2022-06-05 10:00:00;0.0;55.9351611030405;;73.15541216344556;;;;
2022-06-05 11:00:00;0.0;55.9351611030405;;76.55943960841071;;;;
2022-06-05 12:00:00;0.0;55.9351611030405;;78.79379938376988;;;;
2022-06-05 13:00:00;0.0;55.9351611030405;;79.70947216860687;;;;
2022-06-05 14:00:00;0.0;55.9351611030405;;79.24659401631291;;;;
2022-06-05 15:00:00;0.0;55.9351611030405;;77.44007361047821;;;;
2022-06-05 16:00:00;0.0;55.9351611030405;;74.41435390540812;;;;
2022-06-05 17:00:00;0.0;55.9351611030405;;70.37802249441252;;;;
2022-06-05 18:00:00;0.0;55.9351611030405;;65.61112016956716;;;;
2022-06-05 19:00:00;0.0;55.9351611030405;;60.44790296953281;;;;
2022-06-05 20:00:00;0.0;55.9351611030405;;55.25042589662505;;;;
2022-06-05 21:00:00;0.0;55.9351611030405;;50.38661179006017;;;;
2022-06-05 22:00:00;0.0;55.9351611030405;;50.0;;;;
2022-06-05 23:00:00;0.0;55.9351611030405;;50.0;;;;
2022-06-06 00:00:00;0.0;55.9351611030405;;50.0;;;;
2022-06-06 01:00:00;0.0;55.9351611030405;;50.0;;;;
2022-06-06 02:00:00;0.0;55.9351611030405;;50.0;;;;
2022-06-06 03:00:00;0.0;55.9351611030405;;50.0;;;;
2022-06-06 04:00:00;0.0;55.9351611030405;;50.0;;;;
2022-06-06 05:00:00;0.0;55.9351611030405;;50.0;;;;
2022-06-06 06:00:00;0.0;55.9351611030405;;54.43242307952788;;;;
2022-06-06 07:00:00;0.0;55.9351611030405;;59.89357113243945;;;;
2022-06-06 08:00:00;0.0;55.9351611030405;;65.35983744434678;;;;
2022-06-06 09:00:00;0.0;55.9351611030405;;70.4577397650869;;;;
2022-06-06 10:00:00;0.0;55.9351611030405;;74.83833630074062;;;;
2022-06-06 11:00:00;0.0;55.9351611030405;;78.20088765031892;;;;
2022-06-06 12:00:00;0.0;55.9351611030405;;80.31284100793907;;;;
2022-06-06 13:00:00;0.0;55.9351611030405;;81.02762600983078;;;;
2022-06-06 14:00:00;0.0;55.9351611030405;;80.29559931712814;;;;
2022-06-06 15:00:00;0.0;55.9351611030405;;78.1672129411085;;;;
2022-06-06 16:00:00;0.0;55.9351611030405;;74.7914502399495;;;;
2022-06-06 17:00:00;0.0;55.9351611030405;;70.3939957236779;;;;
2022-06-06 18:00:00;0.0;55.9351611030405;;65.27762569650824;;;;
2022-06-06 19:00:00;0.0;55.9351611030405;;59.78702916817926;;;;
2022-06-06 20:00:00;0.0;55.9351611030405;;54.30188889111862;;;;
2022-06-06 21:00:00;0.0;55.9351611030405;;50.0;;;;
2022-06-06 22:00:00;0.0;55.9351611030405;;50.0;;;;
2022-06-06 23:00:00;0.0;55.9351611030405;;50.0;;;;
2022-06-07 00:00:00;0.0;55.9351611030405;;50.0;;;;
2022-06-07 01:00:00;0.0;55.9351611030405;;50.0;;;;
2022-06-07 02:00:00;0.0;55.9351611030405;;50.0;;;;
2022-06-07 03:00:00;0.0;55.9351611030405;;50.0;;;;
2022-06-07 04:00:00;0.0;55.9351611030405;;50.0;;;;
2022-06-07 05:00:00;0.0;55.9351611030405;;50.0;;;;
2022-06-07 06:00:00;0.0;55.9351611030405;;50.0;;;;
2022-06-07 07:00:00;0.0;55.9351611030405;;54.2195228713888;;;;
2022-06-07 08:00:00;0.0;55.9351611030405;;58.66748757996019;;;;
2022-06-07 09:00:00;0.0;55.9351611030405;;62.71729663055162;;;;
2022-06-07 10:00:00;0.0;55.9351611030405;;66.0733108177354;;;;
2022-06-07 11:00:00;0.0;55.9351611030405;;68.49494920385555;;;;
2022-06-07 12:00:00;0.0;55.9351611030405;;69.80876490976837;;;;
2022-06-07 13:00:00;0.0;55.9351611030405;;69.91334584339755;;;;
2022-06-07 14:00:00;0.0;55.9351611030405;;68.80166197371014;;;;
2022-06-07 15:00:00;0.0;55.9351611030405;;66.53876880158026;;;;
2022-06-07 16:00:00;0.0;55.9351611030405;;63.27287278627514;;;;
2022-06-07 17:00:00;0.0;55.9351611030405;;59.21385695800496;;;;
2022-06-07 18:00:00;0.0;55.9351611030405;;54.62650002173947;;;;
2022-06-07 19:00:00;0.0;55.9351611030405;;50.0;;;;
2022-06-07 20:00:00;0.0;55.9351611030405;;50.0;;;;
2022-06-07 21:00:00;0.0;55.9351611030405;;50.0;;;;
2022-06-07 22:00:00;0.0;55.9351611030405;;50.0;;;;
2022-06-07 23:00:00;0.0;55.9351611030405;;50.0;;;;
2022-06-08 00:00:00;0.0;55.9351611030405;;50.0;;;;
2022-06-08 01:00:00;0.0;55.9351611030405;;50.0;;;;
2022-06-08 02:00:00;0.0;55.9351611030405;;50.0;;;;
2022-06-08 03:00:00;0.0;55.9351611030405;;50.0;;;;
2022-06-08 04:00:00;0.0;55.9351611030405;;50.0;;;;
2022-06-08 05:00:00;0.0;55.9351611030405;;50.0;;;;
2022-06-08 06:00:00;0.0;55.9351611030405;;50.0;;;;
2022-06-08 07:00:00;0.0;55.9351611030405;;50.0;;;;
2022-06-08 08:00:00;0.0;55.9351611030405;;50.97301017152228;;;;
2022-06-08 09:00:00;0.0;55.9351611030405;;54.79585752216884;;;;
2022-06-08 10:00:00;0.0;55.9351611030405;;58.08820371370791;;;;
2022-06-08 11:00:00;0.0;55.9351611030405;;60.62612838027987;;;;
2022-06-08 12:00:00;0.0;55.9351611030405;;62.2397367081095;;;;
2022-06-08 13:00:00;0.0;55.9351611030405;;62.82183829251875;;;;
2022-06-08 14:00:00;0.0;55.9351611030405;;62.3331362313761;;;;
2022-06-08 15:00:00;0.0;55.9351611030405;;60.80569918596844;;;;
2022-06-08 16:00:00;0.0;55.9351611030405;;58.34051269723329;;;;
2022-06-08 17:00:00;0.0;55.9351611030405;;55.10739374452199;;;;
2022-06-08 18:00:00;0.0;55.9351611030405;;51.32490480159694;;;;
2022-06-08 19:00:00;0.0;55.9351611030405;;50.0;;;;
2022-06-08 20:00:00;0.0;55.9351611030405;;50.0;;;;
2022-06-08 21:00:00;0.0;55.9351611030405;;50.0;;;;
2022-06-08 22:00:00;0.0;55.9351611030405;;50.0;;;;
2022-06-08 23:00:00;0.0;55.9351611030405;;50.0;;;;
2022-06-09 00:00:00;0.0;55.9351611030405;;50.0;;;;
2022-06-09 01:00:00;0.0;55.9351611030405;;50.0;;;;
2022-06-09 02:00:00;0.0;55.9351611030405;;50.0;;;;
2022-06-09 03:00:00;0.0;55.9351611030405;;50.0;;;;
2022-06-09 04:00:00;0.0;55.9351611030405;;50.0;;;;
2022-06-09 05:00:00;0.0;55.9351611030405;;50.0;;;;
2022-06-09 06:00:00;0.0;55.9351611030405;;50.0;;;;
2022-06-09 07:00:00;0.0;55.9351611030405;;51.22419530351544;;;;
2022-06-09 08:00:00;0.0;55.9351611030405;;56.00986324826965;;;;
2022-06-09 09:00:00;0.0;55.9351611030405;;60.51006420019132;;;;
2022-06-09 10:00:00;0.0;55.9351611030405;;64.42195618997404;;;;
2022-06-09 11:00:00;0.0;55.9351611030405;;67.48162233148537;;;;
2022-06-09 12:00:00;0.0;55.9351611030405;;69.48159435657301;;;;
2022-06-09 13:00:00;0.0;55.9351611030405;;70.28762896673264;;;;
2022-06-09 14:00:00;0.0;55.9351611030405;;69.84904072041233;;;;
2022-06-09 15:00:00;0.0;55.9351611030405;;68.20024587138272;;;;
2022-06-09 16:00:00;0.0;55.9351611030405;;65.45655530019582;;;;
2022-06-09 17:00:00;0.0;55.9351611030405;;61.80812782801422;;;;
2022-06-09 18:00:00;0.0;55.9351611030405;;57.50969367918707;;;;
2022-06-09 19:00:00;0.0;55.9351611030405;;52.86013768610076;;;;
2022-06-09 20:00:00;0.0;55.9351611030405;;50.0;;;;
2022-06-09 21:00:00;0.0;55.9351611030405;;50.0;;;;
2022-06-09 22:00:00;0.0;55.9351611030405;;50.0;;;;
2022-06-09 23:00:00;0.0;55.9351611030405;;50.0;;;;
2022-06-10 00:00:00;0.0;55.9351611030405;;50.0;;;;
2022-06-10 01:00:00;0.0;55.9351611030405;;50.0;;;;
2022-06-10 02:00:00;0.0;55.9351611030405;;50.0;;;;
2022-06-10 03:00:00;0.0;55.9351611030405;;50.0;;;;
2022-06-10 04:00:00;0.0;55.9351611030405;;50.0;;;;
2022-06-10 05:00:00;0.0;55.9351611030405;;50.0;;;;
2022-06-10 06:00:00;0.0;55.9351611030405;;50.0;;;;
2022-06-10 07:00:00;0.0;55.9351611030405;;54.7627597194708;;;;
2022-06-10 08:00:00;0.0;55.9351611030405;;59.55514820446818;;;;
2022-06-10 09:00:00;0.0;55.9351611030405;;64.00083088491675;;;;
2022-06-10 10:00:00;0.0;55.9351611030405;;67.78559196393002;;;;
2022-06-10 11:00:00;0.0;55.9351611030405;;70.65377710436621;;;;
2022-06-10 12:00:00;0.0;55.9351611030405;;72.40316405947445;;;;
2022-06-10 13:00:00;0.0;55.9351611030405;;72.92087896323382;;;;
2022-06-10 14:00:00;0.0;55.9351611030405;;72.16815933757294;;;;
2022-06-10 15:00:00;0.0;55.9351611030405;;70.19999964398458;;;;
2022-06-10 16:00:00;0.0;55.9351611030405;;67.14672077687466;;;;
2022-06-10 17:00:00;0.0;55.9351611030405;;63.21777137167834;;;;
2022-06-10 18:00:00;0.0;55.9351611030405;;58.6747902170269;;;;
2022-06-10 19:00:00;0.0;55.9351611030405;;53.82498948864185;;;;
2022-06-10 20:00:00;0.0;55.9351611030405;;50.0;;;;
2022-06-10 21:00:00;0.0;55.9351611030405;;50.0;;;;
2022-06-10 22:00:00;0.0;55.9351611030405;;50.0;;;;
2022-06-10 23:00:00;0.0;55.9351611030405;;50.0;;;;
2022-06-11 00:00:00;0.0;55.9351611030405;;50.0;;;;
2022-06-11 01:00:00;0.0;55.9351611030405;;50.0;;;;
2022-06-11 02:00:00;0.0;55.9351611030405;;50.0;;;;
2022-06-11 03:00:00;0.0;55.9351611030405;;50.0;;;;
2022-06-11 04:00:00;0.0;55.9351611030405;;50.0;;;;
2022-06-11 05:00:00;0.0;55.9351611030405;;50.0;;;;
2022-06-11 06:00:00;0.0;55.9351611030405;;50.42025038015536;;;;
2022-06-11 07:00:00;0.0;55.9351611030405;;55.54100577283706;;;;
2022-06-11 08:00:00;0.0;55.9351611030405;;60.71183250350619;;;;
2022-06-11 09:00:00;0.0;55.9351611030405;;65.60187648484084;;;;
2022-06-11 10:00:00;0.0;55.9351611030405;;69.88764698586189;;;;
2022-06-11 11:00:00;0.0;55.9351611030405;;73.2943056005341;;;;
2022-06-11 12:00:00;0.0;55.9351611030405;;75.59137847849277;;;;
2022-06-11 13:00:00;0.0;55.9351611030405;;76.6368719224308;;;;
2022-06-11 14:00:00;0.0;55.9351611030405;;76.36133481134802;;;;
2022-06-11 15:00:00;0.0;55.9351611030405;;74.79389789685233;;;;
2022-06-11 16:00:00;0.0;55.9351611030405;;72.04098753268588;;;;
2022-06-11 17:00:00;0.0;55.9351611030405;;68.29861398467189;;;;
2022-06-11 18:00:00;0.0;55.9351611030405;;63.8284228248215;;;;
2022-06-11 19:00:00;0.0;55.9351611030405;;58.95083352990295;;;;
2022-06-11 20:00:00;0.0;55.9351611030405;;54.01329909124932;;;;
2022-06-11 21:00:00;0.0;55.9351611030405;;50.0;;;;
2022-06-11 22:00:00;0.0;55.9351611030405;;50.0;;;;
2022-06-11 23:00:00;0.0;55.9351611030405;;50.0;;;;
2022-06-12 00:00:00;0.0;55.9351611030405;;50.0;;;;
2022-06-12 01:00:00;0.0;55.9351611030405;;50.0;;;;
2022-06-12 02:00:00;0.0;55.9351611030405;;50.0;;;;
2022-06-12 03:00:00;0.0;55.9351611030405;;50.0;;;;
2022-06-12 04:00:00;0.0;55.9351611030405;;50.0;;;;
2022-06-12 05:00:00;0.0;55.9351611030405;;50.57571736721069;;;;
2022-06-12 06:00:00;0.0;55.9351611030405;;55.92273994373698;;;;
2022-06-12 07:00:00;0.0;55.9351611030405;;61.6743386045441;;;;
2022-06-12 08:00:00;0.0;55.9351611030405;;67.45601049108521;;;;
2022-06-12 09:00:00;0.0;55.9351611030405;;72.88404838658703;;;;
2022-06-12 10:00:00;0.0;55.9351611030405;;77.59324134500662;;;;
2022-06-12 11:00:00;0.0;55.9351611030405;;81.2645214796226;;;;
2022-06-12 12:00:00;0.0;55.9351611030405;;83.64739951829847;;;;
2022-06-12 13:00:00;0.0;55.9351611030405;;84.58219931000227;;;;
2022-06-12 14:00:00;0.0;55.9351611030405;;84.00198345340851;;;;
2022-06-12 15:00:00;0.0;55.9351611030405;;81.95354669930987;;;;
2022-06-12 16:00:00;0.0;55.9351611030405;;78.57401324072706;;;;
2022-06-12 17:00:00;0.0;55.9351611030405;;74.10768553429882;;;;
2022-06-12 18:00:00;0.0;55.9351611030405;;68.85967364649137;;;;
2022-06-12 19:00:00;0.0;55.9351611030405;;63.20307895157823;;;;
2022-06-12 20:00:00;0.0;55.9351611030405;;57.52490250585109;;;;
2022-06-12 21:00:00;0.0;55.9351611030405;;52.21629319327904;;;;
2022-06-12 22:00:00;0.0;55.9351611030405;;50.0;;;;
2022-06-12 23:00:00;0.0;55.9351611030405;;50.0;;;;
2022-06-13 00:00:00;0.0;55.9351611030405;;50.0;;;;
2022-06-13 01:00:00;0.0;55.9351611030405;;50.0;;;;
2022-06-13 02:00:00;0.0;55.9351611030405;;50.0;;;;
2022-06-13 03:00:00;0.0;55.9351611030405;;50.0;;;;
2022-06-13 04:00:00;0.0;55.9351611030405;;50.0;;;;
2022-06-13 05:00:00;0.0;55.9351611030405;;50.0;;;;
2022-06-13 06:00:00;0.0;55.9351611030405;;53.3316892673964;;;;
2022-06-13 07:00:00;0.0;55.9351611030405;;58.28164887032786;;;;
2022-06-13 08:00:00;0.0;55.9351611030405;;63.16742081587526;;;;
2022-06-13 09:00:00;0.0;55.9351611030405;;67.6341220664679;;;;
2022-06-13 10:00:00;0.0;55.9351611030405;;71.36499048288024;;;;
2022-06-13 11:00:00;0.0;55.9351611030405;;74.09168979670814;;;;
2022-06-13 12:00:00;0.0;55.9351611030405;;75.62175338916893;;;;
2022-06-13 13:00:00;0.0;55.9351611030405;;75.84299598912538;;;;
2022-06-13 14:00:00;0.0;55.9351611030405;;74.7367620203145;;;;
2022-06-13 15:00:00;0.0;55.9351611030405;;72.37085797975466;;;;
2022-06-13 16:00:00;0.0;55.9351611030405;;68.90221731766053;;;;
2022-06-13 17:00:00;0.0;55.9351611030405;;64.55877320310496;;;;
2022-06-13 18:00:00;0.0;55.9351611030405;;59.62385498333772;;;;
2022-06-13 19:00:00;0.0;55.9351611030405;;54.41698796222026;;;;
2022-06-13 20:00:00;0.0;55.9351611030405;;50.0;;;;
2022-06-13 21:00:00;0.0;55.9351611030405;;50.0;;;;
2022-06-13 22:00:00;0.0;55.9351611030405;;50.0;;;;
2022-06-13 23:00:00;0.0;55.9351611030405;;50.0;;;;
2022-06-14 00:00:00;0.0;55.9351611030405;;50.0;;;;
2022-06-14 01:00:00;0.0;55.9351611030405;;50.0;;;;
2022-06-14 02:00:00;0.0;55.9351611030405;;50.0;;;;
2022-06-14 03:00:00;0.0;55.9351611030405;;50.0;;;;
2022-06-14 04:00:00;0.0;55.9351611030405;;50.0;;;;
2022-06-14 05:00:00;0.0;55.9351611030405;;50.0;;;;
2022-06-14 06:00:00;0.0;55.9351611030405;;50.0;;;;
2022-06-14 07:00:00;0.0;55.9351611030405;;50.0;;;;
2022-06-14 08:00:00;0.0;55.9351611030405;;53.83236620188377;;;;
2022-06-14 09:00:00;0.0;55.9351611030405;;57.82669588496138;;;;
2022-06-14 10:00:00;0.0;55.9351611030405;;61.24415834846377;;;;
2022-06-14 11:00:00;0.0;55.9351611030405;;63.85496972802425;;;;
2022-06-14 12:00:00;0.0;55.9351611030405;;65.4808249976245;;;;
2022-06-14 13:00:00;0.0;55.9351611030405;;66.01419422350375;;;;
2022-06-14 14:00:00;0.0;55.9351611030405;;65.41290705331136;;;;
2022-06-14 15:00:00;0.0;55.9351611030405;;63.71711781589957;;;;
2022-06-14 16:00:00;0.0;55.9351611030405;;61.04014266622336;;;;
2022-06-14 17:00:00;0.0;55.9351611030405;;57.56361782699787;;;;
2022-06-14 18:00:00;0.0;55.9351611030405;;53.52162264325995;;;;
2022-06-14 19:00:00;0.0;55.9351611030405;;50.0;;;;
2022-06-14 20:00:00;0.0;55.9351611030405;;50.0;;;;
2022-06-14 21:00:00;0.0;55.9351611030405;;50.0;;;;
2022-06-14 22:00:00;0.0;55.9351611030405;;50.0;;;;
2022-06-14 23:00:00;0.0;55.9351611030405;;50.0;;;;
2022-06-15 00:00:00;0.0;55.9351611030405;;50.0;;;;
2022-06-15 01:00:00;0.0;55.9351611030405;;50.0;;;;
2022-06-15 02:00:00;0.0;55.9351611030405;;50.0;;;;
2022-06-15 03:00:00;0.0;55.9351611030405;;50.0;;;;
2022-06-15 04:00:00;0.0;55.9351611030405;;50.0;;;;
2022-06-15 05:00:00;0.0;55.9351611030405;;50.0;;;;
2022-06-15 06:00:00;0.0;55.9351611030405;;50.0;;;;
2022-06-15 07:00:00;0.0;55.9351611030405;;50.00532527305302;;;;
2022-06-15 08:00:00;0.0;55.9351611030405;;54.53738708310928;;;;
2022-06-15 09:00:00;0.0;55.9351611030405;;58.76524292541316;;;;
2022-06-15 10:00:00;0.0;55.9351611030405;;62.3991286671237;;;;
2022-06-15 11:00:00;0.0;55.9351611030405;;65.19203447347427;;;;
2022-06-15 12:00:00;0.0;55.9351611030405;;66.94905792896589;;;;
2022-06-15 13:00:00;0.0;55.9351611030405;;67.54937738689549;;;;
2022-06-15 14:00:00;0.0;55.9351611030405;;66.9528223932232;;;;
2022-06-15 15:00:00;0.0;55.9351611030405;;65.20249026626885;;;;
2022-06-15 16:00:00;0.0;55.9351611030405;;62.41835016309177;;;;
2022-06-15 17:00:00;0.0;55.9351611030405;;58.78637992474528;;;;
2022-06-15 18:00:00;0.0;55.9351611030405;;54.55381434177519;;;;
2022-06-15 19:00:00;0.0;55.9351611030405;;50.01089683627771;;;;
2022-06-15 20:00:00;0.0;55.9351611030405;;50.0;;;;
2022-06-15 21:00:00;0.0;55.9351611030405;;50.0;;;;
2022-06-15 22:00:00;0.0;55.9351611030405;;50.0;;;;
2022-06-15 23:00:00;0.0;55.9351611030405;;50.0;;;;
2022-06-16 00:00:00;0.0;55.9351611030405;;50.0;;;;
2022-06-16 01:00:00;0.0;55.9351611030405;;50.0;;;;
2022-06-16 02:00:00;0.0;55.9351611030405;;50.0;;;;
2022-06-16 03:00:00;0.0;55.9351611030405;;50.0;;;;
2022-06-16 04:00:00;0.0;55.9351611030405;;50.0;;;;
2022-06-16 05:00:00;0.0;55.9351611030405;;50.0;;;;
2022-06-16 06:00:00;0.0;55.9351611030405;;50.0;;;;
2022-06-16 07:00:00;0.0;55.9351611030405;;50.0;;;;
2022-06-16 08:00:00;0.0;55.9351611030405;;54.10489477464405;;;;
2022-06-16 09:00:00;0.0;55.9351611030405;;57.99507023043399;;;;
2022-06-16 10:00:00;0.0;55.9351611030405;;61.27446548105186;;;;
2022-06-16 11:00:00;0.0;55.9351611030405;;63.71421505198686;;;;
2022-06-16 12:00:00;0.0;55.9351611030405;;65.14105703798955;;;;
2022-06-16 13:00:00;0.0;55.9351611030405;;65.45865827797137;;;;
2022-06-16 14:00:00;0.0;55.9351611030405;;64.64159771372105;;;;
2022-06-16 15:00:00;0.0;55.9351611030405;;62.74520143210341;;;;
2022-06-16 16:00:00;0.0;55.9351611030405;;59.89120117685977;;;;
2022-06-16 17:00:00;0.0;55.9351611030405;;56.27047478988408;;;;
2022-06-16 18:00:00;0.0;55.9351611030405;;52.12712041651645;;;;
2022-06-16 19:00:00;0.0;55.9351611030405;;50.0;;;;
2022-06-16 20:00:00;0.0;55.9351611030405;;50.0;;;;
2022-06-16 21:00:00;0.0;55.9351611030405;;50.0;;;;
2022-06-16 22:00:00;0.0;55.9351611030405;;50.0;;;;
2022-06-16 23:00:00;0.0;55.9351611030405;;50.0;;;;
2022-06-17 00:00:00;0.0;55.9351611030405;;50.0;;;;
2022-06-17 01:00:00;0.0;55.9351611030405;;50.0;;;;
2022-06-17 02:00:00;0.0;55.9351611030405;;50.0;;;;
2022-06-17 03:00:00;0.0;55.9351611030405;;50.0;;;;
2022-06-17 04:00:00;0.0;55.9351611030405;;50.0;;;;
2022-06-17 05:00:00;0.0;55.9351611030405;;50.0;;;;
2022-06-17 06:00:00;0.0;55.9351611030405;;50.0;;;;
2022-06-17 07:00:00;0.0;55.9351611030405;;50.0;;;;
2022-06-17 08:00:00;0.0;55.9351611030405;;54.5099145747192;;;;
2022-06-17 09:00:00;0.0;55.9351611030405;;58.89267675913778;;;;
2022-06-17 10:00:00;0.0;55.9351611030405;;62.74061815603105;;;;
2022-06-17 11:00:00;0.0;55.9351611030405;;65.80563402429334;;;;
2022-06-17 12:00:00;0.0;55.9351611030405;;67.89122633862726;;;;
2022-06-17 13:00:00;0.0;55.9351611030405;;68.85916088557173;;;;
2022-06-17 14:00:00;0.0;55.9351611030405;;68.65002436870448;;;;
2022-06-17 15:00:00;0.0;55.9351611030405;;67.27939439433868;;;;
2022-06-17 16:00:00;0.0;55.9351611030405;;64.8480449303098;;;;
2022-06-17 17:00:00;0.0;55.9351611030405;;61.52612951636367;;;;
2022-06-17 18:00:00;0.0;55.9351611030405;;57.54904501170051;;;;
2022-06-17 19:00:00;0.0;55.9351611030405;;53.20143951917325;;;;
2022-06-17 20:00:00;0.0;55.9351611030405;;50.0;;;;
2022-06-17 21:00:00;0.0;55.9351611030405;;50.0;;;;
2022-06-17 22:00:00;0.0;55.9351611030405;;50.0;;;;
2022-06-17 23:00:00;0.0;55.9351611030405;;50.0;;;;
2022-06-18 00:00:00;0.0;55.9351611030405;;50.0;;;;
2022-06-18 01:00:00;0.0;55.9351611030405;;50.0;;;;
2022-06-18 02:00:00;0.0;55.9351611030405;;50.0;;;;
2022-06-18 03:00:00;0.0;55.9351611030405;;50.0;;;;
2022-06-18 04:00:00;0.0;55.9351611030405;;50.0;;;;
2022-06-18 05:00:00;0.0;55.9351611030405;;50.0;;;;
2022-06-18 06:00:00;0.0;55.9351611030405;;53.31619225821855;;;;
2022-06-18 07:00:00;0.0;55.9351611030405;;58.90691367563846;;;;
2022-06-18 08:00:00;0.0;55.9351611030405;;64.54784160317098;;;;
2022-06-18 09:00:00;0.0;55.9351611030405;;69.87372473449757;;;;
2022-06-18 10:00:00;0.0;55.9351611030405;;74.53167029419149;;;;
2022-06-18 11:00:00;0.0;55.9351611030405;;78.20846074340628;;;;
2022-06-18 12:00:00;0.0;55.9351611030405;;80.65658050606471;;;;
2022-06-18 13:00:00;0.0;55.9351611030405;;81.71609039988545;;;;
2022-06-18 14:00:00;0.0;55.9351611030405;;81.31915061454012;;;;
2022-06-18 15:00:00;0.0;55.9351611030405;;79.49810572959356;;;;
2022-06-18 16:00:00;0.0;55.9351611030405;;76.38301128283273;;;;
2022-06-18 17:00:00;0.0;55.9351611030405;;72.19408838977054;;;;
2022-06-18 18:00:00;0.0;55.9351611030405;;67.22965657206146;;;;
2022-06-18 19:00:00;0.0;55.9351611030405;;61.84049024242937;;;;
2022-06-18 20:00:00;0.0;55.9351611030405;;56.40812207271419;;;;
2022-06-18 21:00:00;0.0;55.9351611030405;;51.31380410090165;;;;
2022-06-18 22:00:00;0.0;55.9351611030405;;50.0;;;;
2022-06-18 23:00:00;0.0;55.9351611030405;;50.0;;;;
2022-06-19 00:00:00;0.0;55.9351611030405;;50.0;;;;
2022-06-19 01:00:00;0.0;55.9351611030405;;50.0;;;;
2022-06-19 02:00:00;0.0;55.9351611030405;;50.0;;;;
2022-06-19 03:00:00;0.0;55.9351611030405;;50.0;;;;
2022-06-19 04:00:00;0.0;55.9351611030405;;50.0;;;;
2022-06-19 05:00:00;0.0;55.9351611030405;;50.0;;;;
2022-06-19 06:00:00;0.0;55.9351611030405;;54.88625929964805;;;;
2022-06-19 07:00:00;0.0;55.9351611030405;;60.12548396356927;;;;
2022-06-19 08:00:00;0.0;55.9351611030405;;65.3229603000697;;;;
2022-06-19 09:00:00;0.0;55.9351611030405;;70.11314892835546;;;;
2022-06-19 10:00:00;0.0;55.9351611030405;;74.15777992993691;;;;
2022-06-19 11:00:00;0.0;55.9351611030405;;77.17594508996115;;;;
2022-06-19 12:00:00;0.0;55.9351611030405;;78.95761950535557;;;;
2022-06-19 13:00:00;0.0;55.9351611030405;;79.37916950739861;;;;
2022-06-19 14:00:00;0.0;55.9351611030405;;78.41049344925523;;;;
2022-06-19 15:00:00;0.0;55.9351611030405;;76.11372658963634;;;;
2022-06-19 16:00:00;0.0;55.9351611030405;;72.64153356527413;;;;
2022-06-19 17:00:00;0.0;55.9351611030405;;68.22560764467858;;;;
2022-06-19 18:00:00;0.0;55.9351611030405;;63.16008708157339;;;;
2022-06-19 19:00:00;0.0;55.9351611030405;;57.78101446084566;;;;
2022-06-19 20:00:00;0.0;55.9351611030405;;52.44332189654629;;;;
2022-06-19 21:00:00;0.0;55.9351611030405;;50.0;;;;
2022-06-19 22:00:00;0.0;55.9351611030405;;50.0;;;;
2022-06-19 23:00:00;0.0;55.9351611030405;;50.0;;;;
2022-06-20 00:00:00;0.0;55.9351611030405;;50.0;;;;
2022-06-20 01:00:00;0.0;55.9351611030405;;50.0;;;;
2022-06-20 02:00:00;0.0;55.9351611030405;;50.0;;;;
2022-06-20 03:00:00;0.0;55.9351611030405;;50.0;;;;
2022-06-20 04:00:00;0.0;55.9351611030405;;50.0;;;;
2022-06-20 05:00:00;0.0;55.9351611030405;;50.0;;;;
2022-06-20 06:00:00;0.0;55.9351611030405;;50.0;;;;
2022-06-20 07:00:00;0.0;55.9351611030405;;53.56397070357649;;;;
2022-06-20 08:00:00;0.0;55.9351611030405;;58.29825578487524;;;;
2022-06-20 09:00:00;0.0;55.9351611030405;;62.71590259050561;;;;
2022-06-20 10:00:00;0.0;55.9351611030405;;66.5149559165063;;;;
2022-06-20 11:00:00;0.0;55.9351611030405;;69.43905075864973;;;;
2022-06-20 12:00:00;0.0;55.9351611030405;;71.29200856077016;;;;
2022-06-20 13:00:00;0.0;55.9351611030405;;71.9491022392182;;;;
2022-06-20 14:00:00;0.0;55.9351611030405;;71.36615158651726;;;;
2022-06-20 15:00:00;0.0;55.9351611030405;;69.58096092594883;;;;
2022-06-20 16:00:00;0.0;55.9351611030405;;66.71358058625674;;;;
2022-06-20 17:00:00;0.0;55.9351611030405;;62.95604496885016;;;;
2022-06-20 18:00:00;0.0;55.9351611030405;;58.56500534526911;;;;
2022-06-20 19:00:00;0.0;55.9351611030405;;53.84114316985207;;;;
2022-06-20 20:00:00;0.0;55.9351611030405;;50.0;;;;
2022-06-20 21:00:00;0.0;55.9351611030405;;50.0;;;;
2022-06-20 22:00:00;0.0;55.9351611030405;;50.0;;;;
2022-06-20 23:00:00;0.0;55.9351611030405;;50.0;;;;
2022-06-21 00:00:00;0.0;55.9351611030405;;50.0;;;;
2022-06-21 01:00:00;0.0;55.9351611030405;;50.0;;;;
2022-06-21 02:00:00;0.0;55.9351611030405;;50.0;;;;
2022-06-21 03:00:00;0.0;55.9351611030405;;50.0;;;;
2022-06-21 04:00:00;0.0;55.9351611030405;;50.0;;;;
2022-06-21 05:00:00;0.0;55.9351611030405;;50.0;;;;
2022-06-21 06:00:00;0.0;55.9351611030405;;50.0;;;;
2022-06-21 07:00:00;0.0;55.9351611030405;;52.65678984914558;;;;
2022-06-21 08:00:00;0.0;55.9351611030405;;57.38392213496407;;;;
2022-06-21 09:00:00;0.0;55.9351611030405;;61.7777479236766;;;;
2022-06-21 10:00:00;0.0;55.9351611030405;;65.53436206287093;;;;
2022-06-21 11:00:00;0.0;55.9351611030405;;68.39774519236565;;;;
2022-06-21 12:00:00;0.0;55.9351611030405;;70.16773314930202;;;;
2022-06-21 13:00:00;0.0;55.9351611030405;;70.72248843784442;;;;
2022-06-21 14:00:00;0.0;55.9351611030405;;70.02053836379662;;;;
2022-06-21 15:00:00;0.0;55.9351611030405;;68.10478512706078;;;;
2022-06-21 16:00:00;0.0;55.9351611030405;;65.10666362554585;;;;
2022-06-21 17:00:00;0.0;55.9351611030405;;61.2290056593789;;;;
2022-06-21 18:00:00;0.0;55.9351611030405;;56.73831009833047;;;;
2022-06-21 19:00:00;0.0;55.9351611030405;;51.93488698288628;;;;
2022-06-21 20:00:00;0.0;55.9351611030405;;50.0;;;;
2022-06-21 21:00:00;0.0;55.9351611030405;;50.0;;;;
2022-06-21 22:00:00;0.0;55.9351611030405;;50.0;;;;
2022-06-21 23:00:00;0.0;55.9351611030405;;50.0;;;;
2022-06-22 00:00:00;0.0;55.9351611030405;;50.0;;;;
2022-06-22 01:00:00;0.0;55.9351611030405;;50.0;;;;
2022-06-22 02:00:00;0.0;55.9351611030405;;50.0;;;;
2022-06-22 03:00:00;0.0;55.9351611030405;;50.0;;;;
2022-06-22 04:00:00;0.0;55.9351611030405;;50.0;;;;
2022-06-22 05:00:00;0.0;55.9351611030405;;50.0;;;;
2022-06-22 06:00:00;0.0;55.9351611030405;;50.0;;;;
2022-06-22 07:00:00;0.0;55.9351611030405;;50.0;;;;
2022-06-22 08:00:00;0.0;55.9351611030405;;52.77606978494453;;;;
2022-06-22 09:00:00;0.0;55.9351611030405;;56.43682462024758;;;;
2022-06-22 10:00:00;0.0;55.9351611030405;;59.48395864574479;;;;
2022-06-22 11:00:00;0.0;55.9351611030405;;61.6980587756324;;;;
2022-06-22 12:00:00;0.0;55.9351611030405;;62.91871250314637;;;;
2022-06-22 13:00:00;0.0;55.9351611030405;;63.05754576479127;;;;
2022-06-22 14:00:00;0.0;55.9351611030405;;62.1037646003283;;;;
2022-06-22 15:00:00;0.0;55.9351611030405;;60.11713977517567;;;;
2022-06-22 16:00:00;0.0;55.9351611030405;;57.22751505379497;;;;
2022-06-22 17:00:00;0.0;55.9351611030405;;53.61936707917734;;;;
2022-06-22 18:00:00;0.0;55.9351611030405;;50.0;;;;
2022-06-22 19:00:00;0.0;55.9351611030405;;50.0;;;;
2022-06-22 20:00:00;0.0;55.9351611030405;;50.0;;;;
2022-06-22 21:00:00;0.0;55.9351611030405;;50.0;;;;
2022-06-22 22:00:00;0.0;55.9351611030405;;50.0;;;;
2022-06-22 23:00:00;0.0;55.9351611030405;;50.0;;;;
2022-06-23 00:00:00;0.0;55.9351611030405;;50.0;;;;
2022-06-23 01:00:00;0.0;55.9351611030405;;50.0;;;;
2022-06-23 02:00:00;0.0;55.9351611030405;;50.0;;;;
2022-06-23 03:00:00;0.0;55.9351611030405;;50.0;;;;
2022-06-23 04:00:00;0.0;55.9351611030405;;50.0;;;;
2022-06-23 05:00:00;0.0;55.9351611030405;;50.0;;;;
2022-06-23 06:00:00;0.0;55.9351611030405;;50.0;;;;
2022-06-23 07:00:00;0.0;55.9351611030405;;50.0;;;;
2022-06-23 08:00:00;0.0;55.9351611030405;;50.0;;;;
2022-06-23 09:00:00;0.0;55.9351611030405;;53.31245557700579;;;;
2022-06-23 10:00:00;0.0;55.9351611030405;;56.67013742227576;;;;
2022-06-23 11:00:00;0.0;55.9351611030405;;59.31240742336882;;;;
2022-06-23 12:00:00;0.0;55.9351611030405;;61.0654132747658;;;;
2022-06-23 13:00:00;0.0;55.9351611030405;;61.81307832650008;;;;
2022-06-23 14:00:00;0.0;55.9351611030405;;61.50920169820917;;;;
2022-06-23 15:00:00;0.0;55.9351611030405;;60.17453693542004;;;;
2022-06-23 16:00:00;0.0;55.9351611030405;;57.90588223305538;;;;
2022-06-23 17:00:00;0.0;55.9351611030405;;54.85756291806082;;;;
2022-06-23 18:00:00;0.0;55.9351611030405;;51.24241032563456;;;;
2022-06-23 19:00:00;0.0;55.9351611030405;;50.0;;;;
2022-06-23 20:00:00;0.0;55.9351611030405;;50.0;;;;
2022-06-23 21:00:00;0.0;55.9351611030405;;50.0;;;;
2022-06-23 22:00:00;0.0;55.9351611030405;;50.0;;;;
2022-06-23 23:00:00;0.0;55.9351611030405;;50.0;;;;
2022-06-24 00:00:00;0.0;55.9351611030405;;50.0;;;;
2022-06-24 01:00:00;0.0;55.9351611030405;;50.0;;;;
2022-06-24 02:00:00;0.0;55.9351611030405;;50.0;;;;
2022-06-24 03:00:00;0.0;55.9351611030405;;50.0;;;;
2022-06-24 04:00:00;0.0;55.9351611030405;;50.0;;;;
2022-06-24 05:00:00;0.0;55.9351611030405;;50.0;;;;
2022-06-24 06:00:00;0.0;55.9351611030405;;50.0;;;;
2022-06-24 07:00:00;0.0;55.9351611030405;;53.34817330595318;;;;
2022-06-24 08:00:00;0.0;55.9351611030405;;58.45277910346411;;;;
2022-06-24 09:00:00;0.0;55.9351611030405;;63.27480323466735;;;;
2022-06-24 10:00:00;0.0;55.9351611030405;;67.49715384334515;;;;
2022-06-24 11:00:00;0.0;55.9351611030405;;70.84147322161147;;;;
2022-06-24 12:00:00;0.0;55.9351611030405;;73.08075903997127;;;;
2022-06-24 13:00:00;0.0;55.9351611030405;;74.06711834669905;;;;
2022-06-24 14:00:00;0.0;55.9351611030405;;73.73576897414506;;;;
2022-06-24 15:00:00;0.0;55.9351611030405;;72.11580159386492;;;;
2022-06-24 16:00:00;0.0;55.9351611030405;;69.32654162977806;;;;
2022-06-24 17:00:00;0.0;55.9351611030405;;65.56211660599972;;;;
2022-06-24 18:00:00;0.0;55.9351611030405;;61.09204226903653;;;;
2022-06-24 19:00:00;0.0;55.9351611030405;;56.23090370289462;;;;
2022-06-24 20:00:00;0.0;55.9351611030405;;51.32722473800389;;;;
2022-06-24 21:00:00;0.0;55.9351611030405;;50.0;;;;
2022-06-24 22:00:00;0.0;55.9351611030405;;50.0;;;;
2022-06-24 23:00:00;0.0;55.9351611030405;;50.0;;;;
2022-06-25 00:00:00;0.0;55.9351611030405;;50.0;;;;
2022-06-25 01:00:00;0.0;55.9351611030405;;50.0;;;;
2022-06-25 02:00:00;0.0;55.9351611030405;;50.0;;;;
2022-06-25 03:00:00;0.0;55.9351611030405;;50.0;;;;
2022-06-25 04:00:00;0.0;55.9351611030405;;50.0;;;;
2022-06-25 05:00:00;0.0;55.9351611030405;;50.0;;;;
2022-06-25 06:00:00;0.0;55.9351611030405;;52.48968697775844;;;;
2022-06-25 07:00:00;0.0;55.9351611030405;;57.57873009769476;;;;
2022-06-25 08:00:00;0.0;55.9351611030405;;62.65040684881994;;;;
2022-06-25 09:00:00;0.0;55.9351611030405;;67.35358724758687;;;;
2022-06-25 10:00:00;0.0;55.9351611030405;;71.35889873200313;;;;
2022-06-25 11:00:00;0.0;55.9351611030405;;74.3889255623969;;;;
2022-06-25 12:00:00;0.0;55.9351611030405;;76.2405972584471;;;;
2022-06-25 13:00:00;0.0;55.9351611030405;;76.78872370537053;;;;
2022-06-25 14:00:00;0.0;55.9351611030405;;75.99503966588978;;;;
2022-06-25 15:00:00;0.0;55.9351611030405;;73.91248098596344;;;;
2022-06-25 16:00:00;0.0;55.9351611030405;;70.67946647363146;;;;
2022-06-25 17:00:00;0.0;55.9351611030405;;66.51687981062969;;;;
2022-06-25 18:00:00;0.0;55.9351611030405;;61.70371260283351;;;;
2022-06-25 19:00:00;0.0;55.9351611030405;;56.56997623156757;;;;
2022-06-25 20:00:00;0.0;55.9351611030405;;51.45886076463191;;;;
2022-06-25 21:00:00;0.0;55.9351611030405;;50.0;;;;
2022-06-25 22:00:00;0.0;55.9351611030405;;50.0;;;;
2022-06-25 23:00:00;0.0;55.9351611030405;;50.0;;;;
2022-06-26 00:00:00;0.0;55.9351611030405;;50.0;;;;
2022-06-26 01:00:00;0.0;55.9351611030405;;50.0;;;;
2022-06-26 02:00:00;0.0;55.9351611030405;;50.0;;;;
2022-06-26 03:00:00;0.0;55.9351611030405;;50.0;;;;
2022-06-26 04:00:00;0.0;55.9351611030405;;50.0;;;;
2022-06-26 05:00:00;0.0;55.9351611030405;;50.0;;;;
2022-06-26 06:00:00;0.0;55.9351611030405;;50.4062791433382;;;;
2022-06-26 07:00:00;0.0;55.9351611030405;;55.42519789656642;;;;
2022-06-26 08:00:00;0.0;55.9351611030405;;60.47603761673335;;;;
2022-06-26 09:00:00;0.0;55.9351611030405;;65.22236483223908;;;;
2022-06-26 10:00:00;0.0;55.9351611030405;;69.34784548519366;;;;
2022-06-26 11:00:00;0.0;55.9351611030405;;72.57797973979939;;;;
2022-06-26 12:00:00;0.0;55.9351611030405;;74.69684545086149;;;;
2022-06-26 13:00:00;0.0;55.9351611030405;;75.56852276282726;;;;
2022-06-26 14:00:00;0.0;55.9351611030405;;75.13065519967466;;;;
2022-06-26 15:00:00;0.0;55.9351611030405;;73.42150416861637;;;;
2022-06-26 16:00:00;0.0;55.9351611030405;;70.55294409621825;;;;
2022-06-26 17:00:00;0.0;55.9351611030405;;66.7300250981244;;;;
2022-06-26 18:00:00;0.0;55.9351611030405;;62.21362981331493;;;;
2022-06-26 19:00:00;0.0;55.9351611030405;;57.32216667662809;;;;
2022-06-26 20:00:00;0.0;55.9351611030405;;52.3952860165294;;;;
2022-06-26 21:00:00;0.0;55.9351611030405;;50.0;;;;
2022-06-26 22:00:00;0.0;55.9351611030405;;50.0;;;;
2022-06-26 23:00:00;0.0;55.9351611030405;;50.0;;;;
2022-06-27 00:00:00;0.0;55.9351611030405;;50.0;;;;
2022-06-27 01:00:00;0.0;55.9351611030405;;50.0;;;;
2022-06-27 02:00:00;0.0;55.9351611030405;;50.0;;;;
2022-06-27 03:00:00;0.0;55.9351611030405;;50.0;;;;
2022-06-27 04:00:00;0.0;55.9351611030405;;50.0;;;;
2022-06-27 05:00:00;0.0;55.9351611030405;;50.0;;;;
2022-06-27 06:00:00;0.0;55.9351611030405;;51.70662384220097;;;;
2022-06-27 07:00:00;0.0;55.9351611030405;;56.89593463736239;;;;
2022-06-27 08:00:00;0.0;55.9351611030405;;62.08644958562731;;;;
2022-06-27 09:00:00;0.0;55.9351611030405;;66.92776756134988;;;;
2022-06-27 10:00:00;0.0;55.9351611030405;;71.08685346024383;;;;
2022-06-27 11:00:00;0.0;55.9351611030405;;74.27620892406529;;;;
2022-06-27 12:00:00;0.0;55.9351611030405;;76.2777861340764;;;;
2022-06-27 13:00:00;0.0;55.9351611030405;;76.95519378267866;;;;
2022-06-27 14:00:00;0.0;55.9351611030405;;76.25933311310533;;;;
2022-06-27 15:00:00;0.0;55.9351611030405;;74.23810816050442;;;;
2022-06-27 16:00:00;0.0;55.9351611030405;;71.02574084687369;;;;
2022-06-27 17:00:00;0.0;55.9351611030405;;66.84730452552505;;;;
2022-06-27 18:00:00;0.0;55.9351611030405;;61.98543928852573;;;;
2022-06-27 19:00:00;0.0;55.9351611030405;;56.77449479364045;;;;
2022-06-27 20:00:00;0.0;55.9351611030405;;51.56627002976502;;;;
2022-06-27 21:00:00;0.0;55.9351611030405;;50.0;;;;
2022-06-27 22:00:00;0.0;55.9351611030405;;50.0;;;;
2022-06-27 23:00:00;0.0;55.9351611030405;;50.0;;;;
2022-06-28 00:00:00;0.0;55.9351611030405;;50.0;;;;
2022-06-28 01:00:00;0.0;55.9351611030405;;50.0;;;;
2022-06-28 02:00:00;0.0;55.9351611030405;;50.0;;;;
2022-06-28 03:00:00;0.0;55.9351611030405;;50.0;;;;
2022-06-28 04:00:00;0.0;55.9351611030405;;50.0;;;;
2022-06-28 05:00:00;0.0;55.9351611030405;;50.0;;;;
2022-06-28 06:00:00;0.0;55.9351611030405;;50.0;;;;
2022-06-28 07:00:00;0.0;55.9351611030405;;51.56081939189039;;;;
2022-06-28 08:00:00;0.0;55.9351611030405;;55.78630809873537;;;;
2022-06-28 09:00:00;0.0;55.9351611030405;;59.63366862421003;;;;
2022-06-28 10:00:00;0.0;55.9351611030405;;62.82450998514796;;;;
2022-06-28 11:00:00;0.0;55.9351611030405;;65.12807454911135;;;;
2022-06-28 12:00:00;0.0;55.9351611030405;;66.37561106793464;;;;
2022-06-28 13:00:00;0.0;55.9351611030405;;66.4742237700395;;;;
2022-06-28 14:00:00;0.0;55.9351611030405;;65.41175653670905;;;;
2022-06-28 15:00:00;0.0;55.9351611030405;;63.25750308988807;;;;
2022-06-28 16:00:00;0.0;55.9351611030405;;60.14891954440496;;;;
2022-06-28 17:00:00;0.0;55.9351611030405;;56.28868441912693;;;;
2022-06-28 18:00:00;0.0;55.9351611030405;;51.92659477325138;;;;
2022-06-28 19:00:00;0.0;55.9351611030405;;50.0;;;;
2022-06-28 20:00:00;0.0;55.9351611030405;;50.0;;;;
2022-06-28 21:00:00;0.0;55.9351611030405;;50.0;;;;
2022-06-28 22:00:00;0.0;55.9351611030405;;50.0;;;;
2022-06-28 23:00:00;0.0;55.9351611030405;;50.0;;;;
2022-06-29 00:00:00;0.0;55.9351611030405;;50.0;;;;
2022-06-29 01:00:00;0.0;55.9351611030405;;50.0;;;;
2022-06-29 02:00:00;0.0;55.9351611030405;;50.0;;;;
2022-06-29 03:00:00;0.0;55.9351611030405;;50.0;;;;
2022-06-29 04:00:00;0.0;55.9351611030405;;50.0;;;;
2022-06-29 05:00:00;0.0;55.9351611030405;;50.0;;;;
2022-06-29 06:00:00;0.0;55.9351611030405;;50.0;;;;
2022-06-29 07:00:00;0.0;55.9351611030405;;50.0;;;;
2022-06-29 08:00:00;0.0;55.9351611030405;;50.0;;;;
2022-06-29 09:00:00;0.0;55.9351611030405;;52.18037945565919;;;;
2022-06-29 10:00:00;0.0;55.9351611030405;;55.31582263509202;;;;
2022-06-29 11:00:00;0.0;55.9351611030405;;57.73548164202903;;;;
2022-06-29 12:00:00;0.0;55.9351611030405;;59.27746726256755;;;;
2022-06-29 13:00:00;0.0;55.9351611030405;;59.83832860065129;;;;
2022-06-29 14:00:00;0.0;55.9351611030405;;59.37774274325132;;;;
2022-06-29 15:00:00;0.0;55.9351611030405;;57.92442698798487;;;;
2022-06-29 16:00:00;0.0;55.9351611030405;;55.5782304537501;;;;
2022-06-29 17:00:00;0.0;55.9351611030405;;52.49964108765059;;;;
2022-06-29 18:00:00;0.0;55.9351611030405;;50.0;;;;
2022-06-29 19:00:00;0.0;55.9351611030405;;50.0;;;;
2022-06-29 20:00:00;0.0;55.9351611030405;;50.0;;;;
2022-06-29 21:00:00;0.0;55.9351611030405;;50.0;;;;
2022-06-29 22:00:00;0.0;55.9351611030405;;50.0;;;;
2022-06-29 23:00:00;0.0;55.9351611030405;;50.0;;;;
2022-06-30 00:00:00;0.0;55.9351611030405;;50.0;;;;
2022-06-30 01:00:00;0.0;55.9351611030405;;50.0;;;;
2022-06-30 02:00:00;0.0;55.9351611030405;;50.0;;;;
2022-06-30 03:00:00;0.0;55.9351611030405;;50.0;;;;
2022-06-30 04:00:00;0.0;55.9351611030405;;50.0;;;;
2022-06-30 05:00:00;0.0;55.9351611030405;;50.0;;;;
2022-06-30 06:00:00;0.0;55.9351611030405;;50.0;;;;
2022-06-30 07:00:00;0.0;55.9351611030405;;50.0;;;;
2022-06-30 08:00:00;0.0;55.9351611030405;;53.45219067230323;;;;
2022-06-30 09:00:00;0.0;55.9351611030405;;57.74040213040917;;;;
2022-06-30 10:00:00;0.0;55.9351611030405;;61.46576826256163;;;;
2022-06-30 11:00:00;0.0;55.9351611030405;;64.37938240341379;;;;
2022-06-30 12:00:00;0.0;55.9351611030405;;66.28637708642553;;;;
2022-06-30 13:00:00;0.0;55.9351611030405;;67.06016973385701;;;;
2022-06-30 14:00:00;0.0;55.9351611030405;;66.64638197358319;;;;
2022-06-30 15:00:00;0.0;55.9351611030405;;65.07798646430017;;;;
2022-06-30 16:00:00;0.0;55.9351611030405;;62.45984057614351;;;;
2022-06-30 17:00:00;0.0;55.9351611030405;;58.9754179861005;;;;
2022-06-30 18:00:00;0.0;55.9351611030405;;54.86691458145088;;;;
2022-06-30 19:00:00;0.0;55.9351611030405;;50.42462022768342;;;;
2022-06-30 20:00:00;0.0;55.9351611030405;;50.0;;;;
2022-06-30 21:00:00;0.0;55.9351611030405;;50.0;;;;
2022-06-30 22:00:00;0.0;55.9351611030405;;50.0;;;;
2022-06-30 23:00:00;0.0;55.9351611030405;;50.0;;;;
2022-07-01 00:00:00;0.0;55.9351611030405;;50.0;;;;
2022-07-01 01:00:00;0.0;55.9351611030405;;50.0;;;;
2022-07-01 02:00:00;0.0;55.9351611030405;;50.0;;;;
2022-07-01 03:00:00;0.0;55.9351611030405;;50.0;;;;
2022-07-01 04:00:00;0.0;55.9351611030405;;50.0;;;;
2022-07-01 05:00:00;0.0;55.9351611030405;;50.0;;;;
2022-07-01 06:00:00;0.0;55.9351611030405;;50.0;;;;
2022-07-01 07:00:00;0.0;55.9351611030405;;52.32634225760633;;;;
2022-07-01 08:00:00;0.0;55.9351611030405;;56.90659681540963;;;;
2022-07-01 09:00:00;0.0;55.9351611030405;;61.15260752362284;;;;
2022-07-01 10:00:00;0.0;55.9351611030405;;64.77080698351818;;;;
2022-07-01 11:00:00;0.0;55.9351611030405;;67.5099320980994;;;;
2022-07-01 12:00:00;0.0;55.9351611030405;;69.18310185559089;;;;
2022-07-01 13:00:00;0.0;55.9351611030405;;69.67551927071094;;;;
2022-07-01 14:00:00;0.0;55.9351611030405;;68.95791093950173;;;;
2022-07-01 15:00:00;0.0;55.9351611030405;;67.07934535699397;;;;
2022-07-01 16:00:00;0.0;55.9351611030405;;64.1643998146042;;;;
2022-07-01 17:00:00;0.0;55.9351611030405;;60.41098061907807;;;;
2022-07-01 18:00:00;0.0;55.9351611030405;;56.07131579764598;;;;
2022-07-01 19:00:00;0.0;55.9351611030405;;51.43787771358028;;;;
2022-07-01 20:00:00;0.0;55.9351611030405;;50.0;;;;
2022-07-01 21:00:00;0.0;55.9351611030405;;50.0;;;;
2022-07-01 22:00:00;0.0;55.9351611030405;;50.0;;;;
2022-07-01 23:00:00;0.0;55.9351611030405;;50.0;;;;
2022-07-02 00:00:00;0.0;55.9351611030405;;50.0;;;;
2022-07-02 01:00:00;0.0;55.9351611030405;;50.0;;;;
2022-07-02 02:00:00;0.0;55.9351611030405;;50.0;;;;
2022-07-02 03:00:00;0.0;55.9351611030405;;50.0;;;;
2022-07-02 04:00:00;0.0;55.9351611030405;;50.0;;;;
2022-07-02 05:00:00;0.0;55.9351611030405;;50.0;;;;
2022-07-02 06:00:00;0.0;55.9351611030405;;50.0;;;;
2022-07-02 07:00:00;0.0;55.9351611030405;;53.14469836609126;;;;
2022-07-02 08:00:00;0.0;55.9351611030405;;58.09208685864467;;;;
2022-07-02 09:00:00;0.0;55.9351611030405;;62.76861549343899;;;;
2022-07-02 10:00:00;0.0;55.9351611030405;;66.87282789589835;;;;
2022-07-02 11:00:00;0.0;55.9351611030405;;70.13122642227064;;;;
2022-07-02 12:00:00;0.0;55.9351611030405;;72.33237309531015;;;;
2022-07-02 13:00:00;0.0;55.9351611030405;;73.33022811223714;;;;
2022-07-02 14:00:00;0.0;55.9351611030405;;73.06803988380327;;;;
2022-07-02 15:00:00;0.0;55.9351611030405;;71.56612946705113;;;;
2022-07-02 16:00:00;0.0;55.9351611030405;;68.93183582495489;;;;
2022-07-02 17:00:00;0.0;55.9351611030405;;65.35044061553741;;;;
2022-07-02 18:00:00;0.0;55.9351611030405;;61.07412834617797;;;;
2022-07-02 19:00:00;0.0;55.9351611030405;;56.40449743211069;;;;
2022-07-02 20:00:00;0.0;55.9351611030405;;51.67949845740136;;;;
2022-07-02 21:00:00;0.0;55.9351611030405;;50.0;;;;
2022-07-02 22:00:00;0.0;55.9351611030405;;50.0;;;;
2022-07-02 23:00:00;0.0;55.9351611030405;;50.0;;;;
2022-07-03 00:00:00;0.0;55.9351611030405;;50.0;;;;
2022-07-03 01:00:00;0.0;55.9351611030405;;50.0;;;;
2022-07-03 02:00:00;0.0;55.9351611030405;;50.0;;;;
2022-07-03 03:00:00;0.0;55.9351611030405;;50.0;;;;
2022-07-03 04:00:00;0.0;55.9351611030405;;50.0;;;;
2022-07-03 05:00:00;0.0;55.9351611030405;;50.0;;;;
2022-07-03 06:00:00;0.0;55.9351611030405;;53.60380829742514;;;;
2022-07-03 07:00:00;0.0;55.9351611030405;;59.12087506292352;;;;
2022-07-03 08:00:00;0.0;55.9351611030405;;64.66297636179716;;;;
2022-07-03 09:00:00;0.0;55.9351611030405;;69.86362833037677;;;;
2022-07-03 10:00:00;0.0;55.9351611030405;;74.37321661984954;;;;
2022-07-03 11:00:00;0.0;55.9351611030405;;77.89159120633511;;;;
2022-07-03 12:00:00;0.0;55.9351611030405;;80.17837989809439;;;;
2022-07-03 13:00:00;0.0;55.9351611030405;;81.07814450684157;;;;
2022-07-03 14:00:00;0.0;55.9351611030405;;80.52436230314231;;;;
2022-07-03 15:00:00;0.0;55.9351611030405;;78.55825366832775;;;;
2022-07-03 16:00:00;0.0;55.9351611030405;;75.31922323293384;;;;
2022-07-03 17:00:00;0.0;55.9351611030405;;71.03940053005981;;;;
2022-07-03 18:00:00;0.0;55.9351611030405;;66.01539409989249;;;;
2022-07-03 19:00:00;0.0;55.9351611030405;;60.59599635562468;;;;
2022-07-03 20:00:00;0.0;55.9351611030405;;55.1538717601313;;;;
2022-07-03 21:00:00;0.0;55.9351611030405;;50.06479268099691;;;;
2022-07-03 22:00:00;0.0;55.9351611030405;;50.0;;;;
2022-07-03 23:00:00;0.0;55.9351611030405;;50.0;;;;
2022-07-04 00:00:00;0.0;55.9351611030405;;50.0;;;;
2022-07-04 01:00:00;0.0;55.9351611030405;;50.0;;;;
2022-07-04 02:00:00;0.0;55.9351611030405;;50.0;;;;
2022-07-04 03:00:00;0.0;55.9351611030405;;50.0;;;;
2022-07-04 04:00:00;0.0;55.9351611030405;;50.0;;;;
2022-07-04 05:00:00;0.0;55.9351611030405;;50.0;;;;
2022-07-04 06:00:00;0.0;55.9351611030405;;51.2205386166597;;;;
2022-07-04 07:00:00;0.0;55.9351611030405;;55.9739003999169;;;;
2022-07-04 08:00:00;0.0;55.9351611030405;;60.66591739429597;;;;
2022-07-04 09:00:00;0.0;55.9351611030405;;64.95458661783019;;;;
2022-07-04 10:00:00;0.0;55.9351611030405;;68.53769163281797;;;;
2022-07-04 11:00:00;0.0;55.9351611030405;;71.15746491890567;;;;
2022-07-04 12:00:00;0.0;55.9351611030405;;72.63138610705377;;;;
2022-07-04 13:00:00;0.0;55.9351611030405;;72.84578129250407;;;;
2022-07-04 14:00:00;0.0;55.9351611030405;;71.78260787814085;;;;
2022-07-04 15:00:00;0.0;55.9351611030405;;69.5081174315356;;;;
2022-07-04 16:00:00;0.0;55.9351611030405;;66.1747350337601;;;;
2022-07-04 17:00:00;0.0;55.9351611030405;;62.00213764215193;;;;
2022-07-04 18:00:00;0.0;55.9351611030405;;57.26209556420707;;;;
2022-07-04 19:00:00;0.0;55.9351611030405;;52.26268196164582;;;;
2022-07-04 20:00:00;0.0;55.9351611030405;;50.0;;;;
2022-07-04 21:00:00;0.0;55.9351611030405;;50.0;;;;
2022-07-04 22:00:00;0.0;55.9351611030405;;50.0;;;;
2022-07-04 23:00:00;0.0;55.9351611030405;;50.0;;;;
2022-07-05 00:00:00;0.0;55.9351611030405;;50.0;;;;
2022-07-05 01:00:00;0.0;55.9351611030405;;50.0;;;;
2022-07-05 02:00:00;0.0;55.9351611030405;;50.0;;;;
2022-07-05 03:00:00;0.0;55.9351611030405;;50.0;;;;
2022-07-05 04:00:00;0.0;55.9351611030405;;50.0;;;;
2022-07-05 05:00:00;0.0;55.9351611030405;;50.0;;;;
2022-07-05 06:00:00;0.0;55.9351611030405;;50.0;;;;
2022-07-05 07:00:00;0.0;55.9351611030405;;50.0;;;;
2022-07-05 08:00:00;0.0;55.9351611030405;;51.78848528801304;;;;
2022-07-05 09:00:00;0.0;55.9351611030405;;55.62652479497606;;;;
2022-07-05 10:00:00;0.0;55.9351611030405;;58.91047726943302;;;;
2022-07-05 11:00:00;0.0;55.9351611030405;;61.42281849498242;;;;
2022-07-05 12:00:00;0.0;55.9351611030405;;62.98962391246219;;;;
2022-07-05 13:00:00;0.0;55.9351611030405;;63.50186582495399;;;;
2022-07-05 14:00:00;0.0;55.9351611030405;;62.92340732278003;;;;
2022-07-05 15:00:00;0.0;55.9351611030405;;61.29208500997284;;;;
2022-07-05 16:00:00;0.0;55.9351611030405;;58.71992005211301;;;;
2022-07-05 17:00:00;0.0;55.9351611030405;;55.37848478662215;;;;
2022-07-05 18:00:00;0.0;55.9351611030405;;51.48936180222071;;;;
2022-07-05 19:00:00;0.0;55.9351611030405;;50.0;;;;
2022-07-05 20:00:00;0.0;55.9351611030405;;50.0;;;;
2022-07-05 21:00:00;0.0;55.9351611030405;;50.0;;;;
2022-07-05 22:00:00;0.0;55.9351611030405;;50.0;;;;
2022-07-05 23:00:00;0.0;55.9351611030405;;50.0;;;;
2022-07-06 00:00:00;0.0;55.9351611030405;;50.0;;;;
2022-07-06 01:00:00;0.0;55.9351611030405;;50.0;;;;
2022-07-06 02:00:00;0.0;55.9351611030405;;50.0;;;;
2022-07-06 03:00:00;0.0;55.9351611030405;;50.0;;;;
2022-07-06 04:00:00;0.0;55.9351611030405;;50.0;;;;
2022-07-06 05:00:00;0.0;55.9351611030405;;50.0;;;;
2022-07-06 06:00:00;0.0;55.9351611030405;;50.0;;;;
2022-07-06 07:00:00;0.0;55.9351611030405;;50.0;;;;
2022-07-06 08:00:00;0.0;55.9351611030405;;52.52835931128138;;;;
2022-07-06 09:00:00;0.0;55.9351611030405;;56.60368410201386;;;;
2022-07-06 10:00:00;0.0;55.9351611030405;;60.10901929230057;;;;
2022-07-06 11:00:00;0.0;55.9351611030405;;62.80076506065698;;;;
2022-07-06 12:00:00;0.0;55.9351611030405;;64.49220365924403;;;;
2022-07-06 13:00:00;0.0;55.9351611030405;;65.07022487523336;;;;
2022-07-06 14:00:00;0.0;55.9351611030405;;64.49594487358888;;;;
2022-07-06 15:00:00;0.0;55.9351611030405;;62.80742231805333;;;;
2022-07-06 16:00:00;0.0;55.9351611030405;;60.11952951939512;;;;
2022-07-06 17:00:00;0.0;55.9351611030405;;56.61421851569168;;;;
2022-07-06 18:00:00;0.0;55.9351611030405;;52.53420112137742;;;;
2022-07-06 19:00:00;0.0;55.9351611030405;;50.0;;;;
2022-07-06 20:00:00;0.0;55.9351611030405;;50.0;;;;
2022-07-06 21:00:00;0.0;55.9351611030405;;50.0;;;;
2022-07-06 22:00:00;0.0;55.9351611030405;;50.0;;;;
2022-07-06 23:00:00;0.0;55.9351611030405;;50.0;;;;
2022-07-07 00:00:00;0.0;55.9351611030405;;50.0;;;;
2022-07-07 01:00:00;0.0;55.9351611030405;;50.0;;;;
2022-07-07 02:00:00;0.0;55.9351611030405;;50.0;;;;
2022-07-07 03:00:00;0.0;55.9351611030405;;50.0;;;;
2022-07-07 04:00:00;0.0;55.9351611030405;;50.0;;;;
2022-07-07 05:00:00;0.0;55.9351611030405;;50.0;;;;
2022-07-07 06:00:00;0.0;55.9351611030405;;50.0;;;;
2022-07-07 07:00:00;0.0;55.9351611030405;;50.0;;;;
2022-07-07 08:00:00;0.0;55.9351611030405;;52.16498956478188;;;;
2022-07-07 09:00:00;0.0;55.9351611030405;;55.92001344842252;;;;
2022-07-07 10:00:00;0.0;55.9351611030405;;59.08784086196879;;;;
2022-07-07 11:00:00;0.0;55.9351611030405;;61.44375775395703;;;;
2022-07-07 12:00:00;0.0;55.9351611030405;;62.82715882877283;;;;
2022-07-07 13:00:00;0.0;55.9351611030405;;63.13489952668867;;;;
2022-07-07 14:00:00;0.0;55.9351611030405;;62.34798376293739;;;;
2022-07-07 15:00:00;0.0;55.9351611030405;;60.51506430812645;;;;
2022-07-07 16:00:00;0.0;55.9351611030405;;57.76508735818544;;;;
2022-07-07 17:00:00;0.0;55.9351611030405;;54.27805950555337;;;;
2022-07-07 18:00:00;0.0;55.9351611030405;;50.28386722466939;;;;
2022-07-07 19:00:00;0.0;55.9351611030405;;50.0;;;;
2022-07-07 20:00:00;0.0;55.9351611030405;;50.0;;;;
2022-07-07 21:00:00;0.0;55.9351611030405;;50.0;;;;
2022-07-07 22:00:00;0.0;55.9351611030405;;50.0;;;;
2022-07-07 23:00:00;0.0;55.9351611030405;;50.0;;;;
2022-07-08 00:00:00;0.0;55.9351611030405;;50.0;;;;
2022-07-08 01:00:00;0.0;55.9351611030405;;50.0;;;;
2022-07-08 02:00:00;0.0;55.9351611030405;;50.0;;;;
2022-07-08 03:00:00;0.0;55.9351611030405;;50.0;;;;
2022-07-08 04:00:00;0.0;55.9351611030405;;50.0;;;;
2022-07-08 05:00:00;0.0;55.9351611030405;;50.0;;;;
2022-07-08 06:00:00;0.0;55.9351611030405;;50.0;;;;
2022-07-08 07:00:00;0.0;55.9351611030405;;50.0;;;;
2022-07-08 08:00:00;0.0;55.9351611030405;;52.65455679444649;;;;
2022-07-08 09:00:00;0.0;55.9351611030405;;56.88850404458888;;;;
2022-07-08 10:00:00;0.0;55.9351611030405;;60.60835178095818;;;;
2022-07-08 11:00:00;0.0;55.9351611030405;;63.57354141542437;;;;
2022-07-08 12:00:00;0.0;55.9351611030405;;65.58915718746402;;;;
2022-07-08 13:00:00;0.0;55.9351611030405;;66.52599886980659;;;;
2022-07-08 14:00:00;0.0;55.9351611030405;;66.3225672014591;;;;
2022-07-08 15:00:00;0.0;55.9351611030405;;65.00173528016;;;;
2022-07-08 16:00:00;0.0;55.9351611030405;;62.65552541618765;;;;
2022-07-08 17:00:00;0.0;55.9351611030405;;59.44941915372043;;;;
2022-07-08 18:00:00;0.0;55.9351611030405;;55.60952032349165;;;;
2022-07-08 19:00:00;0.0;55.9351611030405;;51.41080113025401;;;;
2022-07-08 20:00:00;0.0;55.9351611030405;;50.0;;;;
2022-07-08 21:00:00;0.0;55.9351611030405;;50.0;;;;
2022-07-08 22:00:00;0.0;55.9351611030405;;50.0;;;;
2022-07-08 23:00:00;0.0;55.9351611030405;;50.0;;;;
2022-07-09 00:00:00;0.0;55.9351611030405;;50.0;;;;
2022-07-09 01:00:00;0.0;55.9351611030405;;50.0;;;;
2022-07-09 02:00:00;0.0;55.9351611030405;;50.0;;;;
2022-07-09 03:00:00;0.0;55.9351611030405;;50.0;;;;
2022-07-09 04:00:00;0.0;55.9351611030405;;50.0;;;;
2022-07-09 05:00:00;0.0;55.9351611030405;;50.0;;;;
2022-07-09 06:00:00;0.0;55.9351611030405;;51.61653223951038;;;;
2022-07-09 07:00:00;0.0;55.9351611030405;;57.02790105411138;;;;
2022-07-09 08:00:00;0.0;55.9351611030405;;62.48779897938063;;;;
2022-07-09 09:00:00;0.0;55.9351611030405;;67.64062265786046;;;;
2022-07-09 10:00:00;0.0;55.9351611030405;;72.14547681666866;;;;
2022-07-09 11:00:00;0.0;55.9351611030405;;75.6989352073702;;;;
2022-07-09 12:00:00;0.0;55.9351611030405;;78.06615745518206;;;;
2022-07-09 13:00:00;0.0;55.9351611030405;;79.0892138401311;;;;
2022-07-09 14:00:00;0.0;55.9351611030405;;78.70470316905275;;;;
2022-07-09 15:00:00;0.0;55.9351611030405;;76.9438867035149;;;;
2022-07-09 16:00:00;0.0;55.9351611030405;;73.92877288754431;;;;
2022-07-09 17:00:00;0.0;55.9351611030405;;69.87326669434755;;;;
2022-07-09 18:00:00;0.0;55.9351611030405;;65.06482859499071;;;;
2022-07-09 19:00:00;0.0;55.9351611030405;;59.84523166106999;;;;
2022-07-09 20:00:00;0.0;55.9351611030405;;54.58524326787422;;;;
2022-07-09 21:00:00;0.0;55.9351611030405;;50.0;;;;
2022-07-09 22:00:00;0.0;55.9351611030405;;50.0;;;;
2022-07-09 23:00:00;0.0;55.9351611030405;;50.0;;;;
2022-07-10 00:00:00;0.0;55.9351611030405;;50.0;;;;
2022-07-10 01:00:00;0.0;55.9351611030405;;50.0;;;;
2022-07-10 02:00:00;0.0;55.9351611030405;;50.0;;;;
2022-07-10 03:00:00;0.0;55.9351611030405;;50.0;;;;
2022-07-10 04:00:00;0.0;55.9351611030405;;50.0;;;;
2022-07-10 05:00:00;0.0;55.9351611030405;;50.0;;;;
2022-07-10 06:00:00;0.0;55.9351611030405;;53.19161271773319;;;;
2022-07-10 07:00:00;0.0;55.9351611030405;;58.26828328346468;;;;
2022-07-10 08:00:00;0.0;55.9351611030405;;63.30780366882846;;;;
2022-07-10 09:00:00;0.0;55.9351611030405;;67.951372213701;;;;
2022-07-10 10:00:00;0.0;55.9351611030405;;71.87455459322709;;;;
2022-07-10 11:00:00;0.0;55.9351611030405;;74.8068851735307;;;;
2022-07-10 12:00:00;0.0;55.9351611030405;;76.54075696644067;;;;
2022-07-10 13:00:00;0.0;55.9351611030405;;76.95563144244207;;;;
2022-07-10 14:00:00;0.0;55.9351611030405;;76.01752302260745;;;;
2022-07-10 15:00:00;0.0;55.9351611030405;;73.79203417914498;;;;
2022-07-10 16:00:00;0.0;55.9351611030405;;70.4260877234459;;;;
2022-07-10 17:00:00;0.0;55.9351611030405;;66.14468222569246;;;;
2022-07-10 18:00:00;0.0;55.9351611030405;;61.2320969907056;;;;
2022-07-10 19:00:00;0.0;55.9351611030405;;56.01537887518302;;;;
2022-07-10 20:00:00;0.0;55.9351611030405;;50.84007952039319;;;;
2022-07-10 21:00:00;0.0;55.9351611030405;;50.0;;;;
2022-07-10 22:00:00;0.0;55.9351611030405;;50.0;;;;
2022-07-10 23:00:00;0.0;55.9351611030405;;50.0;;;;
2022-07-11 00:00:00;0.0;55.9351611030405;;50.0;;;;
2022-07-11 01:00:00;0.0;55.9351611030405;;50.0;;;;
2022-07-11 02:00:00;0.0;55.9351611030405;;50.0;;;;
2022-07-11 03:00:00;0.0;55.9351611030405;;50.0;;;;
2022-07-11 04:00:00;0.0;55.9351611030405;;50.0;;;;
2022-07-11 05:00:00;0.0;55.9351611030405;;50.0;;;;
2022-07-11 06:00:00;0.0;55.9351611030405;;50.0;;;;
2022-07-11 07:00:00;0.0;55.9351611030405;;52.02730883327272;;;;
2022-07-11 08:00:00;0.0;55.9351611030405;;56.62820249884319;;;;
2022-07-11 09:00:00;0.0;55.9351611030405;;60.92157481321581;;;;
2022-07-11 10:00:00;0.0;55.9351611030405;;64.61256920059544;;;;
2022-07-11 11:00:00;0.0;55.9351611030405;;67.4536040874172;;;;
2022-07-11 12:00:00;0.0;55.9351611030405;;69.25156067321399;;;;
2022-07-11 13:00:00;0.0;55.9351611030405;;69.89115661791433;;;;
2022-07-11 14:00:00;0.0;55.9351611030405;;69.32446889275515;;;;
2022-07-11 15:00:00;0.0;55.9351611030405;;67.59047508092019;;;;
2022-07-11 16:00:00;0.0;55.9351611030405;;64.80227850068863;;;;
2022-07-11 17:00:00;0.0;55.9351611030405;;61.15113161546063;;;;
2022-07-11 18:00:00;0.0;55.9351611030405;;56.88626136302248;;;;
2022-07-11 19:00:00;0.0;55.9351611030405;;52.29771995052668;;;;
2022-07-11 20:00:00;0.0;55.9351611030405;;50.0;;;;
2022-07-11 21:00:00;0.0;55.9351611030405;;50.0;;;;
2022-07-11 22:00:00;0.0;55.9351611030405;;50.0;;;;
2022-07-11 23:00:00;0.0;55.9351611030405;;50.0;;;;
2022-07-12 00:00:00;0.0;55.9351611030405;;50.0;;;;
2022-07-12 01:00:00;0.0;55.9351611030405;;50.0;;;;
2022-07-12 02:00:00;0.0;55.9351611030405;;50.0;;;;
2022-07-12 03:00:00;0.0;55.9351611030405;;50.0;;;;
2022-07-12 04:00:00;0.0;55.9351611030405;;50.0;;;;
2022-07-12 05:00:00;0.0;55.9351611030405;;50.0;;;;
2022-07-12 06:00:00;0.0;55.9351611030405;;50.0;;;;
2022-07-12 07:00:00;0.0;55.9351611030405;;51.23834227122759;;;;
2022-07-12 08:00:00;0.0;55.9351611030405;;55.83664058122793;;;;
2022-07-12 09:00:00;0.0;55.9351611030405;;60.11239208088329;;;;
2022-07-12 10:00:00;0.0;55.9351611030405;;63.77305748036795;;;;
2022-07-12 11:00:00;0.0;55.9351611030405;;66.56108529713715;;;;
2022-07-12 12:00:00;0.0;55.9351611030405;;68.2865004076915;;;;
2022-07-12 13:00:00;0.0;55.9351611030405;;68.82355540666316;;;;
2022-07-12 14:00:00;0.0;55.9351611030405;;68.1391855172885;;;;
2022-07-12 15:00:00;0.0;55.9351611030405;;66.27191708130903;;;;
2022-07-12 16:00:00;0.0;55.9351611030405;;63.35262673355231;;;;
2022-07-12 17:00:00;0.0;55.9351611030405;;59.579213736511;;;;
2022-07-12 18:00:00;0.0;55.9351611030405;;55.20793443401391;;;;
2022-07-12 19:00:00;0.0;55.9351611030405;;50.53414692711185;;;;
2022-07-12 20:00:00;0.0;55.9351611030405;;50.0;;;;
2022-07-12 21:00:00;0.0;55.9351611030405;;50.0;;;;
2022-07-12 22:00:00;0.0;55.9351611030405;;50.0;;;;
2022-07-12 23:00:00;0.0;55.9351611030405;;50.0;;;;
2022-07-13 00:00:00;0.0;55.9351611030405;;50.0;;;;
2022-07-13 01:00:00;0.0;55.9351611030405;;50.0;;;;
2022-07-13 02:00:00;0.0;55.9351611030405;;50.0;;;;
2022-07-13 03:00:00;0.0;55.9351611030405;;50.0;;;;
2022-07-13 04:00:00;0.0;55.9351611030405;;50.0;;;;
2022-07-13 05:00:00;0.0;55.9351611030405;;50.0;;;;
2022-07-13 06:00:00;0.0;55.9351611030405;;50.0;;;;
2022-07-13 07:00:00;0.0;55.9351611030405;;50.0;;;;
2022-07-13 08:00:00;0.0;55.9351611030405;;51.44123419764652;;;;
2022-07-13 09:00:00;0.0;55.9351611030405;;55.01261108980815;;;;
2022-07-13 10:00:00;0.0;55.9351611030405;;57.98293020063348;;;;
2022-07-13 11:00:00;0.0;55.9351611030405;;60.14085655022015;;;;
2022-07-13 12:00:00;0.0;55.9351611030405;;61.33281262034629;;;;
2022-07-13 13:00:00;0.0;55.9351611030405;;61.47308898740903;;;;
2022-07-13 14:00:00;0.0;55.9351611030405;;60.54489249657257;;;;
2022-07-13 15:00:00;0.0;55.9351611030405;;58.6076867811729;;;;
2022-07-13 16:00:00;0.0;55.9351611030405;;55.78870781296378;;;;
2022-07-13 17:00:00;0.0;55.9351611030405;;52.2732240403826;;;;
2022-07-13 18:00:00;0.0;55.9351611030405;;50.0;;;;
2022-07-13 19:00:00;0.0;55.9351611030405;;50.0;;;;
2022-07-13 20:00:00;0.0;55.9351611030405;;50.0;;;;
2022-07-13 21:00:00;0.0;55.9351611030405;;50.0;;;;
2022-07-13 22:00:00;0.0;55.9351611030405;;50.0;;;;
2022-07-13 23:00:00;0.0;55.9351611030405;;50.0;;;;
2022-07-14 00:00:00;0.0;55.9351611030405;;50.0;;;;
2022-07-14 01:00:00;0.0;55.9351611030405;;50.0;;;;
2022-07-14 02:00:00;0.0;55.9351611030405;;50.0;;;;
2022-07-14 03:00:00;0.0;55.9351611030405;;50.0;;;;
2022-07-14 04:00:00;0.0;55.9351611030405;;50.0;;;;
2022-07-14 05:00:00;0.0;55.9351611030405;;50.0;;;;
2022-07-14 06:00:00;0.0;55.9351611030405;;50.0;;;;
2022-07-14 07:00:00;0.0;55.9351611030405;;50.0;;;;
2022-07-14 08:00:00;0.0;55.9351611030405;;50.0;;;;
2022-07-14 09:00:00;0.0;55.9351611030405;;52.07096939956791;;;;
2022-07-14 10:00:00;0.0;55.9351611030405;;55.35263297805078;;;;
2022-07-14 11:00:00;0.0;55.9351611030405;;57.9321013963702;;;;
2022-07-14 12:00:00;0.0;55.9351611030405;;59.64582449413387;;;;
2022-07-14 13:00:00;0.0;55.9351611030405;;60.3815495135173;;;;
2022-07-14 14:00:00;0.0;55.9351611030405;;60.08978995038161;;;;
2022-07-14 15:00:00;0.0;55.9351611030405;;58.78981665053723;;;;
2022-07-14 16:00:00;0.0;55.9351611030405;;56.57339777935877;;;;
2022-07-14 17:00:00;0.0;55.9351611030405;;53.59538340239077;;;;
2022-07-14 18:00:00;0.0;55.9351611030405;;50.06254925960086;;;;
2022-07-14 19:00:00;0.0;55.9351611030405;;50.0;;;;
2022-07-14 20:00:00;0.0;55.9351611030405;;50.0;;;;
2022-07-14 21:00:00;0.0;55.9351611030405;;50.0;;;;
2022-07-14 22:00:00;0.0;55.9351611030405;;50.0;;;;
2022-07-14 23:00:00;0.0;55.9351611030405;;50.0;;;;
2022-07-15 00:00:00;0.0;55.9351611030405;;50.0;;;;
2022-07-15 01:00:00;0.0;55.9351611030405;;50.0;;;;
2022-07-15 02:00:00;0.0;55.9351611030405;;50.0;;;;
2022-07-15 03:00:00;0.0;55.9351611030405;;50.0;;;;
2022-07-15 04:00:00;0.0;55.9351611030405;;50.0;;;;
2022-07-15 05:00:00;0.0;55.9351611030405;;50.0;;;;
2022-07-15 06:00:00;0.0;55.9351611030405;;50.0;;;;
2022-07-15 07:00:00;0.0;55.9351611030405;;52.21384014471439;;;;
2022-07-15 08:00:00;0.0;55.9351611030405;;57.21313849402144;;;;
2022-07-15 09:00:00;0.0;55.9351611030405;;61.93416081419049;;;;
2022-07-15 10:00:00;0.0;55.9351611030405;;66.06953061989068;;;;
2022-07-15 11:00:00;0.0;55.9351611030405;;69.34203107495082;;;;
2022-07-15 12:00:00;0.0;55.9351611030405;;71.53438400580464;;;;
2022-07-15 13:00:00;0.0;55.9351611030405;;72.50163583213946;;;;
2022-07-15 14:00:00;0.0;55.9351611030405;;72.17902215000134;;;;
2022-07-15 15:00:00;0.0;55.9351611030405;;70.59531255953468;;;;
2022-07-15 16:00:00;0.0;55.9351611030405;;67.86168384937496;;;;
2022-07-15 17:00:00;0.0;55.9351611030405;;64.17772250365783;;;;
2022-07-15 18:00:00;0.0;55.9351611030405;;59.80313463734413;;;;
2022-07-15 19:00:00;0.0;55.9351611030405;;55.04787939639418;;;;
2022-07-15 20:00:00;0.0;55.9351611030405;;50.24752585002099;;;;
2022-07-15 21:00:00;0.0;55.9351611030405;;50.0;;;;
2022-07-15 22:00:00;0.0;55.9351611030405;;50.0;;;;
2022-07-15 23:00:00;0.0;55.9351611030405;;50.0;;;;
2022-07-16 00:00:00;0.0;55.9351611030405;;50.0;;;;
2022-07-16 01:00:00;0.0;55.9351611030405;;50.0;;;;
2022-07-16 02:00:00;0.0;55.9351611030405;;50.0;;;;
2022-07-16 03:00:00;0.0;55.9351611030405;;50.0;;;;
2022-07-16 04:00:00;0.0;55.9351611030405;;50.0;;;;
2022-07-16 05:00:00;0.0;55.9351611030405;;50.0;;;;
2022-07-16 06:00:00;0.0;55.9351611030405;;51.46969363406058;;;;
2022-07-16 07:00:00;0.0;55.9351611030405;;56.46423211862082;;;;
2022-07-16 08:00:00;0.0;55.9351611030405;;61.44019557362787;;;;
2022-07-16 09:00:00;0.0;55.9351611030405;;66.05097803491925;;;;
2022-07-16 10:00:00;0.0;55.9351611030405;;69.98061006278387;;;;
2022-07-16 11:00:00;0.0;55.9351611030405;;72.95831647970175;;;;
2022-07-16 12:00:00;0.0;55.9351611030405;;74.77967394197105;;;;
2022-07-16 13:00:00;0.0;55.9351611030405;;75.31827816060814;;;;
2022-07-16 14:00:00;0.0;55.9351611030405;;74.53716771545118;;;;
2022-07-16 15:00:00;0.0;55.9351611030405;;72.49233894457944;;;;
2022-07-16 16:00:00;0.0;55.9351611030405;;69.32236100999248;;;;
2022-07-16 17:00:00;0.0;55.9351611030405;;65.2411714626235;;;;
2022-07-16 18:00:00;0.0;55.9351611030405;;60.52340709267057;;;;
2022-07-16 19:00:00;0.0;55.9351611030405;;55.48649101636775;;;;
2022-07-16 20:00:00;0.0;55.9351611030405;;50.47037421437173;;;;
2022-07-16 21:00:00;0.0;55.9351611030405;;50.0;;;;
2022-07-16 22:00:00;0.0;55.9351611030405;;50.0;;;;
2022-07-16 23:00:00;0.0;55.9351611030405;;50.0;;;;
2022-07-17 00:00:00;0.0;55.9351611030405;;50.0;;;;
2022-07-17 01:00:00;0.0;55.9351611030405;;50.0;;;;
2022-07-17 02:00:00;0.0;55.9351611030405;;50.0;;;;
2022-07-17 03:00:00;0.0;55.9351611030405;;50.0;;;;
2022-07-17 04:00:00;0.0;55.9351611030405;;50.0;;;;
2022-07-17 05:00:00;0.0;55.9351611030405;;50.0;;;;
2022-07-17 06:00:00;0.0;55.9351611030405;;50.0;;;;
2022-07-17 07:00:00;0.0;55.9351611030405;;54.42829602197412;;;;
2022-07-17 08:00:00;0.0;55.9351611030405;;59.38566077895289;;;;
2022-07-17 09:00:00;0.0;55.9351611030405;;64.04406449588583;;;;
2022-07-17 10:00:00;0.0;55.9351611030405;;68.09546727246487;;;;
2022-07-17 11:00:00;0.0;55.9351611030405;;71.26721813686822;;;;
2022-07-17 12:00:00;0.0;55.9351611030405;;73.34759686161357;;;;
2022-07-17 13:00:00;0.0;55.9351611030405;;74.20146711441816;;;;
2022-07-17 14:00:00;0.0;55.9351611030405;;73.77397014974262;;;;
2022-07-17 15:00:00;0.0;55.9351611030405;;72.0952002396056;;;;
2022-07-17 16:00:00;0.0;55.9351611030405;;69.28032838244928;;;;
2022-07-17 17:00:00;0.0;55.9351611030405;;65.52332762032744;;;;
2022-07-17 18:00:00;0.0;55.9351611030405;;61.08912066408526;;;;
2022-07-17 19:00:00;0.0;55.9351611030405;;56.28319906206923;;;;
2022-07-17 20:00:00;0.0;55.9351611030405;;51.44554212789996;;;;
2022-07-17 21:00:00;0.0;55.9351611030405;;50.0;;;;
2022-07-17 22:00:00;0.0;55.9351611030405;;50.0;;;;
2022-07-17 23:00:00;0.0;55.9351611030405;;50.0;;;;
2022-07-18 00:00:00;0.0;55.9351611030405;;50.0;;;;
2022-07-18 01:00:00;0.0;55.9351611030405;;50.0;;;;
2022-07-18 02:00:00;0.0;55.9351611030405;;50.0;;;;
2022-07-18 03:00:00;0.0;55.9351611030405;;50.0;;;;
2022-07-18 04:00:00;0.0;55.9351611030405;;50.0;;;;
2022-07-18 05:00:00;0.0;55.9351611030405;;50.0;;;;
2022-07-18 06:00:00;0.0;55.9351611030405;;50.83054524639508;;;;
2022-07-18 07:00:00;0.0;55.9351611030405;;55.92983819256769;;;;
2022-07-18 08:00:00;0.0;55.9351611030405;;61.03561084020424;;;;
2022-07-18 09:00:00;0.0;55.9351611030405;;65.79687402160422;;;;
2022-07-18 10:00:00;0.0;55.9351611030405;;69.88972193838572;;;;
2022-07-18 11:00:00;0.0;55.9351611030405;;73.02943834981127;;;;
2022-07-18 12:00:00;0.0;55.9351611030405;;75.00216438070167;;;;
2022-07-18 13:00:00;0.0;55.9351611030405;;75.6681193591051;;;;
2022-07-18 14:00:00;0.0;55.9351611030405;;74.9855199394322;;;;
2022-07-18 15:00:00;0.0;55.9351611030405;;72.99810892793477;;;;
2022-07-18 16:00:00;0.0;55.9351611030405;;69.84085877916192;;;;
2022-07-18 17:00:00;0.0;55.9351611030405;;65.73334567514958;;;;
2022-07-18 18:00:00;0.0;55.9351611030405;;60.95444967332762;;;;
2022-07-18 19:00:00;0.0;55.9351611030405;;55.83113643486795;;;;
2022-07-18 20:00:00;0.0;55.9351611030405;;50.70824936889191;;;;
2022-07-18 21:00:00;0.0;55.9351611030405;;50.0;;;;
2022-07-18 22:00:00;0.0;55.9351611030405;;50.0;;;;
2022-07-18 23:00:00;0.0;55.9351611030405;;50.0;;;;
2022-07-19 00:00:00;0.0;55.9351611030405;;50.0;;;;
2022-07-19 01:00:00;0.0;55.9351611030405;;50.0;;;;
2022-07-19 02:00:00;0.0;55.9351611030405;;50.0;;;;
2022-07-19 03:00:00;0.0;55.9351611030405;;50.0;;;;
2022-07-19 04:00:00;0.0;55.9351611030405;;50.0;;;;
2022-07-19 05:00:00;0.0;55.9351611030405;;50.0;;;;
2022-07-19 06:00:00;0.0;55.9351611030405;;50.0;;;;
2022-07-19 07:00:00;0.0;55.9351611030405;;50.787641187805;;;;
2022-07-19 08:00:00;0.0;55.9351611030405;;54.954729899453;;;;
2022-07-19 09:00:00;0.0;55.9351611030405;;58.74897372409878;;;;
2022-07-19 10:00:00;0.0;55.9351611030405;;61.89373387076999;;;;
2022-07-19 11:00:00;0.0;55.9351611030405;;64.16192794690805;;;;
2022-07-19 12:00:00;0.0;55.9351611030405;;65.39084441094994;;;;
2022-07-19 13:00:00;0.0;55.9351611030405;;65.48845366576334;;;;
2022-07-19 14:00:00;0.0;55.9351611030405;;64.4442674236746;;;;
2022-07-19 15:00:00;0.0;55.9351611030405;;62.32100480423058;;;;
2022-07-19 16:00:00;0.0;55.9351611030405;;59.26055254880379;;;;
2022-07-19 17:00:00;0.0;55.9351611030405;;55.46027811230809;;;;
2022-07-19 18:00:00;0.0;55.9351611030405;;51.16617318297408;;;;
2022-07-19 19:00:00;0.0;55.9351611030405;;50.0;;;;
2022-07-19 20:00:00;0.0;55.9351611030405;;50.0;;;;
2022-07-19 21:00:00;0.0;55.9351611030405;;50.0;;;;
2022-07-19 22:00:00;0.0;55.9351611030405;;50.0;;;;
2022-07-19 23:00:00;0.0;55.9351611030405;;50.0;;;;
2022-07-20 00:00:00;0.0;55.9351611030405;;50.0;;;;
2022-07-20 01:00:00;0.0;55.9351611030405;;50.0;;;;
2022-07-20 02:00:00;0.0;55.9351611030405;;50.0;;;;
2022-07-20 03:00:00;0.0;55.9351611030405;;50.0;;;;
2022-07-20 04:00:00;0.0;55.9351611030405;;50.0;;;;
2022-07-20 05:00:00;0.0;55.9351611030405;;50.0;;;;
2022-07-20 06:00:00;0.0;55.9351611030405;;50.0;;;;
2022-07-20 07:00:00;0.0;55.9351611030405;;50.0;;;;
2022-07-20 08:00:00;0.0;55.9351611030405;;50.0;;;;
2022-07-20 09:00:00;0.0;55.9351611030405;;51.49805897696217;;;;
2022-07-20 10:00:00;0.0;55.9351611030405;;54.59358386267145;;;;
2022-07-20 11:00:00;0.0;55.9351611030405;;56.98440357771277;;;;
2022-07-20 12:00:00;0.0;55.9351611030405;;58.50776103914147;;;;
2022-07-20 13:00:00;0.0;55.9351611030405;;59.05962568062007;;;;
2022-07-20 14:00:00;0.0;55.9351611030405;;58.60151759877562;;;;
2022-07-20 15:00:00;0.0;55.9351611030405;;57.16589207802285;;;;
2022-07-20 16:00:00;0.0;55.9351611030405;;54.8513147912435;;;;
2022-07-20 17:00:00;0.0;55.9351611030405;;51.81434389364037;;;;
2022-07-20 18:00:00;0.0;55.9351611030405;;50.0;;;;
2022-07-20 19:00:00;0.0;55.9351611030405;;50.0;;;;
2022-07-20 20:00:00;0.0;55.9351611030405;;50.0;;;;
2022-07-20 21:00:00;0.0;55.9351611030405;;50.0;;;;
2022-07-20 22:00:00;0.0;55.9351611030405;;50.0;;;;
2022-07-20 23:00:00;0.0;55.9351611030405;;50.0;;;;
2022-07-21 00:00:00;0.0;55.9351611030405;;50.0;;;;
2022-07-21 01:00:00;0.0;55.9351611030405;;50.0;;;;
2022-07-21 02:00:00;0.0;55.9351611030405;;50.0;;;;
2022-07-21 03:00:00;0.0;55.9351611030405;;50.0;;;;
2022-07-21 04:00:00;0.0;55.9351611030405;;50.0;;;;
2022-07-21 05:00:00;0.0;55.9351611030405;;50.0;;;;
2022-07-21 06:00:00;0.0;55.9351611030405;;50.0;;;;
2022-07-21 07:00:00;0.0;55.9351611030405;;50.0;;;;
2022-07-21 08:00:00;0.0;55.9351611030405;;52.82736554825152;;;;
2022-07-21 09:00:00;0.0;55.9351611030405;;57.06767288481142;;;;
2022-07-21 10:00:00;0.0;55.9351611030405;;60.75507805389584;;;;
2022-07-21 11:00:00;0.0;55.9351611030405;;63.63814589740883;;;;
2022-07-21 12:00:00;0.0;55.9351611030405;;65.52220290473004;;;;
2022-07-21 13:00:00;0.0;55.9351611030405;;66.28099935128253;;;;
2022-07-21 14:00:00;0.0;55.9351611030405;;65.86811924499852;;;;
2022-07-21 15:00:00;0.0;55.9351611030405;;64.31232028656149;;;;
2022-07-21 16:00:00;0.0;55.9351611030405;;61.72261411173406;;;;
2022-07-21 17:00:00;0.0;55.9351611030405;;58.2775217562439;;;;
2022-07-21 18:00:00;0.0;55.9351611030405;;54.22127124063076;;;;
2022-07-21 19:00:00;0.0;55.9351611030405;;50.0;;;;
2022-07-21 20:00:00;0.0;55.9351611030405;;50.0;;;;
2022-07-21 21:00:00;0.0;55.9351611030405;;50.0;;;;
2022-07-21 22:00:00;0.0;55.9351611030405;;50.0;;;;
2022-07-21 23:00:00;0.0;55.9351611030405;;50.0;;;;
2022-07-22 00:00:00;0.0;55.9351611030405;;50.0;;;;
2022-07-22 01:00:00;0.0;55.9351611030405;;50.0;;;;
2022-07-22 02:00:00;0.0;55.9351611030405;;50.0;;;;
2022-07-22 03:00:00;0.0;55.9351611030405;;50.0;;;;
2022-07-22 04:00:00;0.0;55.9351611030405;;50.0;;;;
2022-07-22 05:00:00;0.0;55.9351611030405;;50.0;;;;
2022-07-22 06:00:00;0.0;55.9351611030405;;50.0;;;;
2022-07-22 07:00:00;0.0;55.9351611030405;;51.80329589755758;;;;
2022-07-22 08:00:00;0.0;55.9351611030405;;56.33795473467566;;;;
2022-07-22 09:00:00;0.0;55.9351611030405;;60.54052397821962;;;;
2022-07-22 10:00:00;0.0;55.9351611030405;;64.11910115804372;;;;
2022-07-22 11:00:00;0.0;55.9351611030405;;66.82779816413193;;;;
2022-07-22 12:00:00;0.0;55.9351611030405;;68.48433785572203;;;;
2022-07-22 13:00:00;0.0;55.9351611030405;;68.97635826917843;;;;
2022-07-22 14:00:00;0.0;55.9351611030405;;68.27015331368455;;;;
2022-07-22 15:00:00;0.0;55.9351611030405;;66.41214498043104;;;;
2022-07-22 16:00:00;0.0;55.9351611030405;;63.52757806235287;;;;
2022-07-22 17:00:00;0.0;55.9351611030405;;59.8117746534481;;;;
2022-07-22 18:00:00;0.0;55.9351611030405;;55.51492752665538;;;;
2022-07-22 19:00:00;0.0;55.9351611030405;;50.92720610061343;;;;
2022-07-22 20:00:00;0.0;55.9351611030405;;50.0;;;;
2022-07-22 21:00:00;0.0;55.9351611030405;;50.0;;;;
2022-07-22 22:00:00;0.0;55.9351611030405;;50.0;;;;
2022-07-22 23:00:00;0.0;55.9351611030405;;50.0;;;;
2022-07-23 00:00:00;0.0;55.9351611030405;;50.0;;;;
2022-07-23 01:00:00;0.0;55.9351611030405;;50.0;;;;
2022-07-23 02:00:00;0.0;55.9351611030405;;50.0;;;;
2022-07-23 03:00:00;0.0;55.9351611030405;;50.0;;;;
2022-07-23 04:00:00;0.0;55.9351611030405;;50.0;;;;
2022-07-23 05:00:00;0.0;55.9351611030405;;50.0;;;;
2022-07-23 06:00:00;0.0;55.9351611030405;;50.0;;;;
2022-07-23 07:00:00;0.0;55.9351611030405;;52.72806013266184;;;;
2022-07-23 08:00:00;0.0;55.9351611030405;;57.63523712279734;;;;
2022-07-23 09:00:00;0.0;55.9351611030405;;62.2743942674494;;;;
2022-07-23 10:00:00;0.0;55.9351611030405;;66.34266169664818;;;;
2022-07-23 11:00:00;0.0;55.9351611030405;;69.57610001373405;;;;
2022-07-23 12:00:00;0.0;55.9351611030405;;71.76110498629622;;;;
2022-07-23 13:00:00;0.0;55.9351611030405;;72.75552174541606;;;;
2022-07-23 14:00:00;0.0;55.9351611030405;;72.49958377106901;;;;
2022-07-23 15:00:00;0.0;55.9351611030405;;71.01302672311161;;;;
2022-07-23 16:00:00;0.0;55.9351611030405;;68.40104655577957;;;;
2022-07-23 17:00:00;0.0;55.9351611030405;;64.84399179571852;;;;
2022-07-23 18:00:00;0.0;55.9351611030405;;60.5953065287466;;;;
2022-07-23 19:00:00;0.0;55.9351611030405;;55.95914290635977;;;;
2022-07-23 20:00:00;0.0;55.9351611030405;;51.27014794633889;;;;
2022-07-23 21:00:00;0.0;55.9351611030405;;50.0;;;;
2022-07-23 22:00:00;0.0;55.9351611030405;;50.0;;;;
2022-07-23 23:00:00;0.0;55.9351611030405;;50.0;;;;
2022-07-24 00:00:00;0.0;55.9351611030405;;50.0;;;;
2022-07-24 01:00:00;0.0;55.9351611030405;;50.0;;;;
2022-07-24 02:00:00;0.0;55.9351611030405;;50.0;;;;
2022-07-24 03:00:00;0.0;55.9351611030405;;50.0;;;;
2022-07-24 04:00:00;0.0;55.9351611030405;;50.0;;;;
2022-07-24 05:00:00;0.0;55.9351611030405;;50.0;;;;
2022-07-24 06:00:00;0.0;55.9351611030405;;53.25950365058345;;;;
2022-07-24 07:00:00;0.0;55.9351611030405;;58.73667829012926;;;;
2022-07-24 08:00:00;0.0;55.9351611030405;;64.24183606075886;;;;
2022-07-24 09:00:00;0.0;55.9351611030405;;69.40807762345176;;;;
2022-07-24 10:00:00;0.0;55.9351611030405;;73.89106859692023;;;;
2022-07-24 11:00:00;0.0;55.9351611030405;;77.38598299181324;;;;
2022-07-24 12:00:00;0.0;55.9351611030405;;79.65608249844058;;;;
2022-07-24 13:00:00;0.0;55.9351611030405;;80.54714455639777;;;;
2022-07-24 14:00:00;0.0;55.9351611030405;;80.00067082410611;;;;
2022-07-24 15:00:00;0.0;55.9351611030405;;78.05371241817112;;;;
2022-07-24 16:00:00;0.0;55.9351611030405;;74.84126400140823;;;;
2022-07-24 17:00:00;0.0;55.9351611030405;;70.58819920275265;;;;
2022-07-24 18:00:00;0.0;55.9351611030405;;65.5926937333846;;;;
2022-07-24 19:00:00;0.0;55.9351611030405;;60.20291328880808;;;;
2022-07-24 20:00:00;0.0;55.9351611030405;;54.79216123603083;;;;
2022-07-24 21:00:00;0.0;55.9351611030405;;50.0;;;;
2022-07-24 22:00:00;0.0;55.9351611030405;;50.0;;;;
2022-07-24 23:00:00;0.0;55.9351611030405;;50.0;;;;
2022-07-25 00:00:00;0.0;55.9351611030405;;50.0;;;;
2022-07-25 01:00:00;0.0;55.9351611030405;;50.0;;;;
2022-07-25 02:00:00;0.0;55.9351611030405;;50.0;;;;
2022-07-25 03:00:00;0.0;55.9351611030405;;50.0;;;;
2022-07-25 04:00:00;0.0;55.9351611030405;;50.0;;;;
2022-07-25 05:00:00;0.0;55.9351611030405;;50.0;;;;
2022-07-25 06:00:00;0.0;55.9351611030405;;50.96652686102116;;;;
2022-07-25 07:00:00;0.0;55.9351611030405;;55.69862616587195;;;;
2022-07-25 08:00:00;0.0;55.9351611030405;;60.37086061398958;;;;
2022-07-25 09:00:00;0.0;55.9351611030405;;64.64704525534123;;;;
2022-07-25 10:00:00;0.0;55.9351611030405;;68.21861379249626;;;;
2022-07-25 11:00:00;0.0;55.9351611030405;;70.82780794646712;;;;
2022-07-25 12:00:00;0.0;55.9351611030405;;72.29073534075067;;;;
2022-07-25 13:00:00;0.0;55.9351611030405;;72.50215087862608;;;;
2022-07-25 14:00:00;0.0;55.9351611030405;;71.44543584883036;;;;
2022-07-25 15:00:00;0.0;55.9351611030405;;69.18703966032064;;;;
2022-07-25 16:00:00;0.0;55.9351611030405;;65.87275987077247;;;;
2022-07-25 17:00:00;0.0;55.9351611030405;;61.7226876396761;;;;
2022-07-25 18:00:00;0.0;55.9351611030405;;57.00347917023385;;;;
2022-07-25 19:00:00;0.0;55.9351611030405;;52.02604479029981;;;;
2022-07-25 20:00:00;0.0;55.9351611030405;;50.0;;;;
2022-07-25 21:00:00;0.0;55.9351611030405;;50.0;;;;
2022-07-25 22:00:00;0.0;55.9351611030405;;50.0;;;;
2022-07-25 23:00:00;0.0;55.9351611030405;;50.0;;;;
2022-07-26 00:00:00;0.0;55.9351611030405;;50.0;;;;
2022-07-26 01:00:00;0.0;55.9351611030405;;50.0;;;;
2022-07-26 02:00:00;0.0;55.9351611030405;;50.0;;;;
2022-07-26 03:00:00;0.0;55.9351611030405;;50.0;;;;
2022-07-26 04:00:00;0.0;55.9351611030405;;50.0;;;;
2022-07-26 05:00:00;0.0;55.9351611030405;;50.0;;;;
2022-07-26 06:00:00;0.0;55.9351611030405;;50.0;;;;
2022-07-26 07:00:00;0.0;55.9351611030405;;50.0;;;;
2022-07-26 08:00:00;0.0;55.9351611030405;;51.61663379128192;;;;
2022-07-26 09:00:00;0.0;55.9351611030405;;55.44584058209745;;;;
2022-07-26 10:00:00;0.0;55.9351611030405;;58.72635287741181;;;;
2022-07-26 11:00:00;0.0;55.9351611030405;;61.23281141033968;;;;
2022-07-26 12:00:00;0.0;55.9351611030405;;62.79630651949783;;;;
2022-07-26 13:00:00;0.0;55.9351611030405;;63.3083964457707;;;;
2022-07-26 14:00:00;0.0;55.9351611030405;;62.73410280002676;;;;
2022-07-26 15:00:00;0.0;55.9351611030405;;61.10972742623274;;;;
2022-07-26 16:00:00;0.0;55.9351611030405;;58.54493255613177;;;;
2022-07-26 17:00:00;0.0;55.9351611030405;;55.20851058694387;;;;
2022-07-26 18:00:00;0.0;55.9351611030405;;51.32707720102687;;;;
2022-07-26 19:00:00;0.0;55.9351611030405;;50.0;;;;
2022-07-26 20:00:00;0.0;55.9351611030405;;50.0;;;;
2022-07-26 21:00:00;0.0;55.9351611030405;;50.0;;;;
2022-07-26 22:00:00;0.0;55.9351611030405;;50.0;;;;
2022-07-26 23:00:00;0.0;55.9351611030405;;50.0;;;;
2022-07-27 00:00:00;0.0;55.9351611030405;;50.0;;;;
2022-07-27 01:00:00;0.0;55.9351611030405;;50.0;;;;
2022-07-27 02:00:00;0.0;55.9351611030405;;50.0;;;;
2022-07-27 03:00:00;0.0;55.9351611030405;;50.0;;;;
2022-07-27 04:00:00;0.0;55.9351611030405;;50.0;;;;
2022-07-27 05:00:00;0.0;55.9351611030405;;50.0;;;;
2022-07-27 06:00:00;0.0;55.9351611030405;;50.0;;;;
2022-07-27 07:00:00;0.0;55.9351611030405;;50.0;;;;
2022-07-27 08:00:00;0.0;55.9351611030405;;52.46221327679239;;;;
2022-07-27 09:00:00;0.0;55.9351611030405;;56.52888199075663;;;;
2022-07-27 10:00:00;0.0;55.9351611030405;;60.02275350731288;;;;
2022-07-27 11:00:00;0.0;55.9351611030405;;62.70580497647313;;;;
2022-07-27 12:00:00;0.0;55.9351611030405;;64.39655301376736;;;;
2022-07-27 13:00:00;0.0;55.9351611030405;;64.98061062313666;;;;
2022-07-27 14:00:00;0.0;55.9351611030405;;64.41312848903353;;;;
2022-07-27 15:00:00;0.0;55.9351611030405;;62.73000172887093;;;;
2022-07-27 16:00:00;0.0;55.9351611030405;;60.04655155469428;;;;
2022-07-27 17:00:00;0.0;55.9351611030405;;56.55018403468981;;;;
2022-07-27 18:00:00;0.0;55.9351611030405;;52.47874450290387;;;;
2022-07-27 19:00:00;0.0;55.9351611030405;;50.0;;;;
2022-07-27 20:00:00;0.0;55.9351611030405;;50.0;;;;
2022-07-27 21:00:00;0.0;55.9351611030405;;50.0;;;;
2022-07-27 22:00:00;0.0;55.9351611030405;;50.0;;;;
2022-07-27 23:00:00;0.0;55.9351611030405;;50.0;;;;
2022-07-28 00:00:00;0.0;55.9351611030405;;50.0;;;;
2022-07-28 01:00:00;0.0;55.9351611030405;;50.0;;;;
2022-07-28 02:00:00;0.0;55.9351611030405;;50.0;;;;
2022-07-28 03:00:00;0.0;55.9351611030405;;50.0;;;;
2022-07-28 04:00:00;0.0;55.9351611030405;;50.0;;;;
2022-07-28 05:00:00;0.0;55.9351611030405;;50.0;;;;
2022-07-28 06:00:00;0.0;55.9351611030405;;50.0;;;;
2022-07-28 07:00:00;0.0;55.9351611030405;;50.0;;;;
2022-07-28 08:00:00;0.0;55.9351611030405;;52.21899036666476;;;;
2022-07-28 09:00:00;0.0;55.9351611030405;;55.97852468009489;;;;
2022-07-28 10:00:00;0.0;55.9351611030405;;59.14699641858623;;;;
2022-07-28 11:00:00;0.0;55.9351611030405;;61.50426796773281;;;;
2022-07-28 12:00:00;0.0;55.9351611030405;;62.88544347320361;;;;
2022-07-28 13:00:00;0.0;55.9351611030405;;63.19268828057041;;;;
2022-07-28 14:00:00;0.0;55.9351611030405;;62.40208244288286;;;;
2022-07-28 15:00:00;0.0;55.9351611030405;;60.56626683254684;;;;
2022-07-28 16:00:00;0.0;55.9351611030405;;57.81102330267056;;;;
2022-07-28 17:00:00;0.0;55.9351611030405;;54.32047551031359;;;;
2022-07-28 18:00:00;0.0;55.9351611030405;;50.32093526119067;;;;
2022-07-28 19:00:00;0.0;55.9351611030405;;50.0;;;;
2022-07-28 20:00:00;0.0;55.9351611030405;;50.0;;;;
2022-07-28 21:00:00;0.0;55.9351611030405;;50.0;;;;
2022-07-28 22:00:00;0.0;55.9351611030405;;50.0;;;;
2022-07-28 23:00:00;0.0;55.9351611030405;;50.0;;;;
2022-07-29 00:00:00;0.0;55.9351611030405;;50.0;;;;
2022-07-29 01:00:00;0.0;55.9351611030405;;50.0;;;;
2022-07-29 02:00:00;0.0;55.9351611030405;;50.0;;;;
2022-07-29 03:00:00;0.0;55.9351611030405;;50.0;;;;
2022-07-29 04:00:00;0.0;55.9351611030405;;50.0;;;;
2022-07-29 05:00:00;0.0;55.9351611030405;;50.0;;;;
2022-07-29 06:00:00;0.0;55.9351611030405;;50.0;;;;
2022-07-29 07:00:00;0.0;55.9351611030405;;50.0;;;;
2022-07-29 08:00:00;0.0;55.9351611030405;;52.79665965366932;;;;
2022-07-29 09:00:00;0.0;55.9351611030405;;57.0452072541074;;;;
2022-07-29 10:00:00;0.0;55.9351611030405;;60.7765458621928;;;;
2022-07-29 11:00:00;0.0;55.9351611030405;;63.74903426867748;;;;
2022-07-29 12:00:00;0.0;55.9351611030405;;65.77161529273715;;;;
2022-07-29 13:00:00;0.0;55.9351611030405;;66.71219212402173;;;;
2022-07-29 14:00:00;0.0;55.9351611030405;;66.51265061344401;;;;
2022-07-29 15:00:00;0.0;55.9351611030405;;65.19064492893602;;;;
2022-07-29 16:00:00;0.0;55.9351611030405;;62.83895832980609;;;;
2022-07-29 17:00:00;0.0;55.9351611030405;;59.6237373380873;;;;
2022-07-29 18:00:00;0.0;55.9351611030405;;55.7732003470846;;;;
2022-07-29 19:00:00;0.0;55.9351611030405;;51.56195114911004;;;;
2022-07-29 20:00:00;0.0;55.9351611030405;;50.0;;;;
2022-07-29 21:00:00;0.0;55.9351611030405;;50.0;;;;
2022-07-29 22:00:00;0.0;55.9351611030405;;50.0;;;;
2022-07-29 23:00:00;0.0;55.9351611030405;;50.0;;;;
2022-07-30 00:00:00;0.0;55.9351611030405;;50.0;;;;
2022-07-30 01:00:00;0.0;55.9351611030405;;50.0;;;;
2022-07-30 02:00:00;0.0;55.9351611030405;;50.0;;;;
2022-07-30 03:00:00;0.0;55.9351611030405;;50.0;;;;
2022-07-30 04:00:00;0.0;55.9351611030405;;50.0;;;;
2022-07-30 05:00:00;0.0;55.9351611030405;;50.0;;;;
2022-07-30 06:00:00;0.0;55.9351611030405;;51.85576388975156;;;;
2022-07-30 07:00:00;0.0;55.9351611030405;;57.29612833725184;;;;
2022-07-30 08:00:00;0.0;55.9351611030405;;62.78114418791718;;;;
2022-07-30 09:00:00;0.0;55.9351611030405;;67.9556886752909;;;;
2022-07-30 10:00:00;0.0;55.9351611030405;;72.48211595587608;;;;
2022-07-30 11:00:00;0.0;55.9351611030405;;76.05673200044382;;;;
2022-07-30 12:00:00;0.0;55.9351611030405;;78.44212677245926;;;;
2022-07-30 13:00:00;0.0;55.9351611030405;;79.47682718130315;;;;
2022-07-30 14:00:00;0.0;55.9351611030405;;79.0941814366188;;;;
2022-07-30 15:00:00;0.0;55.9351611030405;;77.32052932413015;;;;
2022-07-30 16:00:00;0.0;55.9351611030405;;74.28618936600327;;;;
2022-07-30 17:00:00;0.0;55.9351611030405;;70.21001481647166;;;;
2022-07-30 18:00:00;0.0;55.9351611030405;;65.38119947699607;;;;
2022-07-30 19:00:00;0.0;55.9351611030405;;60.13980834831693;;;;
2022-07-30 20:00:00;0.0;55.9351611030405;;54.85522397889019;;;;
2022-07-30 21:00:00;0.0;55.9351611030405;;50.0;;;;
2022-07-30 22:00:00;0.0;55.9351611030405;;50.0;;;;
2022-07-30 23:00:00;0.0;55.9351611030405;;50.0;;;;
2022-07-31 00:00:00;0.0;55.9351611030405;;50.0;;;;
2022-07-31 01:00:00;0.0;55.9351611030405;;50.0;;;;
2022-07-31 02:00:00;0.0;55.9351611030405;;50.0;;;;
2022-07-31 03:00:00;0.0;55.9351611030405;;50.0;;;;
2022-07-31 04:00:00;0.0;55.9351611030405;;50.0;;;;
2022-07-31 05:00:00;0.0;55.9351611030405;;50.0;;;;
2022-07-31 06:00:00;0.0;55.9351611030405;;53.55458439446684;;;;
2022-07-31 07:00:00;0.0;55.9351611030405;;58.66502217539028;;;;
2022-07-31 08:00:00;0.0;55.9351611030405;;63.73655432852048;;;;
2022-07-31 09:00:00;0.0;55.9351611030405;;68.40966312513646;;;;
2022-07-31 10:00:00;0.0;55.9351611030405;;72.35669461709026;;;;
2022-07-31 11:00:00;0.0;55.9351611030405;;75.30307042947601;;;;
2022-07-31 12:00:00;0.0;55.9351611030405;;77.04379381347077;;;;
2022-07-31 13:00:00;0.0;55.9351611030405;;77.4569616523086;;;;
2022-07-31 14:00:00;0.0;55.9351611030405;;76.51193423574614;;;;
2022-07-31 15:00:00;0.0;55.9351611030405;;74.26949757160924;;;;
2022-07-31 16:00:00;0.0;55.9351611030405;;70.87916386237596;;;;
2022-07-31 17:00:00;0.0;55.9351611030405;;66.56482391940261;;;;
2022-07-31 18:00:00;0.0;55.9351611030405;;61.61929796209294;;;;
2022-07-31 19:00:00;0.0;55.9351611030405;;56.37084575146872;;;;
2022-07-31 20:00:00;0.0;55.9351611030405;;51.16389650494797;;;;
2022-07-31 21:00:00;0.0;55.9351611030405;;50.0;;;;
2022-07-31 22:00:00;0.0;55.9351611030405;;50.0;;;;
2022-07-31 23:00:00;0.0;55.9351611030405;;50.0;;;;
2022-08-01 00:00:00;0.0;55.9351611030405;;50.0;;;;
2022-08-01 01:00:00;0.0;55.9351611030405;;50.0;;;;
2022-08-01 02:00:00;0.0;55.9351611030405;;50.0;;;;
2022-08-01 03:00:00;0.0;55.9351611030405;;50.0;;;;
2022-08-01 04:00:00;0.0;55.9351611030405;;50.0;;;;
2022-08-01 05:00:00;0.0;55.9351611030405;;50.0;;;;
2022-08-01 06:00:00;0.0;55.9351611030405;;50.0;;;;
2022-08-01 07:00:00;0.0;55.9351611030405;;52.43312090322111;;;;
2022-08-01 08:00:00;0.0;55.9351611030405;;57.06528611250781;;;;
2022-08-01 09:00:00;0.0;55.9351611030405;;61.38582017992919;;;;
2022-08-01 10:00:00;0.0;55.9351611030405;;65.10374954054255;;;;
2022-08-01 11:00:00;0.0;55.9351611030405;;67.96641886802189;;;;
2022-08-01 12:00:00;0.0;55.9351611030405;;69.78185250481809;;;;
2022-08-01 13:00:00;0.0;55.9351611030405;;70.42483156242992;;;;
2022-08-01 14:00:00;0.0;55.9351611030405;;69.85378616820694;;;;
2022-08-01 15:00:00;0.0;55.9351611030405;;68.10198074402845;;;;
2022-08-01 16:00:00;0.0;55.9351611030405;;65.29002560941069;;;;
2022-08-01 17:00:00;0.0;55.9351611030405;;61.60874452583576;;;;
2022-08-01 18:00:00;0.0;55.9351611030405;;57.31174513169457;;;;
2022-08-01 19:00:00;0.0;55.9351611030405;;52.6916596533212;;;;
2022-08-01 20:00:00;0.0;55.9351611030405;;50.0;;;;
2022-08-01 21:00:00;0.0;55.9351611030405;;50.0;;;;
2022-08-01 22:00:00;0.0;55.9351611030405;;50.0;;;;
2022-08-01 23:00:00;0.0;55.9351611030405;;50.0;;;;
2022-08-02 00:00:00;0.0;55.9351611030405;;50.0;;;;
2022-08-02 01:00:00;0.0;55.9351611030405;;50.0;;;;
2022-08-02 02:00:00;0.0;55.9351611030405;;50.0;;;;
2022-08-02 03:00:00;0.0;55.9351611030405;;50.0;;;;
2022-08-02 04:00:00;0.0;55.9351611030405;;50.0;;;;
2022-08-02 05:00:00;0.0;55.9351611030405;;50.0;;;;
2022-08-02 06:00:00;0.0;55.9351611030405;;50.0;;;;
2022-08-02 07:00:00;0.0;55.9351611030405;;51.73010978578456;;;;
2022-08-02 08:00:00;0.0;55.9351611030405;;56.37715072944069;;;;
2022-08-02 09:00:00;0.0;55.9351611030405;;60.69561385628083;;;;
2022-08-02 10:00:00;0.0;55.9351611030405;;64.3874072182465;;;;
2022-08-02 11:00:00;0.0;55.9351611030405;;67.19994443314252;;;;
2022-08-02 12:00:00;0.0;55.9351611030405;;68.93916946877762;;;;
2022-08-02 13:00:00;0.0;55.9351611030405;;69.47912797669721;;;;
2022-08-02 14:00:00;0.0;55.9351611030405;;68.77947606401307;;;;
2022-08-02 15:00:00;0.0;55.9351611030405;;66.89240294952293;;;;
2022-08-02 16:00:00;0.0;55.9351611030405;;63.94587937686004;;;;
2022-08-02 17:00:00;0.0;55.9351611030405;;60.13872587869594;;;;
2022-08-02 18:00:00;0.0;55.9351611030405;;55.72471317686202;;;;
2022-08-02 19:00:00;0.0;55.9351611030405;;51.00397698671318;;;;
2022-08-02 20:00:00;0.0;55.9351611030405;;50.0;;;;
2022-08-02 21:00:00;0.0;55.9351611030405;;50.0;;;;
2022-08-02 22:00:00;0.0;55.9351611030405;;50.0;;;;
2022-08-02 23:00:00;0.0;55.9351611030405;;50.0;;;;
2022-08-03 00:00:00;0.0;55.9351611030405;;50.0;;;;
2022-08-03 01:00:00;0.0;55.9351611030405;;50.0;;;;
2022-08-03 02:00:00;0.0;55.9351611030405;;50.0;;;;
2022-08-03 03:00:00;0.0;55.9351611030405;;50.0;;;;
2022-08-03 04:00:00;0.0;55.9351611030405;;50.0;;;;
2022-08-03 05:00:00;0.0;55.9351611030405;;50.0;;;;
2022-08-03 06:00:00;0.0;55.9351611030405;;50.0;;;;
2022-08-03 07:00:00;0.0;55.9351611030405;;50.0;;;;
2022-08-03 08:00:00;0.0;55.9351611030405;;52.01282090506501;;;;
2022-08-03 09:00:00;0.0;55.9351611030405;;55.62249638658056;;;;
2022-08-03 10:00:00;0.0;55.9351611030405;;58.62707532106095;;;;
2022-08-03 11:00:00;0.0;55.9351611030405;;60.80867542638529;;;;
2022-08-03 12:00:00;0.0;55.9351611030405;;62.01197721472956;;;;
2022-08-03 13:00:00;0.0;55.9351611030405;;62.14956218611543;;;;
2022-08-03 14:00:00;0.0;55.9351611030405;;61.20834180521171;;;;
2022-08-03 15:00:00;0.0;55.9351611030405;;59.24898795976175;;;;
2022-08-03 16:00:00;0.0;55.9351611030405;;56.39607051378186;;;;
2022-08-03 17:00:00;0.0;55.9351611030405;;52.83922192004843;;;;
2022-08-03 18:00:00;0.0;55.9351611030405;;50.0;;;;
2022-08-03 19:00:00;0.0;55.9351611030405;;50.0;;;;
2022-08-03 20:00:00;0.0;55.9351611030405;;50.0;;;;
2022-08-03 21:00:00;0.0;55.9351611030405;;50.0;;;;
2022-08-03 22:00:00;0.0;55.9351611030405;;50.0;;;;
2022-08-03 23:00:00;0.0;55.9351611030405;;50.0;;;;
2022-08-04 00:00:00;0.0;55.9351611030405;;50.0;;;;
2022-08-04 01:00:00;0.0;55.9351611030405;;50.0;;;;
2022-08-04 02:00:00;0.0;55.9351611030405;;50.0;;;;
2022-08-04 03:00:00;0.0;55.9351611030405;;50.0;;;;
2022-08-04 04:00:00;0.0;55.9351611030405;;50.0;;;;
2022-08-04 05:00:00;0.0;55.9351611030405;;50.0;;;;
2022-08-04 06:00:00;0.0;55.9351611030405;;50.0;;;;
2022-08-04 07:00:00;0.0;55.9351611030405;;50.0;;;;
2022-08-04 08:00:00;0.0;55.9351611030405;;50.0;;;;
2022-08-04 09:00:00;0.0;55.9351611030405;;52.71682595725839;;;;
2022-08-04 10:00:00;0.0;55.9351611030405;;56.03745793329696;;;;
2022-08-04 11:00:00;0.0;55.9351611030405;;58.653136884287;;;;
2022-08-04 12:00:00;0.0;55.9351611030405;;60.39034239684242;;;;
2022-08-04 13:00:00;0.0;55.9351611030405;;61.13573459400885;;;;
2022-08-04 14:00:00;0.0;55.9351611030405;;60.83783307325386;;;;
2022-08-04 15:00:00;0.0;55.9351611030405;;59.51889168576629;;;;
2022-08-04 16:00:00;0.0;55.9351611030405;;57.2705522811595;;;;
2022-08-04 17:00:00;0.0;55.9351611030405;;54.2510101224992;;;;
2022-08-04 18:00:00;0.0;55.9351611030405;;50.67201967278106;;;;
2022-08-04 19:00:00;0.0;55.9351611030405;;50.0;;;;
2022-08-04 20:00:00;0.0;55.9351611030405;;50.0;;;;
2022-08-04 21:00:00;0.0;55.9351611030405;;50.0;;;;
2022-08-04 22:00:00;0.0;55.9351611030405;;50.0;;;;
2022-08-04 23:00:00;0.0;55.9351611030405;;50.0;;;;
2022-08-05 00:00:00;0.0;55.9351611030405;;50.0;;;;
2022-08-05 01:00:00;0.0;55.9351611030405;;50.0;;;;
2022-08-05 02:00:00;0.0;55.9351611030405;;50.0;;;;
2022-08-05 03:00:00;0.0;55.9351611030405;;50.0;;;;
2022-08-05 04:00:00;0.0;55.9351611030405;;50.0;;;;
2022-08-05 05:00:00;0.0;55.9351611030405;;50.0;;;;
2022-08-05 06:00:00;0.0;55.9351611030405;;50.0;;;;
2022-08-05 07:00:00;0.0;55.9351611030405;;52.92771941581714;;;;
2022-08-05 08:00:00;0.0;55.9351611030405;;57.99865012595323;;;;
2022-08-05 09:00:00;0.0;55.9351611030405;;62.78769400749428;;;;
2022-08-05 10:00:00;0.0;55.9351611030405;;66.97971971848725;;;;
2022-08-05 11:00:00;0.0;55.9351611030405;;70.29587195477482;;;;
2022-08-05 12:00:00;0.0;55.9351611030405;;72.51629372079393;;;;
2022-08-05 13:00:00;0.0;55.9351611030405;;73.49372982003189;;;;
2022-08-05 14:00:00;0.0;55.9351611030405;;73.16711025252351;;;;
2022-08-05 15:00:00;0.0;55.9351611030405;;71.56277653136463;;;;
2022-08-05 16:00:00;0.0;55.9351611030405;;68.79741224067602;;;;
2022-08-05 17:00:00;0.0;55.9351611030405;;65.06495369191038;;;;
2022-08-05 18:00:00;0.0;55.9351611030405;;60.63160606736876;;;;
2022-08-05 19:00:00;0.0;55.9351611030405;;55.81166625625718;;;;
2022-08-05 20:00:00;0.0;55.9351611030405;;50.94680358343754;;;;
2022-08-05 21:00:00;0.0;55.9351611030405;;50.0;;;;
2022-08-05 22:00:00;0.0;55.9351611030405;;50.0;;;;
2022-08-05 23:00:00;0.0;55.9351611030405;;50.0;;;;
2022-08-06 00:00:00;0.0;55.9351611030405;;50.0;;;;
2022-08-06 01:00:00;0.0;55.9351611030405;;50.0;;;;
2022-08-06 02:00:00;0.0;55.9351611030405;;50.0;;;;
2022-08-06 03:00:00;0.0;55.9351611030405;;50.0;;;;
2022-08-06 04:00:00;0.0;55.9351611030405;;50.0;;;;
2022-08-06 05:00:00;0.0;55.9351611030405;;50.0;;;;
2022-08-06 06:00:00;0.0;55.9351611030405;;52.27932792560777;;;;
2022-08-06 07:00:00;0.0;55.9351611030405;;57.35288982828115;;;;
2022-08-06 08:00:00;0.0;55.9351611030405;;62.40740821282225;;;;
2022-08-06 09:00:00;0.0;55.9351611030405;;67.09377938868451;;;;
2022-08-06 10:00:00;0.0;55.9351611030405;;71.08635262167718;;;;
2022-08-06 11:00:00;0.0;55.9351611030405;;74.10414747573975;;;;
2022-08-06 12:00:00;0.0;55.9351611030405;;75.94878855556821;;;;
2022-08-06 13:00:00;0.0;55.9351611030405;;76.49330935283248;;;;
2022-08-06 14:00:00;0.0;55.9351611030405;;75.70610955717203;;;;
2022-08-06 15:00:00;0.0;55.9351611030405;;73.63168910296928;;;;
2022-08-06 16:00:00;0.0;55.9351611030405;;70.41479350707121;;;;
2022-08-06 17:00:00;0.0;55.9351611030405;;66.27016933985288;;;;
2022-08-06 18:00:00;0.0;55.9351611030405;;61.4778240408273;;;;
2022-08-06 19:00:00;0.0;55.9351611030405;;56.36009605682875;;;;
2022-08-06 20:00:00;0.0;55.9351611030405;;51.26606507781266;;;;
2022-08-06 21:00:00;0.0;55.9351611030405;;50.0;;;;
2022-08-06 22:00:00;0.0;55.9351611030405;;50.0;;;;
2022-08-06 23:00:00;0.0;55.9351611030405;;50.0;;;;
2022-08-07 00:00:00;0.0;55.9351611030405;;50.0;;;;
2022-08-07 01:00:00;0.0;55.9351611030405;;50.0;;;;
2022-08-07 02:00:00;0.0;55.9351611030405;;50.0;;;;
2022-08-07 03:00:00;0.0;55.9351611030405;;50.0;;;;
2022-08-07 04:00:00;0.0;55.9351611030405;;50.0;;;;
2022-08-07 05:00:00;0.0;55.9351611030405;;50.0;;;;
2022-08-07 06:00:00;0.0;55.9351611030405;;50.37969684807447;;;;
2022-08-07 07:00:00;0.0;55.9351611030405;;55.39916618657264;;;;
2022-08-07 08:00:00;0.0;55.9351611030405;;60.44976835236548;;;;
2022-08-07 09:00:00;0.0;55.9351611030405;;65.19476207938835;;;;
2022-08-07 10:00:00;0.0;55.9351611030405;;69.31816254610595;;;;
2022-08-07 11:00:00;0.0;55.9351611030405;;72.54715411741869;;;;
2022-08-07 12:00:00;0.0;55.9351611030405;;74.66608097658899;;;;
2022-08-07 13:00:00;0.0;55.9351611030405;;75.53757750339328;;;;
2022-08-07 14:00:00;0.0;55.9351611030405;;75.10260173265496;;;;
2022-08-07 15:00:00;0.0;55.9351611030405;;73.39376851941648;;;;
2022-08-07 16:00:00;0.0;55.9351611030405;;70.52977103075617;;;;
2022-08-07 17:00:00;0.0;55.9351611030405;;66.70670612037458;;;;
2022-08-07 18:00:00;0.0;55.9351611030405;;62.19128026407017;;;;
2022-08-07 19:00:00;0.0;55.9351611030405;;57.29778695540572;;;;
2022-08-07 20:00:00;0.0;55.9351611030405;;52.37192893480012;;;;
2022-08-07 21:00:00;0.0;55.9351611030405;;50.0;;;;
2022-08-07 22:00:00;0.0;55.9351611030405;;50.0;;;;
2022-08-07 23:00:00;0.0;55.9351611030405;;50.0;;;;
2022-08-08 00:00:00;0.0;55.9351611030405;;50.0;;;;
2022-08-08 01:00:00;0.0;55.9351611030405;;50.0;;;;
2022-08-08 02:00:00;0.0;55.9351611030405;;50.0;;;;
2022-08-08 03:00:00;0.0;55.9351611030405;;50.0;;;;
2022-08-08 04:00:00;0.0;55.9351611030405;;50.0;;;;
2022-08-08 05:00:00;0.0;55.9351611030405;;50.0;;;;
2022-08-08 06:00:00;0.0;55.9351611030405;;51.83618831016877;;;;
2022-08-08 07:00:00;0.0;55.9351611030405;;57.03603431357777;;;;
2022-08-08 08:00:00;0.0;55.9351611030405;;62.23626263480821;;;;
2022-08-08 09:00:00;0.0;55.9351611030405;;67.08223327586616;;;;
2022-08-08 10:00:00;0.0;55.9351611030405;;71.24873186691048;;;;
2022-08-08 11:00:00;0.0;55.9351611030405;;74.4483279109501;;;;
2022-08-08 12:00:00;0.0;55.9351611030405;;76.46340569666708;;;;
2022-08-08 13:00:00;0.0;55.9351611030405;;77.1461032347327;;;;
2022-08-08 14:00:00;0.0;55.9351611030405;;76.44793456195808;;;;
2022-08-08 15:00:00;0.0;55.9351611030405;;74.4182086176728;;;;
2022-08-08 16:00:00;0.0;55.9351611030405;;71.19777840499349;;;;
2022-08-08 17:00:00;0.0;55.9351611030405;;67.00940716176274;;;;
2022-08-08 18:00:00;0.0;55.9351611030405;;62.13538278867058;;;;
2022-08-08 19:00:00;0.0;55.9351611030405;;56.91101129618824;;;;
2022-08-08 20:00:00;0.0;55.9351611030405;;51.69040090815696;;;;
2022-08-08 21:00:00;0.0;55.9351611030405;;50.0;;;;
2022-08-08 22:00:00;0.0;55.9351611030405;;50.0;;;;
2022-08-08 23:00:00;0.0;55.9351611030405;;50.0;;;;
2022-08-09 00:00:00;0.0;55.9351611030405;;50.0;;;;
2022-08-09 01:00:00;0.0;55.9351611030405;;50.0;;;;
2022-08-09 02:00:00;0.0;55.9351611030405;;50.0;;;;
2022-08-09 03:00:00;0.0;55.9351611030405;;50.0;;;;
2022-08-09 04:00:00;0.0;55.9351611030405;;50.0;;;;
2022-08-09 05:00:00;0.0;55.9351611030405;;50.0;;;;
2022-08-09 06:00:00;0.0;55.9351611030405;;50.0;;;;
2022-08-09 07:00:00;0.0;55.9351611030405;;51.85571262514915;;;;
2022-08-09 08:00:00;0.0;55.9351611030405;;56.10439312480661;;;;
2022-08-09 09:00:00;0.0;55.9351611030405;;59.97266058833443;;;;
2022-08-09 10:00:00;0.0;55.9351611030405;;63.17887826279801;;;;
2022-08-09 11:00:00;0.0;55.9351611030405;;65.49446245375238;;;;
2022-08-09 12:00:00;0.0;55.9351611030405;;66.74946373705758;;;;
2022-08-09 13:00:00;0.0;55.9351611030405;;66.85095577235788;;;;
2022-08-09 14:00:00;0.0;55.9351611030405;;65.78390457810477;;;;
2022-08-09 15:00:00;0.0;55.9351611030405;;63.61563852477421;;;;
2022-08-09 16:00:00;0.0;55.9351611030405;;60.48808540509447;;;;
2022-08-09 17:00:00;0.0;55.9351611030405;;56.6061800295051;;;;
2022-08-09 18:00:00;0.0;55.9351611030405;;52.22158631014982;;;;
2022-08-09 19:00:00;0.0;55.9351611030405;;50.0;;;;
2022-08-09 20:00:00;0.0;55.9351611030405;;50.0;;;;
2022-08-09 21:00:00;0.0;55.9351611030405;;50.0;;;;
2022-08-09 22:00:00;0.0;55.9351611030405;;50.0;;;;
2022-08-09 23:00:00;0.0;55.9351611030405;;50.0;;;;
2022-08-10 00:00:00;0.0;55.9351611030405;;50.0;;;;
2022-08-10 01:00:00;0.0;55.9351611030405;;50.0;;;;
2022-08-10 02:00:00;0.0;55.9351611030405;;50.0;;;;
2022-08-10 03:00:00;0.0;55.9351611030405;;50.0;;;;
2022-08-10 04:00:00;0.0;55.9351611030405;;50.0;;;;
2022-08-10 05:00:00;0.0;55.9351611030405;;50.0;;;;
2022-08-10 06:00:00;0.0;55.9351611030405;;50.0;;;;
2022-08-10 07:00:00;0.0;55.9351611030405;;50.0;;;;
2022-08-10 08:00:00;0.0;55.9351611030405;;50.0;;;;
2022-08-10 09:00:00;0.0;55.9351611030405;;52.66441302217531;;;;
2022-08-10 10:00:00;0.0;55.9351611030405;;55.82518852302074;;;;
2022-08-10 11:00:00;0.0;55.9351611030405;;58.26523915814232;;;;
2022-08-10 12:00:00;0.0;55.9351611030405;;59.82074580320719;;;;
2022-08-10 13:00:00;0.0;55.9351611030405;;60.38621942570694;;;;
2022-08-10 14:00:00;0.0;55.9351611030405;;59.92258778536251;;;;
2022-08-10 15:00:00;0.0;55.9351611030405;;58.45810192079761;;;;
2022-08-10 16:00:00;0.0;55.9351611030405;;56.0947575397071;;;;
2022-08-10 17:00:00;0.0;55.9351611030405;;52.98995500102382;;;;
2022-08-10 18:00:00;0.0;55.9351611030405;;50.0;;;;
2022-08-10 19:00:00;0.0;55.9351611030405;;50.0;;;;
2022-08-10 20:00:00;0.0;55.9351611030405;;50.0;;;;
2022-08-10 21:00:00;0.0;55.9351611030405;;50.0;;;;
2022-08-10 22:00:00;0.0;55.9351611030405;;50.0;;;;
2022-08-10 23:00:00;0.0;55.9351611030405;;50.0;;;;
2022-08-11 00:00:00;0.0;55.9351611030405;;50.0;;;;
2022-08-11 01:00:00;0.0;55.9351611030405;;50.0;;;;
2022-08-11 02:00:00;0.0;55.9351611030405;;50.0;;;;
2022-08-11 03:00:00;0.0;55.9351611030405;;50.0;;;;
2022-08-11 04:00:00;0.0;55.9351611030405;;50.0;;;;
2022-08-11 05:00:00;0.0;55.9351611030405;;50.0;;;;
2022-08-11 06:00:00;0.0;55.9351611030405;;50.0;;;;
2022-08-11 07:00:00;0.0;55.9351611030405;;50.0;;;;
2022-08-11 08:00:00;0.0;55.9351611030405;;54.13891817167908;;;;
2022-08-11 09:00:00;0.0;55.9351611030405;;58.48367658155595;;;;
2022-08-11 10:00:00;0.0;55.9351611030405;;62.25888030931615;;;;
2022-08-11 11:00:00;0.0;55.9351611030405;;65.2138235736196;;;;
2022-08-11 12:00:00;0.0;55.9351611030405;;67.14618695591794;;;;
2022-08-11 13:00:00;0.0;55.9351611030405;;67.92610830652004;;;;
2022-08-11 14:00:00;0.0;55.9351611030405;;67.50057592590701;;;;
2022-08-11 15:00:00;0.0;55.9351611030405;;65.90434904802592;;;;
2022-08-11 16:00:00;0.0;55.9351611030405;;63.24882849378021;;;;
2022-08-11 17:00:00;0.0;55.9351611030405;;59.72140047140445;;;;
2022-08-11 18:00:00;0.0;55.9351611030405;;55.56654886858738;;;;
2022-08-11 19:00:00;0.0;55.9351611030405;;51.07553544395931;;;;
2022-08-11 20:00:00;0.0;55.9351611030405;;50.0;;;;
2022-08-11 21:00:00;0.0;55.9351611030405;;50.0;;;;
2022-08-11 22:00:00;0.0;55.9351611030405;;50.0;;;;
2022-08-11 23:00:00;0.0;55.9351611030405;;50.0;;;;
2022-08-12 00:00:00;0.0;55.9351611030405;;50.0;;;;
2022-08-12 01:00:00;0.0;55.9351611030405;;50.0;;;;
2022-08-12 02:00:00;0.0;55.9351611030405;;50.0;;;;
2022-08-12 03:00:00;0.0;55.9351611030405;;50.0;;;;
2022-08-12 04:00:00;0.0;55.9351611030405;;50.0;;;;
2022-08-12 05:00:00;0.0;55.9351611030405;;50.0;;;;
2022-08-12 06:00:00;0.0;55.9351611030405;;50.0;;;;
2022-08-12 07:00:00;0.0;55.9351611030405;;53.1849419722452;;;;
2022-08-12 08:00:00;0.0;55.9351611030405;;57.83864693866515;;;;
2022-08-12 09:00:00;0.0;55.9351611030405;;62.14876959410274;;;;
2022-08-12 10:00:00;0.0;55.9351611030405;;65.81744891058503;;;;
2022-08-12 11:00:00;0.0;55.9351611030405;;68.59630974223211;;;;
2022-08-12 12:00:00;0.0;55.9351611030405;;70.29438538254286;;;;
2022-08-12 13:00:00;0.0;55.9351611030405;;70.79686142064143;;;;
2022-08-12 14:00:00;0.0;55.9351611030405;;70.06564318584526;;;;
2022-08-12 15:00:00;0.0;55.9351611030405;;68.15356006983416;;;;
2022-08-12 16:00:00;0.0;55.9351611030405;;65.18991177973811;;;;
2022-08-12 17:00:00;0.0;55.9351611030405;;61.37529838493481;;;;
2022-08-12 18:00:00;0.0;55.9351611030405;;56.96505210582032;;;;
2022-08-12 19:00:00;0.0;55.9351611030405;;52.25605795816736;;;;
2022-08-12 20:00:00;0.0;55.9351611030405;;50.0;;;;
2022-08-12 21:00:00;0.0;55.9351611030405;;50.0;;;;
2022-08-12 22:00:00;0.0;55.9351611030405;;50.0;;;;
2022-08-12 23:00:00;0.0;55.9351611030405;;50.0;;;;
2022-08-13 00:00:00;0.0;55.9351611030405;;50.0;;;;
2022-08-13 01:00:00;0.0;55.9351611030405;;50.0;;;;
2022-08-13 02:00:00;0.0;55.9351611030405;;50.0;;;;
2022-08-13 03:00:00;0.0;55.9351611030405;;50.0;;;;
2022-08-13 04:00:00;0.0;55.9351611030405;;50.0;;;;
2022-08-13 05:00:00;0.0;55.9351611030405;;50.0;;;;
2022-08-13 06:00:00;0.0;55.9351611030405;;50.0;;;;
2022-08-13 07:00:00;0.0;55.9351611030405;;54.18228765394596;;;;
2022-08-13 08:00:00;0.0;55.9351611030405;;59.23122212300355;;;;
2022-08-13 09:00:00;0.0;55.9351611030405;;63.99956238430852;;;;
2022-08-13 10:00:00;0.0;55.9351611030405;;68.18155400390243;;;;
2022-08-13 11:00:00;0.0;55.9351611030405;;71.50248178225641;;;;
2022-08-13 12:00:00;0.0;55.9351611030405;;73.74853040503119;;;;
2022-08-13 13:00:00;0.0;55.9351611030405;;74.76855103241425;;;;
2022-08-13 14:00:00;0.0;55.9351611030405;;74.4979515649382;;;;
2022-08-13 15:00:00;0.0;55.9351611030405;;72.96335481418454;;;;
2022-08-13 16:00:00;0.0;55.9351611030405;;70.27305681967424;;;;
2022-08-13 17:00:00;0.0;55.9351611030405;;66.6190576736225;;;;
2022-08-13 18:00:00;0.0;55.9351611030405;;62.25603412961586;;;;
2022-08-13 19:00:00;0.0;55.9351611030405;;57.49440586621444;;;;
2022-08-13 20:00:00;0.0;55.9351611030405;;52.67551690660262;;;;
2022-08-13 21:00:00;0.0;55.9351611030405;;50.0;;;;
2022-08-13 22:00:00;0.0;55.9351611030405;;50.0;;;;
2022-08-13 23:00:00;0.0;55.9351611030405;;50.0;;;;
2022-08-14 00:00:00;0.0;55.9351611030405;;50.0;;;;
2022-08-14 01:00:00;0.0;55.9351611030405;;50.0;;;;
2022-08-14 02:00:00;0.0;55.9351611030405;;50.0;;;;
2022-08-14 03:00:00;0.0;55.9351611030405;;50.0;;;;
2022-08-14 04:00:00;0.0;55.9351611030405;;50.0;;;;
2022-08-14 05:00:00;0.0;55.9351611030405;;50.0;;;;
2022-08-14 06:00:00;0.0;55.9351611030405;;54.80624280061593;;;;
2022-08-14 07:00:00;0.0;55.9351611030405;;60.44765067570825;;;;
2022-08-14 08:00:00;0.0;55.9351611030405;;66.11762944007616;;;;
2022-08-14 09:00:00;0.0;55.9351611030405;;71.43713431488699;;;;
2022-08-14 10:00:00;0.0;55.9351611030405;;76.04884004503077;;;;
2022-08-14 11:00:00;0.0;55.9351611030405;;79.6445782791437;;;;
2022-08-14 12:00:00;0.0;55.9351611030405;;81.97912095314385;;;;
2022-08-14 13:00:00;0.0;55.9351611030405;;82.89658507836337;;;;
2022-08-14 14:00:00;0.0;55.9351611030405;;82.32935074462765;;;;
2022-08-14 15:00:00;0.0;55.9351611030405;;80.32143802304026;;;;
2022-08-14 16:00:00;0.0;55.9351611030405;;77.0129352005981;;;;
2022-08-14 17:00:00;0.0;55.9351611030405;;72.63906890186148;;;;
2022-08-14 18:00:00;0.0;55.9351611030405;;67.50469846443193;;;;
2022-08-14 19:00:00;0.0;55.9351611030405;;61.96382638422435;;;;
2022-08-14 20:00:00;0.0;55.9351611030405;;56.39808396901153;;;;
2022-08-14 21:00:00;0.0;55.9351611030405;;51.19235705361288;;;;
2022-08-14 22:00:00;0.0;55.9351611030405;;50.0;;;;
2022-08-14 23:00:00;0.0;55.9351611030405;;50.0;;;;
2022-08-15 00:00:00;0.0;55.9351611030405;;50.0;;;;
2022-08-15 01:00:00;0.0;55.9351611030405;;50.0;;;;
2022-08-15 02:00:00;0.0;55.9351611030405;;50.0;;;;
2022-08-15 03:00:00;0.0;55.9351611030405;;50.0;;;;
2022-08-15 04:00:00;0.0;55.9351611030405;;50.0;;;;
2022-08-15 05:00:00;0.0;55.9351611030405;;50.0;;;;
2022-08-15 06:00:00;0.0;55.9351611030405;;52.5407151270813;;;;
2022-08-15 07:00:00;0.0;55.9351611030405;;57.41299508582696;;;;
2022-08-15 08:00:00;0.0;55.9351611030405;;62.2221248702815;;;;
2022-08-15 09:00:00;0.0;55.9351611030405;;66.62328333607265;;;;
2022-08-15 10:00:00;0.0;55.9351611030405;;70.29907002665787;;;;
2022-08-15 11:00:00;0.0;55.9351611030405;;72.98853898061877;;;;
2022-08-15 12:00:00;0.0;55.9351611030405;;74.49688403476472;;;;
2022-08-15 13:00:00;0.0;55.9351611030405;;74.7171248525501;;;;
2022-08-15 14:00:00;0.0;55.9351611030405;;73.62720782528618;;;;
2022-08-15 15:00:00;0.0;55.9351611030405;;71.29597339978784;;;;
2022-08-15 16:00:00;0.0;55.9351611030405;;67.87801958802598;;;;
2022-08-15 17:00:00;0.0;55.9351611030405;;63.59500906332173;;;;
2022-08-15 18:00:00;0.0;55.9351611030405;;58.73043007653218;;;;
2022-08-15 19:00:00;0.0;55.9351611030405;;53.59833957775854;;;;
2022-08-15 20:00:00;0.0;55.9351611030405;;50.0;;;;
2022-08-15 21:00:00;0.0;55.9351611030405;;50.0;;;;
2022-08-15 22:00:00;0.0;55.9351611030405;;50.0;;;;
2022-08-15 23:00:00;0.0;55.9351611030405;;50.0;;;;
2022-08-16 00:00:00;0.0;55.9351611030405;;50.0;;;;
2022-08-16 01:00:00;0.0;55.9351611030405;;50.0;;;;
2022-08-16 02:00:00;0.0;55.9351611030405;;50.0;;;;
2022-08-16 03:00:00;0.0;55.9351611030405;;50.0;;;;
2022-08-16 04:00:00;0.0;55.9351611030405;;50.0;;;;
2022-08-16 05:00:00;0.0;55.9351611030405;;50.0;;;;
2022-08-16 06:00:00;0.0;55.9351611030405;;50.0;;;;
2022-08-16 07:00:00;0.0;55.9351611030405;;50.0;;;;
2022-08-16 08:00:00;0.0;55.9351611030405;;53.26842743833349;;;;
2022-08-16 09:00:00;0.0;55.9351611030405;;57.21783319817585;;;;
2022-08-16 10:00:00;0.0;55.9351611030405;;60.59917417632145;;;;
2022-08-16 11:00:00;0.0;55.9351611030405;;63.18056136668924;;;;
2022-08-16 12:00:00;0.0;55.9351611030405;;64.791899843456;;;;
2022-08-16 13:00:00;0.0;55.9351611030405;;65.32052631344118;;;;
2022-08-16 14:00:00;0.0;55.9351611030405;;64.72963708035392;;;;
2022-08-16 15:00:00;0.0;55.9351611030405;;63.05426089962305;;;;
2022-08-16 16:00:00;0.0;55.9351611030405;;60.40662708816645;;;;
2022-08-16 17:00:00;0.0;55.9351611030405;;56.96440776482033;;;;
2022-08-16 18:00:00;0.0;55.9351611030405;;52.96138190177018;;;;
2022-08-16 19:00:00;0.0;55.9351611030405;;50.0;;;;
2022-08-16 20:00:00;0.0;55.9351611030405;;50.0;;;;
2022-08-16 21:00:00;0.0;55.9351611030405;;50.0;;;;
2022-08-16 22:00:00;0.0;55.9351611030405;;50.0;;;;
2022-08-16 23:00:00;0.0;55.9351611030405;;50.0;;;;
2022-08-17 00:00:00;0.0;55.9351611030405;;50.0;;;;
2022-08-17 01:00:00;0.0;55.9351611030405;;50.0;;;;
2022-08-17 02:00:00;0.0;55.9351611030405;;50.0;;;;
2022-08-17 03:00:00;0.0;55.9351611030405;;50.0;;;;
2022-08-17 04:00:00;0.0;55.9351611030405;;50.0;;;;
2022-08-17 05:00:00;0.0;55.9351611030405;;50.0;;;;
2022-08-17 06:00:00;0.0;55.9351611030405;;50.0;;;;
2022-08-17 07:00:00;0.0;55.9351611030405;;50.0;;;;
2022-08-17 08:00:00;0.0;55.9351611030405;;54.22771029803675;;;;
2022-08-17 09:00:00;0.0;55.9351611030405;;58.4295690229342;;;;
2022-08-17 10:00:00;0.0;55.9351611030405;;62.04392196229019;;;;
2022-08-17 11:00:00;0.0;55.9351611030405;;64.82118382117199;;;;
2022-08-17 12:00:00;0.0;55.9351611030405;;66.57041078198922;;;;
2022-08-17 13:00:00;0.0;55.9351611030405;;67.16867189176747;;;;
2022-08-17 14:00:00;0.0;55.9351611030405;;66.57711005076006;;;;
2022-08-17 15:00:00;0.0;55.9351611030405;;64.83494581103918;;;;
2022-08-17 16:00:00;0.0;55.9351611030405;;62.06175581124296;;;;
2022-08-17 17:00:00;0.0;55.9351611030405;;58.44578175369563;;;;
2022-08-17 18:00:00;0.0;55.9351611030405;;54.2350965333538;;;;
2022-08-17 19:00:00;0.0;55.9351611030405;;50.0;;;;
2022-08-17 20:00:00;0.0;55.9351611030405;;50.0;;;;
2022-08-17 21:00:00;0.0;55.9351611030405;;50.0;;;;
2022-08-17 22:00:00;0.0;55.9351611030405;;50.0;;;;
2022-08-17 23:00:00;0.0;55.9351611030405;;50.0;;;;
2022-08-18 00:00:00;0.0;55.9351611030405;;50.0;;;;
2022-08-18 01:00:00;0.0;55.9351611030405;;50.0;;;;
2022-08-18 02:00:00;0.0;55.9351611030405;;50.0;;;;
2022-08-18 03:00:00;0.0;55.9351611030405;;50.0;;;;
2022-08-18 04:00:00;0.0;55.9351611030405;;50.0;;;;
2022-08-18 05:00:00;0.0;55.9351611030405;;50.0;;;;
2022-08-18 06:00:00;0.0;55.9351611030405;;50.0;;;;
2022-08-18 07:00:00;0.0;55.9351611030405;;50.0;;;;
2022-08-18 08:00:00;0.0;55.9351611030405;;54.04580783497099;;;;
2022-08-18 09:00:00;0.0;55.9351611030405;;57.93565972434661;;;;
2022-08-18 10:00:00;0.0;55.9351611030405;;61.21510006799196;;;;
2022-08-18 11:00:00;0.0;55.9351611030405;;63.65621376036474;;;;
2022-08-18 12:00:00;0.0;55.9351611030405;;65.08444261554291;;;;
2022-08-18 13:00:00;0.0;55.9351611030405;;65.40133523109697;;;;
2022-08-18 14:00:00;0.0;55.9351611030405;;64.58520475069385;;;;
2022-08-18 15:00:00;0.0;55.9351611030405;;62.68967724756473;;;;
2022-08-18 16:00:00;0.0;55.9351611030405;;59.84067335858028;;;;
2022-08-18 17:00:00;0.0;55.9351611030405;;56.22789234648845;;;;
2022-08-18 18:00:00;0.0;55.9351611030405;;52.08939507768285;;;;
2022-08-18 19:00:00;0.0;55.9351611030405;;50.0;;;;
2022-08-18 20:00:00;0.0;55.9351611030405;;50.0;;;;
2022-08-18 21:00:00;0.0;55.9351611030405;;50.0;;;;
2022-08-18 22:00:00;0.0;55.9351611030405;;50.0;;;;
2022-08-18 23:00:00;0.0;55.9351611030405;;50.0;;;;
2022-08-19 00:00:00;0.0;55.9351611030405;;50.0;;;;
2022-08-19 01:00:00;0.0;55.9351611030405;;50.0;;;;
2022-08-19 02:00:00;0.0;55.9351611030405;;50.0;;;;
2022-08-19 03:00:00;0.0;55.9351611030405;;50.0;;;;
2022-08-19 04:00:00;0.0;55.9351611030405;;50.0;;;;
2022-08-19 05:00:00;0.0;55.9351611030405;;50.0;;;;
2022-08-19 06:00:00;0.0;55.9351611030405;;50.0;;;;
2022-08-19 07:00:00;0.0;55.9351611030405;;50.07380683779193;;;;
2022-08-19 08:00:00;0.0;55.9351611030405;;54.72298622674533;;;;
2022-08-19 09:00:00;0.0;55.9351611030405;;59.12321198233808;;;;
2022-08-19 10:00:00;0.0;55.9351611030405;;62.98970482786454;;;;
2022-08-19 11:00:00;0.0;55.9351611030405;;66.07048278595163;;;;
2022-08-19 12:00:00;0.0;55.9351611030405;;68.16529886106588;;;;
2022-08-19 13:00:00;0.0;55.9351611030405;;69.13746334052806;;;;
2022-08-19 14:00:00;0.0;55.9351611030405;;68.92848517574029;;;;
2022-08-19 15:00:00;0.0;55.9351611030405;;67.55570541187757;;;;
2022-08-19 16:00:00;0.0;55.9351611030405;;65.11611801724904;;;;
2022-08-19 17:00:00;0.0;55.9351611030405;;61.78215945789761;;;;
2022-08-19 18:00:00;0.0;55.9351611030405;;57.7901953506181;;;;
2022-08-19 19:00:00;0.0;55.9351611030405;;53.42699168951263;;;;
2022-08-19 20:00:00;0.0;55.9351611030405;;50.0;;;;
2022-08-19 21:00:00;0.0;55.9351611030405;;50.0;;;;
2022-08-19 22:00:00;0.0;55.9351611030405;;50.0;;;;
2022-08-19 23:00:00;0.0;55.9351611030405;;50.0;;;;
2022-08-20 00:00:00;0.0;55.9351611030405;;50.0;;;;
2022-08-20 01:00:00;0.0;55.9351611030405;;50.0;;;;
2022-08-20 02:00:00;0.0;55.9351611030405;;50.0;;;;
2022-08-20 03:00:00;0.0;55.9351611030405;;50.0;;;;
2022-08-20 04:00:00;0.0;55.9351611030405;;50.0;;;;
2022-08-20 05:00:00;0.0;55.9351611030405;;50.0;;;;
2022-08-20 06:00:00;0.0;55.9351611030405;;53.81987495169811;;;;
2022-08-20 07:00:00;0.0;55.9351611030405;;59.46436987280384;;;;
2022-08-20 08:00:00;0.0;55.9351611030405;;65.15817082228457;;;;
2022-08-20 09:00:00;0.0;55.9351611030405;;70.53169229016714;;;;
2022-08-20 10:00:00;0.0;55.9351611030405;;75.23192309975867;;;;
2022-08-20 11:00:00;0.0;55.9351611030405;;78.94286430627453;;;;
2022-08-20 12:00:00;0.0;55.9351611030405;;81.41403416032993;;;;
2022-08-20 13:00:00;0.0;55.9351611030405;;82.48112128959912;;;;
2022-08-20 14:00:00;0.0;55.9351611030405;;82.07597524893829;;;;
2022-08-20 15:00:00;0.0;55.9351611030405;;80.23327101785465;;;;
2022-08-20 16:00:00;0.0;55.9351611030405;;77.0874659087307;;;;
2022-08-20 17:00:00;0.0;55.9351611030405;;72.86086024333666;;;;
2022-08-20 18:00:00;0.0;55.9351611030405;;67.85227671088529;;;;
2022-08-20 19:00:00;0.0;55.9351611030405;;62.41298904464364;;;;
2022-08-20 20:00:00;0.0;55.9351611030405;;56.92855326831128;;;;
2022-08-20 21:00:00;0.0;55.9351611030405;;51.78547735270931;;;;
2022-08-20 22:00:00;0.0;55.9351611030405;;50.0;;;;
2022-08-20 23:00:00;0.0;55.9351611030405;;50.0;;;;
2022-08-21 00:00:00;0.0;55.9351611030405;;50.0;;;;
2022-08-21 01:00:00;0.0;55.9351611030405;;50.0;;;;
2022-08-21 02:00:00;0.0;55.9351611030405;;50.0;;;;
2022-08-21 03:00:00;0.0;55.9351611030405;;50.0;;;;
2022-08-21 04:00:00;0.0;55.9351611030405;;50.0;;;;
2022-08-21 05:00:00;0.0;55.9351611030405;;50.67652736455832;;;;
2022-08-21 06:00:00;0.0;55.9351611030405;;55.65296203592263;;;;
2022-08-21 07:00:00;0.0;55.9351611030405;;60.95944717554881;;;;
2022-08-21 08:00:00;0.0;55.9351611030405;;66.22579161324148;;;;
2022-08-21 09:00:00;0.0;55.9351611030405;;71.07970645824159;;;;
2022-08-21 10:00:00;0.0;55.9351611030405;;75.18066494880837;;;;
2022-08-21 11:00:00;0.0;55.9351611030405;;78.24461758912246;;;;
2022-08-21 12:00:00;0.0;55.9351611030405;;80.05443025930367;;;;
2022-08-21 13:00:00;0.0;55.9351611030405;;80.48626679275179;;;;
2022-08-21 14:00:00;0.0;55.9351611030405;;79.5001922336804;;;;
2022-08-21 15:00:00;0.0;55.9351611030405;;77.16817066132505;;;;
2022-08-21 16:00:00;0.0;55.9351611030405;;73.64744365124174;;;;
2022-08-21 17:00:00;0.0;55.9351611030405;;69.17461569989277;;;;
2022-08-21 18:00:00;0.0;55.9351611030405;;64.04215032807785;;;;
2022-08-21 19:00:00;0.0;55.9351611030405;;58.58705731793692;;;;
2022-08-21 20:00:00;0.0;55.9351611030405;;53.17217162643573;;;;
2022-08-21 21:00:00;0.0;55.9351611030405;;50.0;;;;
2022-08-21 22:00:00;0.0;55.9351611030405;;50.0;;;;
2022-08-21 23:00:00;0.0;55.9351611030405;;50.0;;;;
2022-08-22 00:00:00;0.0;55.9351611030405;;50.0;;;;
2022-08-22 01:00:00;0.0;55.9351611030405;;50.0;;;;
2022-08-22 02:00:00;0.0;55.9351611030405;;50.0;;;;
2022-08-22 03:00:00;0.0;55.9351611030405;;50.0;;;;
2022-08-22 04:00:00;0.0;55.9351611030405;;50.0;;;;
2022-08-22 05:00:00;0.0;55.9351611030405;;50.0;;;;
2022-08-22 06:00:00;0.0;55.9351611030405;;50.0;;;;
2022-08-22 07:00:00;0.0;55.9351611030405;;54.5739807029771;;;;
2022-08-22 08:00:00;0.0;55.9351611030405;;59.39266345196003;;;;
2022-08-22 09:00:00;0.0;55.9351611030405;;63.89164192222044;;;;
2022-08-22 10:00:00;0.0;55.9351611030405;;67.76511693141681;;;;
2022-08-22 11:00:00;0.0;55.9351611030405;;70.74793833277988;;;;
2022-08-22 12:00:00;0.0;55.9351611030405;;72.63653432963454;;;;
2022-08-22 13:00:00;0.0;55.9351611030405;;73.30243532842515;;;;
2022-08-22 14:00:00;0.0;55.9351611030405;;72.70679680696396;;;;
2022-08-22 15:00:00;0.0;55.9351611030405;;70.88898587951365;;;;
2022-08-22 16:00:00;0.0;55.9351611030405;;67.96955456368909;;;;
2022-08-22 17:00:00;0.0;55.9351611030405;;64.14342445659705;;;;
2022-08-22 18:00:00;0.0;55.9351611030405;;59.66921666536608;;;;
2022-08-22 19:00:00;0.0;55.9351611030405;;54.85680745025729;;;;
2022-08-22 20:00:00;0.0;55.9351611030405;;50.03413614687783;;;;
2022-08-22 21:00:00;0.0;55.9351611030405;;50.0;;;;
2022-08-22 22:00:00;0.0;55.9351611030405;;50.0;;;;
2022-08-22 23:00:00;0.0;55.9351611030405;;50.0;;;;
2022-08-23 00:00:00;0.0;55.9351611030405;;50.0;;;;
2022-08-23 01:00:00;0.0;55.9351611030405;;50.0;;;;
2022-08-23 02:00:00;0.0;55.9351611030405;;50.0;;;;
2022-08-23 03:00:00;0.0;55.9351611030405;;50.0;;;;
2022-08-23 04:00:00;0.0;55.9351611030405;;50.0;;;;
2022-08-23 05:00:00;0.0;55.9351611030405;;50.0;;;;
2022-08-23 06:00:00;0.0;55.9351611030405;;50.0;;;;
2022-08-23 07:00:00;0.0;55.9351611030405;;53.91595688678696;;;;
2022-08-23 08:00:00;0.0;55.9351611030405;;58.75764255302461;;;;
2022-08-23 09:00:00;0.0;55.9351611030405;;63.25789271880738;;;;
2022-08-23 10:00:00;0.0;55.9351611030405;;67.10824151157959;;;;
2022-08-23 11:00:00;0.0;55.9351611030405;;70.04281595483923;;;;
2022-08-23 12:00:00;0.0;55.9351611030405;;71.85801940311447;;;;
2022-08-23 13:00:00;0.0;55.9351611030405;;72.42374472682252;;;;
2022-08-23 14:00:00;0.0;55.9351611030405;;71.70075689780181;;;;
2022-08-23 15:00:00;0.0;55.9351611030405;;69.73617368363799;;;;
2022-08-23 16:00:00;0.0;55.9351611030405;;66.66591804941366;;;;
2022-08-23 17:00:00;0.0;55.9351611030405;;62.69594219498143;;;;
2022-08-23 18:00:00;0.0;55.9351611030405;;58.09849354350557;;;;
2022-08-23 19:00:00;0.0;55.9351611030405;;53.18038754879481;;;;
2022-08-23 20:00:00;0.0;55.9351611030405;;50.0;;;;
2022-08-23 21:00:00;0.0;55.9351611030405;;50.0;;;;
2022-08-23 22:00:00;0.0;55.9351611030405;;50.0;;;;
2022-08-23 23:00:00;0.0;55.9351611030405;;50.0;;;;
2022-08-24 00:00:00;0.0;55.9351611030405;;50.0;;;;
2022-08-24 01:00:00;0.0;55.9351611030405;;50.0;;;;
2022-08-24 02:00:00;0.0;55.9351611030405;;50.0;;;;
2022-08-24 03:00:00;0.0;55.9351611030405;;50.0;;;;
2022-08-24 04:00:00;0.0;55.9351611030405;;50.0;;;;
2022-08-24 05:00:00;0.0;55.9351611030405;;50.0;;;;
2022-08-24 06:00:00;0.0;55.9351611030405;;50.0;;;;
2022-08-24 07:00:00;0.0;55.9351611030405;;50.18172773540896;;;;
2022-08-24 08:00:00;0.0;55.9351611030405;;54.31024706072088;;;;
2022-08-24 09:00:00;0.0;55.9351611030405;;58.07836290779109;;;;
2022-08-24 10:00:00;0.0;55.9351611030405;;61.21340707704681;;;;
2022-08-24 11:00:00;0.0;55.9351611030405;;63.49350480799708;;;;
2022-08-24 12:00:00;0.0;55.9351611030405;;64.75404569925244;;;;
2022-08-24 13:00:00;0.0;55.9351611030405;;64.90168747653298;;;;
2022-08-24 14:00:00;0.0;55.9351611030405;;63.92102407693049;;;;
2022-08-24 15:00:00;0.0;55.9351611030405;;61.87504660367325;;;;
2022-08-24 16:00:00;0.0;55.9351611030405;;58.89742264411547;;;;
2022-08-24 17:00:00;0.0;55.9351611030405;;55.18483852446671;;;;
2022-08-24 18:00:00;0.0;55.9351611030405;;50.97818038819003;;;;
2022-08-24 19:00:00;0.0;55.9351611030405;;50.0;;;;
2022-08-24 20:00:00;0.0;55.9351611030405;;50.0;;;;
2022-08-24 21:00:00;0.0;55.9351611030405;;50.0;;;;
2022-08-24 22:00:00;0.0;55.9351611030405;;50.0;;;;
2022-08-24 23:00:00;0.0;55.9351611030405;;50.0;;;;
2022-08-25 00:00:00;0.0;55.9351611030405;;50.0;;;;
2022-08-25 01:00:00;0.0;55.9351611030405;;50.0;;;;
2022-08-25 02:00:00;0.0;55.9351611030405;;50.0;;;;
2022-08-25 03:00:00;0.0;55.9351611030405;;50.0;;;;
2022-08-25 04:00:00;0.0;55.9351611030405;;50.0;;;;
2022-08-25 05:00:00;0.0;55.9351611030405;;50.0;;;;
2022-08-25 06:00:00;0.0;55.9351611030405;;50.0;;;;
2022-08-25 07:00:00;0.0;55.9351611030405;;50.0;;;;
2022-08-25 08:00:00;0.0;55.9351611030405;;51.15746440505514;;;;
2022-08-25 09:00:00;0.0;55.9351611030405;;55.14531933466699;;;;
2022-08-25 10:00:00;0.0;55.9351611030405;;58.62355507656056;;;;
2022-08-25 11:00:00;0.0;55.9351611030405;;61.36063024874605;;;;
2022-08-25 12:00:00;0.0;55.9351611030405;;63.17970591203893;;;;
2022-08-25 13:00:00;0.0;55.9351611030405;;63.95987200076215;;;;
2022-08-25 14:00:00;0.0;55.9351611030405;;63.65444083260083;;;;
2022-08-25 15:00:00;0.0;55.9351611030405;;62.28286137209898;;;;
2022-08-25 16:00:00;0.0;55.9351611030405;;59.93679364488361;;;;
2022-08-25 17:00:00;0.0;55.9351611030405;;56.78122043258332;;;;
2022-08-25 18:00:00;0.0;55.9351611030405;;53.03700324539481;;;;
2022-08-25 19:00:00;0.0;55.9351611030405;;50.0;;;;
2022-08-25 20:00:00;0.0;55.9351611030405;;50.0;;;;
2022-08-25 21:00:00;0.0;55.9351611030405;;50.0;;;;
2022-08-25 22:00:00;0.0;55.9351611030405;;50.0;;;;
2022-08-25 23:00:00;0.0;55.9351611030405;;50.0;;;;
2022-08-26 00:00:00;0.0;55.9351611030405;;50.0;;;;
2022-08-26 01:00:00;0.0;55.9351611030405;;50.0;;;;
2022-08-26 02:00:00;0.0;55.9351611030405;;50.0;;;;
2022-08-26 03:00:00;0.0;55.9351611030405;;50.0;;;;
2022-08-26 04:00:00;0.0;55.9351611030405;;50.0;;;;
2022-08-26 05:00:00;0.0;55.9351611030405;;50.0;;;;
2022-08-26 06:00:00;0.0;55.9351611030405;;50.23159656717523;;;;
2022-08-26 07:00:00;0.0;55.9351611030405;;55.4988605836251;;;;
2022-08-26 08:00:00;0.0;55.9351611030405;;60.81756269383027;;;;
2022-08-26 09:00:00;0.0;55.9351611030405;;65.8390382037693;;;;
2022-08-26 10:00:00;0.0;55.9351611030405;;70.23400571439365;;;;
2022-08-26 11:00:00;0.0;55.9351611030405;;73.71163642538073;;;;
2022-08-26 12:00:00;0.0;55.9351611030405;;76.0427545186507;;;;
2022-08-26 13:00:00;0.0;55.9351611030405;;77.07090033178832;;;;
2022-08-26 14:00:00;0.0;55.9351611030405;;76.73068788707704;;;;
2022-08-26 15:00:00;0.0;55.9351611030405;;75.04822240904481;;;;
2022-08-26 16:00:00;0.0;55.9351611030405;;72.14439589536221;;;;
2022-08-26 17:00:00;0.0;55.9351611030405;;68.22684102197182;;;;
2022-08-26 18:00:00;0.0;55.9351611030405;;63.57398600204577;;;;
2022-08-26 19:00:00;0.0;55.9351611030405;;58.51576591451466;;;;
2022-08-26 20:00:00;0.0;55.9351611030405;;53.41165311693211;;;;
2022-08-26 21:00:00;0.0;55.9351611030405;;50.0;;;;
2022-08-26 22:00:00;0.0;55.9351611030405;;50.0;;;;
2022-08-26 23:00:00;0.0;55.9351611030405;;50.0;;;;
2022-08-27 00:00:00;0.0;55.9351611030405;;50.0;;;;
2022-08-27 01:00:00;0.0;55.9351611030405;;50.0;;;;
2022-08-27 02:00:00;0.0;55.9351611030405;;50.0;;;;
2022-08-27 03:00:00;0.0;55.9351611030405;;50.0;;;;
2022-08-27 04:00:00;0.0;55.9351611030405;;50.0;;;;
2022-08-27 05:00:00;0.0;55.9351611030405;;50.0;;;;
2022-08-27 06:00:00;0.0;55.9351611030405;;54.87187246368771;;;;
2022-08-27 07:00:00;0.0;55.9351611030405;;60.19604100974466;;;;
2022-08-27 08:00:00;0.0;55.9351611030405;;65.49713362288358;;;;
2022-08-27 09:00:00;0.0;55.9351611030405;;70.40935928787596;;;;
2022-08-27 10:00:00;0.0;55.9351611030405;;74.59177346568711;;;;
2022-08-27 11:00:00;0.0;55.9351611030405;;77.76215953880771;;;;
2022-08-27 12:00:00;0.0;55.9351611030405;;79.70099670439834;;;;
2022-08-27 13:00:00;0.0;55.9351611030405;;80.27427715146914;;;;
2022-08-27 14:00:00;0.0;55.9351611030405;;79.4424807083328;;;;
2022-08-27 15:00:00;0.0;55.9351611030405;;77.26431200489483;;;;
2022-08-27 16:00:00;0.0;55.9351611030405;;73.88871667858149;;;;
2022-08-27 17:00:00;0.0;55.9351611030405;;69.54246080789328;;;;
2022-08-27 18:00:00;0.0;55.9351611030405;;64.51638162012696;;;;
2022-08-27 19:00:00;0.0;55.9351611030405;;59.14976097547631;;;;
2022-08-27 20:00:00;0.0;55.9351611030405;;53.8046568989791;;;;
2022-08-27 21:00:00;0.0;55.9351611030405;;50.0;;;;
2022-08-27 22:00:00;0.0;55.9351611030405;;50.0;;;;
2022-08-27 23:00:00;0.0;55.9351611030405;;50.0;;;;
2022-08-28 00:00:00;0.0;55.9351611030405;;50.0;;;;
2022-08-28 01:00:00;0.0;55.9351611030405;;50.0;;;;
2022-08-28 02:00:00;0.0;55.9351611030405;;50.0;;;;
2022-08-28 03:00:00;0.0;55.9351611030405;;50.0;;;;
2022-08-28 04:00:00;0.0;55.9351611030405;;50.0;;;;
2022-08-28 05:00:00;0.0;55.9351611030405;;50.0;;;;
2022-08-28 06:00:00;0.0;55.9351611030405;;52.95208295946851;;;;
2022-08-28 07:00:00;0.0;55.9351611030405;;58.22423550125812;;;;
2022-08-28 08:00:00;0.0;55.9351611030405;;63.52859441169421;;;;
2022-08-28 09:00:00;0.0;55.9351611030405;;68.51196524346483;;;;
2022-08-28 10:00:00;0.0;55.9351611030405;;72.84495790222815;;;;
2022-08-28 11:00:00;0.0;55.9351611030405;;76.23484177587794;;;;
2022-08-28 12:00:00;0.0;55.9351611030405;;78.46036805130302;;;;
2022-08-28 13:00:00;0.0;55.9351611030405;;79.37031197204145;;;;
2022-08-28 14:00:00;0.0;55.9351611030405;;78.9101344466815;;;;
2022-08-28 15:00:00;0.0;55.9351611030405;;77.10913355606567;;;;
2022-08-28 16:00:00;0.0;55.9351611030405;;74.09546712675473;;;;
2022-08-28 17:00:00;0.0;55.9351611030405;;70.07607306989983;;;;
2022-08-28 18:00:00;0.0;55.9351611030405;;65.33300671681383;;;;
2022-08-28 19:00:00;0.0;55.9351611030405;;60.19524142203031;;;;
2022-08-28 20:00:00;0.0;55.9351611030405;;55.0217628941769;;;;
2022-08-28 21:00:00;0.0;55.9351611030405;;50.17857229875445;;;;
2022-08-28 22:00:00;0.0;55.9351611030405;;50.0;;;;
2022-08-28 23:00:00;0.0;55.9351611030405;;50.0;;;;
2022-08-29 00:00:00;0.0;55.9351611030405;;50.0;;;;
2022-08-29 01:00:00;0.0;55.9351611030405;;50.0;;;;
2022-08-29 02:00:00;0.0;55.9351611030405;;50.0;;;;
2022-08-29 03:00:00;0.0;55.9351611030405;;50.0;;;;
2022-08-29 04:00:00;0.0;55.9351611030405;;50.0;;;;
2022-08-29 05:00:00;0.0;55.9351611030405;;50.0;;;;
2022-08-29 06:00:00;0.0;55.9351611030405;;54.52971277925433;;;;
2022-08-29 07:00:00;0.0;55.9351611030405;;60.00140947302191;;;;
2022-08-29 08:00:00;0.0;55.9351611030405;;65.47881224261442;;;;
2022-08-29 09:00:00;0.0;55.9351611030405;;70.58607953988754;;;;
2022-08-29 10:00:00;0.0;55.9351611030405;;74.97336599149234;;;;
2022-08-29 11:00:00;0.0;55.9351611030405;;78.34106883018882;;;;
2022-08-29 12:00:00;0.0;55.9351611030405;;80.45685824505034;;;;
2022-08-29 13:00:00;0.0;55.9351611030405;;81.17604515571944;;;;
2022-08-29 14:00:00;0.0;55.9351611030405;;80.4434702929386;;;;
2022-08-29 15:00:00;0.0;55.9351611030405;;78.31141219161674;;;;
2022-08-29 16:00:00;0.0;55.9351611030405;;74.92353117057245;;;;
2022-08-29 17:00:00;0.0;55.9351611030405;;70.5154189044191;;;;
2022-08-29 18:00:00;0.0;55.9351611030405;;65.38823819731824;;;;
2022-08-29 19:00:00;0.0;55.9351611030405;;59.88944773747798;;;;
2022-08-29 20:00:00;0.0;55.9351611030405;;54.39349758496606;;;;
2022-08-29 21:00:00;0.0;55.9351611030405;;50.0;;;;
2022-08-29 22:00:00;0.0;55.9351611030405;;50.0;;;;
2022-08-29 23:00:00;0.0;55.9351611030405;;50.0;;;;
2022-08-30 00:00:00;0.0;55.9351611030405;;50.0;;;;
2022-08-30 01:00:00;0.0;55.9351611030405;;50.0;;;;
2022-08-30 02:00:00;0.0;55.9351611030405;;50.0;;;;
2022-08-30 03:00:00;0.0;55.9351611030405;;50.0;;;;
2022-08-30 04:00:00;0.0;55.9351611030405;;50.0;;;;
2022-08-30 05:00:00;0.0;55.9351611030405;;50.0;;;;
2022-08-30 06:00:00;0.0;55.9351611030405;;50.08636061174491;;;;
2022-08-30 07:00:00;0.0;55.9351611030405;;54.63705182621061;;;;
2022-08-30 08:00:00;0.0;55.9351611030405;;59.11678838942568;;;;
2022-08-30 09:00:00;0.0;55.9351611030405;;63.1952665807377;;;;
2022-08-30 10:00:00;0.0;55.9351611030405;;66.57692534169598;;;;
2022-08-30 11:00:00;0.0;55.9351611030405;;69.0185150034434;;;;
2022-08-30 12:00:00;0.0;55.9351611030405;;70.33999780717141;;;;
2022-08-30 13:00:00;0.0;55.9351611030405;;70.44473800448566;;;;
2022-08-30 14:00:00;0.0;55.9351611030405;;69.319998074262;;;;
2022-08-30 15:00:00;0.0;55.9351611030405;;67.03813807801467;;;;
2022-08-30 16:00:00;0.0;55.9351611030405;;63.74705398152375;;;;
2022-08-30 17:00:00;0.0;55.9351611030405;;59.6576949067523;;;;
2022-08-30 18:00:00;0.0;55.9351611030405;;55.03648791768414;;;;
2022-08-30 19:00:00;0.0;55.9351611030405;;50.18146465508345;;;;
2022-08-30 20:00:00;0.0;55.9351611030405;;50.0;;;;
2022-08-30 21:00:00;0.0;55.9351611030405;;50.0;;;;
2022-08-30 22:00:00;0.0;55.9351611030405;;50.0;;;;
2022-08-30 23:00:00;0.0;55.9351611030405;;50.0;;;;
2022-08-31 00:00:00;0.0;55.9351611030405;;50.0;;;;
2022-08-31 01:00:00;0.0;55.9351611030405;;50.0;;;;
2022-08-31 02:00:00;0.0;55.9351611030405;;50.0;;;;
2022-08-31 03:00:00;0.0;55.9351611030405;;50.0;;;;
2022-08-31 04:00:00;0.0;55.9351611030405;;50.0;;;;
2022-08-31 05:00:00;0.0;55.9351611030405;;50.0;;;;
2022-08-31 06:00:00;0.0;55.9351611030405;;50.0;;;;
2022-08-31 07:00:00;0.0;55.9351611030405;;50.0;;;;
2022-08-31 08:00:00;0.0;55.9351611030405;;51.67787105189704;;;;
2022-08-31 09:00:00;0.0;55.9351611030405;;55.55218076112256;;;;
2022-08-31 10:00:00;0.0;55.9351611030405;;58.89009931746297;;;;
2022-08-31 11:00:00;0.0;55.9351611030405;;61.46631917660422;;;;
2022-08-31 12:00:00;0.0;55.9351611030405;;63.103673542187;;;;
2022-08-31 13:00:00;0.0;55.9351611030405;;63.69401561933036;;;;
2022-08-31 14:00:00;0.0;55.9351611030405;;63.19834428996234;;;;
2022-08-31 15:00:00;0.0;55.9351611030405;;61.64997000591152;;;;
2022-08-31 16:00:00;0.0;55.9351611030405;;59.15283040478103;;;;
2022-08-31 17:00:00;0.0;55.9351611030405;;55.87407064586755;;;;
2022-08-31 18:00:00;0.0;55.9351611030405;;52.03849499267336;;;;
2022-08-31 19:00:00;0.0;55.9351611030405;;50.0;;;;
2022-08-31 20:00:00;0.0;55.9351611030405;;50.0;;;;
2022-08-31 21:00:00;0.0;55.9351611030405;;50.0;;;;
2022-08-31 22:00:00;0.0;55.9351611030405;;50.0;;;;
2022-08-31 23:00:00;0.0;55.9351611030405;;50.0;;;;
2022-09-01 00:00:00;0.0;55.9351611030405;;50.0;;;;
2022-09-01 01:00:00;0.0;55.9351611030405;;50.0;;;;
2022-09-01 02:00:00;0.0;55.9351611030405;;50.0;;;;
2022-09-01 03:00:00;0.0;55.9351611030405;;50.0;;;;
2022-09-01 04:00:00;0.0;55.9351611030405;;50.0;;;;
2022-09-01 05:00:00;0.0;55.9351611030405;;50.0;;;;
2022-09-01 06:00:00;0.0;55.9351611030405;;50.0;;;;
2022-09-01 07:00:00;0.0;55.9351611030405;;52.25708750115897;;;;
2022-09-01 08:00:00;0.0;55.9351611030405;;57.13845894513076;;;;
2022-09-01 09:00:00;0.0;55.9351611030405;;61.72495256834066;;;;
2022-09-01 10:00:00;0.0;55.9351611030405;;65.71256891216856;;;;
2022-09-01 11:00:00;0.0;55.9351611030405;;68.83297730716203;;;;
2022-09-01 12:00:00;0.0;55.9351611030405;;70.87425835374889;;;;
2022-09-01 13:00:00;0.0;55.9351611030405;;71.70086041460283;;;;
2022-09-01 14:00:00;0.0;55.9351611030405;;71.25827812584285;;;;
2022-09-01 15:00:00;0.0;55.9351611030405;;69.57732391989651;;;;
2022-09-01 16:00:00;0.0;55.9351611030405;;66.77746016661767;;;;
2022-09-01 17:00:00;0.0;55.9351611030405;;63.05224397706471;;;;
2022-09-01 18:00:00;0.0;55.9351611030405;;58.66645028855535;;;;
2022-09-01 19:00:00;0.0;55.9351611030405;;53.9226522702982;;;;
2022-09-01 20:00:00;0.0;55.9351611030405;;50.0;;;;
2022-09-01 21:00:00;0.0;55.9351611030405;;50.0;;;;
2022-09-01 22:00:00;0.0;55.9351611030405;;50.0;;;;
2022-09-01 23:00:00;0.0;55.9351611030405;;50.0;;;;
2022-09-02 00:00:00;0.0;55.9351611030405;;50.0;;;;
2022-09-02 01:00:00;0.0;55.9351611030405;;50.0;;;;
2022-09-02 02:00:00;0.0;55.9351611030405;;50.0;;;;
2022-09-02 03:00:00;0.0;55.9351611030405;;50.0;;;;
2022-09-02 04:00:00;0.0;55.9351611030405;;50.0;;;;
2022-09-02 05:00:00;0.0;55.9351611030405;;50.0;;;;
2022-09-02 06:00:00;0.0;55.9351611030405;;51.2756988331851;;;;
2022-09-02 07:00:00;0.0;55.9351611030405;;56.21504283434599;;;;
2022-09-02 08:00:00;0.0;55.9351611030405;;61.13296146576376;;;;
2022-09-02 09:00:00;0.0;55.9351611030405;;65.68867732658731;;;;
2022-09-02 10:00:00;0.0;55.9351611030405;;69.56997628020446;;;;
2022-09-02 11:00:00;0.0;55.9351611030405;;72.51018902041261;;;;
2022-09-02 12:00:00;0.0;55.9351611030405;;74.3097369266539;;;;
2022-09-02 13:00:00;0.0;55.9351611030405;;74.84283251858517;;;;
2022-09-02 14:00:00;0.0;55.9351611030405;;74.0743766173185;;;;
2022-09-02 15:00:00;0.0;55.9351611030405;;72.05531400186085;;;;
2022-09-02 16:00:00;0.0;55.9351611030405;;68.92356516888692;;;;
2022-09-02 17:00:00;0.0;55.9351611030405;;64.88904213567002;;;;
2022-09-02 18:00:00;0.0;55.9351611030405;;60.22436853714956;;;;
2022-09-02 19:00:00;0.0;55.9351611030405;;55.24461931497763;;;;
2022-09-02 20:00:00;0.0;55.9351611030405;;50.28550607208029;;;;
2022-09-02 21:00:00;0.0;55.9351611030405;;50.0;;;;
2022-09-02 22:00:00;0.0;55.9351611030405;;50.0;;;;
2022-09-02 23:00:00;0.0;55.9351611030405;;50.0;;;;
2022-09-03 00:00:00;0.0;55.9351611030405;;50.0;;;;
2022-09-03 01:00:00;0.0;55.9351611030405;;50.0;;;;
2022-09-03 02:00:00;0.0;55.9351611030405;;50.0;;;;
2022-09-03 03:00:00;0.0;55.9351611030405;;50.0;;;;
2022-09-03 04:00:00;0.0;55.9351611030405;;50.0;;;;
2022-09-03 05:00:00;0.0;55.9351611030405;;50.0;;;;
2022-09-03 06:00:00;0.0;55.9351611030405;;52.07616522831806;;;;
2022-09-03 07:00:00;0.0;55.9351611030405;;57.36690988603453;;;;
2022-09-03 08:00:00;0.0;55.9351611030405;;62.71358754067656;;;;
2022-09-03 09:00:00;0.0;55.9351611030405;;67.7681845641695;;;;
2022-09-03 10:00:00;0.0;55.9351611030405;;72.1976981635502;;;;
2022-09-03 11:00:00;0.0;55.9351611030405;;75.71520988650485;;;;
2022-09-03 12:00:00;0.0;55.9351611030405;;78.09298827458942;;;;
2022-09-03 13:00:00;0.0;55.9351611030405;;79.17882754293436;;;;
2022-09-03 14:00:00;0.0;55.9351611030405;;78.89953439547223;;;;
2022-09-03 15:00:00;0.0;55.9351611030405;;77.28225423352745;;;;
2022-09-03 16:00:00;0.0;55.9351611030405;;74.43843504690615;;;;
2022-09-03 17:00:00;0.0;55.9351611030405;;70.56830399779876;;;;
2022-09-03 18:00:00;0.0;55.9351611030405;;65.94387459630525;;;;
2022-09-03 19:00:00;0.0;55.9351611030405;;60.89869537950491;;;;
2022-09-03 20:00:00;0.0;55.9351611030405;;55.79569882753857;;;;
2022-09-03 21:00:00;0.0;55.9351611030405;;51.00858652973309;;;;
2022-09-03 22:00:00;0.0;55.9351611030405;;50.0;;;;
2022-09-03 23:00:00;0.0;55.9351611030405;;50.0;;;;
2022-09-04 00:00:00;0.0;55.9351611030405;;50.0;;;;
2022-09-04 01:00:00;0.0;55.9351611030405;;50.0;;;;
2022-09-04 02:00:00;0.0;55.9351611030405;;50.0;;;;
2022-09-04 03:00:00;0.0;55.9351611030405;;50.0;;;;
2022-09-04 04:00:00;0.0;55.9351611030405;;50.0;;;;
2022-09-04 05:00:00;0.0;55.9351611030405;;52.57531262748621;;;;
2022-09-04 06:00:00;0.0;55.9351611030405;;58.13526870788505;;;;
2022-09-04 07:00:00;0.0;55.9351611030405;;64.11944386204485;;;;
2022-09-04 08:00:00;0.0;55.9351611030405;;70.13187888756119;;;;
2022-09-04 09:00:00;0.0;55.9351611030405;;75.77365393138004;;;;
2022-09-04 10:00:00;0.0;55.9351611030405;;80.66635384832307;;;;
2022-09-04 11:00:00;0.0;55.9351611030405;;84.47919720617558;;;;
2022-09-04 12:00:00;0.0;55.9351611030405;;86.95226350695435;;;;
2022-09-04 13:00:00;0.0;55.9351611030405;;87.9187360308704;;;;
2022-09-04 14:00:00;0.0;55.9351611030405;;87.31536271630009;;;;
2022-09-04 15:00:00;0.0;55.9351611030405;;85.18545408740249;;;;
2022-09-04 16:00:00;0.0;55.9351611030405;;81.6772032018284;;;;
2022-09-04 17:00:00;0.0;55.9351611030405;;77.0337850852787;;;;
2022-09-04 18:00:00;0.0;55.9351611030405;;71.58108543654754;;;;
2022-09-04 19:00:00;0.0;55.9351611030405;;65.69762726735692;;;;
2022-09-04 20:00:00;0.0;55.9351611030405;;59.79310113764386;;;;
2022-09-04 21:00:00;0.0;55.9351611030405;;54.27187552086034;;;;
2022-09-04 22:00:00;0.0;55.9351611030405;;50.0;;;;
2022-09-04 23:00:00;0.0;55.9351611030405;;50.0;;;;
2022-09-05 00:00:00;0.0;55.9351611030405;;50.0;;;;
2022-09-05 01:00:00;0.0;55.9351611030405;;50.0;;;;
2022-09-05 02:00:00;0.0;55.9351611030405;;50.0;;;;
2022-09-05 03:00:00;0.0;55.9351611030405;;50.0;;;;
2022-09-05 04:00:00;0.0;55.9351611030405;;50.0;;;;
2022-09-05 05:00:00;0.0;55.9351611030405;;50.894531998947;;;;
2022-09-05 06:00:00;0.0;55.9351611030405;;55.75893528756791;;;;
2022-09-05 07:00:00;0.0;55.9351611030405;;60.93555198526651;;;;
2022-09-05 08:00:00;0.0;55.9351611030405;;66.04462902890961;;;;
2022-09-05 09:00:00;0.0;55.9351611030405;;70.71523673153582;;;;
2022-09-05 10:00:00;0.0;55.9351611030405;;74.61506731794135;;;;
2022-09-05 11:00:00;0.0;55.9351611030405;;77.46828229545879;;;;
2022-09-05 12:00:00;0.0;55.9351611030405;;79.07054208348484;;;;
2022-09-05 13:00:00;0.0;55.9351611030405;;79.30263166946344;;;;
2022-09-05 14:00:00;0.0;55.9351611030405;;78.14556190315562;;;;
2022-09-05 15:00:00;0.0;55.9351611030405;;75.67236048258631;;;;
2022-09-05 16:00:00;0.0;55.9351611030405;;72.0471509103104;;;;
2022-09-05 17:00:00;0.0;55.9351611030405;;67.5037571432351;;;;
2022-09-05 18:00:00;0.0;55.9351611030405;;62.34451387167537;;;;
2022-09-05 19:00:00;0.0;55.9351611030405;;56.89984924621568;;;;
2022-09-05 20:00:00;0.0;55.9351611030405;;51.52223642155741;;;;
2022-09-05 21:00:00;0.0;55.9351611030405;;50.0;;;;
2022-09-05 22:00:00;0.0;55.9351611030405;;50.0;;;;
2022-09-05 23:00:00;0.0;55.9351611030405;;50.0;;;;
2022-09-06 00:00:00;0.0;55.9351611030405;;50.0;;;;
2022-09-06 01:00:00;0.0;55.9351611030405;;50.0;;;;
2022-09-06 02:00:00;0.0;55.9351611030405;;50.0;;;;
2022-09-06 03:00:00;0.0;55.9351611030405;;50.0;;;;
2022-09-06 04:00:00;0.0;55.9351611030405;;50.0;;;;
2022-09-06 05:00:00;0.0;55.9351611030405;;50.0;;;;
2022-09-06 06:00:00;0.0;55.9351611030405;;50.0;;;;
2022-09-06 07:00:00;0.0;55.9351611030405;;52.10436691909209;;;;
2022-09-06 08:00:00;0.0;55.9351611030405;;56.61874995645913;;;;
2022-09-06 09:00:00;0.0;55.9351611030405;;60.81648375150856;;;;
2022-09-06 10:00:00;0.0;55.9351611030405;;64.41015309807227;;;;
2022-09-06 11:00:00;0.0;55.9351611030405;;67.15426016207851;;;;
2022-09-06 12:00:00;0.0;55.9351611030405;;68.86616252873526;;;;
2022-09-06 13:00:00;0.0;55.9351611030405;;69.4280463784589;;;;
2022-09-06 14:00:00;0.0;55.9351611030405;;68.80184415119038;;;;
2022-09-06 15:00:00;0.0;55.9351611030405;;67.02283249882476;;;;
2022-09-06 16:00:00;0.0;55.9351611030405;;64.21048969818764;;;;
2022-09-06 17:00:00;0.0;55.9351611030405;;60.55380587058763;;;;
2022-09-06 18:00:00;0.0;55.9351611030405;;56.29846399773632;;;;
2022-09-06 19:00:00;0.0;55.9351611030405;;51.73376604692399;;;;
2022-09-06 20:00:00;0.0;55.9351611030405;;50.0;;;;
2022-09-06 21:00:00;0.0;55.9351611030405;;50.0;;;;
2022-09-06 22:00:00;0.0;55.9351611030405;;50.0;;;;
2022-09-06 23:00:00;0.0;55.9351611030405;;50.0;;;;
2022-09-07 00:00:00;0.0;55.9351611030405;;50.0;;;;
2022-09-07 01:00:00;0.0;55.9351611030405;;50.0;;;;
2022-09-07 02:00:00;0.0;55.9351611030405;;50.0;;;;
2022-09-07 03:00:00;0.0;55.9351611030405;;50.0;;;;
2022-09-07 04:00:00;0.0;55.9351611030405;;50.0;;;;
2022-09-07 05:00:00;0.0;55.9351611030405;;50.0;;;;
2022-09-07 06:00:00;0.0;55.9351611030405;;50.0;;;;
2022-09-07 07:00:00;0.0;55.9351611030405;;52.92036251883613;;;;
2022-09-07 08:00:00;0.0;55.9351611030405;;57.71349091062554;;;;
2022-09-07 09:00:00;0.0;55.9351611030405;;62.1832309637512;;;;
2022-09-07 10:00:00;0.0;55.9351611030405;;66.02796177774516;;;;
2022-09-07 11:00:00;0.0;55.9351611030405;;68.98577500374462;;;;
2022-09-07 12:00:00;0.0;55.9351611030405;;70.85041145361393;;;;
2022-09-07 13:00:00;0.0;55.9351611030405;;71.49200055965684;;;;
2022-09-07 14:00:00;0.0;55.9351611030405;;70.86137671869301;;;;
2022-09-07 15:00:00;0.0;55.9351611030405;;69.00643374043977;;;;
2022-09-07 16:00:00;0.0;55.9351611030405;;66.05332656085687;;;;
2022-09-07 17:00:00;0.0;55.9351611030405;;62.20656557206208;;;;
2022-09-07 18:00:00;0.0;55.9351611030405;;57.72518519869187;;;;
2022-09-07 19:00:00;0.0;55.9351611030405;;52.91733190873947;;;;
2022-09-07 20:00:00;0.0;55.9351611030405;;50.0;;;;
2022-09-07 21:00:00;0.0;55.9351611030405;;50.0;;;;
2022-09-07 22:00:00;0.0;55.9351611030405;;50.0;;;;
2022-09-07 23:00:00;0.0;55.9351611030405;;50.0;;;;
2022-09-08 00:00:00;0.0;55.9351611030405;;50.0;;;;
2022-09-08 01:00:00;0.0;55.9351611030405;;50.0;;;;
2022-09-08 02:00:00;0.0;55.9351611030405;;50.0;;;;
2022-09-08 03:00:00;0.0;55.9351611030405;;50.0;;;;
2022-09-08 04:00:00;0.0;55.9351611030405;;50.0;;;;
2022-09-08 05:00:00;0.0;55.9351611030405;;50.0;;;;
2022-09-08 06:00:00;0.0;55.9351611030405;;50.0;;;;
2022-09-08 07:00:00;0.0;55.9351611030405;;53.09711338506598;;;;
2022-09-08 08:00:00;0.0;55.9351611030405;;57.60482309692038;;;;
2022-09-08 09:00:00;0.0;55.9351611030405;;61.75051358422736;;;;
2022-09-08 10:00:00;0.0;55.9351611030405;;65.24385661076326;;;;
2022-09-08 11:00:00;0.0;55.9351611030405;;67.84458680435102;;;;
2022-09-08 12:00:00;0.0;55.9351611030405;;69.36965141197135;;;;
2022-09-08 13:00:00;0.0;55.9351611030405;;69.71314318660191;;;;
2022-09-08 14:00:00;0.0;55.9351611030405;;68.84624249626117;;;;
2022-09-08 15:00:00;0.0;55.9351611030405;;66.82671172231733;;;;
2022-09-08 16:00:00;0.0;55.9351611030405;;63.79102364233444;;;;
2022-09-08 17:00:00;0.0;55.9351611030405;;59.94063453772711;;;;
2022-09-08 18:00:00;0.0;55.9351611030405;;55.53115794653647;;;;
2022-09-08 19:00:00;0.0;55.9351611030405;;50.85153761915355;;;;
2022-09-08 20:00:00;0.0;55.9351611030405;;50.0;;;;
2022-09-08 21:00:00;0.0;55.9351611030405;;50.0;;;;
2022-09-08 22:00:00;0.0;55.9351611030405;;50.0;;;;
2022-09-08 23:00:00;0.0;55.9351611030405;;50.0;;;;
2022-09-09 00:00:00;0.0;55.9351611030405;;50.0;;;;
2022-09-09 01:00:00;0.0;55.9351611030405;;50.0;;;;
2022-09-09 02:00:00;0.0;55.9351611030405;;50.0;;;;
2022-09-09 03:00:00;0.0;55.9351611030405;;50.0;;;;
2022-09-09 04:00:00;0.0;55.9351611030405;;50.0;;;;
2022-09-09 05:00:00;0.0;55.9351611030405;;50.0;;;;
2022-09-09 06:00:00;0.0;55.9351611030405;;50.0;;;;
2022-09-09 07:00:00;0.0;55.9351611030405;;53.48445639567871;;;;
2022-09-09 08:00:00;0.0;55.9351611030405;;58.45129708353809;;;;
2022-09-09 09:00:00;0.0;55.9351611030405;;63.15259344067876;;;;
2022-09-09 10:00:00;0.0;55.9351611030405;;67.28406298057982;;;;
2022-09-09 11:00:00;0.0;55.9351611030405;;70.57690446504587;;;;
2022-09-09 12:00:00;0.0;55.9351611030405;;72.81672419649014;;;;
2022-09-09 13:00:00;0.0;55.9351611030405;;73.85723606492867;;;;
2022-09-09 14:00:00;0.0;55.9351611030405;;73.63260766204783;;;;
2022-09-09 15:00:00;0.0;55.9351611030405;;72.16267909368628;;;;
2022-09-09 16:00:00;0.0;55.9351611030405;;69.55485159030326;;;;
2022-09-09 17:00:00;0.0;55.9351611030405;;65.99274659164513;;;;
2022-09-09 18:00:00;0.0;55.9351611030405;;61.72901015821844;;;;
2022-09-09 19:00:00;0.0;55.9351611030405;;57.06773900031993;;;;
2022-09-09 20:00:00;0.0;55.9351611030405;;52.34818772769138;;;;
2022-09-09 21:00:00;0.0;55.9351611030405;;50.0;;;;
2022-09-09 22:00:00;0.0;55.9351611030405;;50.0;;;;
2022-09-09 23:00:00;0.0;55.9351611030405;;50.0;;;;
2022-09-10 00:00:00;0.0;55.9351611030405;;50.0;;;;
2022-09-10 01:00:00;0.0;55.9351611030405;;50.0;;;;
2022-09-10 02:00:00;0.0;55.9351611030405;;50.0;;;;
2022-09-10 03:00:00;0.0;55.9351611030405;;50.0;;;;
2022-09-10 04:00:00;0.0;55.9351611030405;;50.0;;;;
2022-09-10 05:00:00;0.0;55.9351611030405;;51.94456057871817;;;;
2022-09-10 06:00:00;0.0;55.9351611030405;;57.5354348279652;;;;
2022-09-10 07:00:00;0.0;55.9351611030405;;63.5684615055426;;;;
2022-09-10 08:00:00;0.0;55.9351611030405;;69.65697439917835;;;;
2022-09-10 09:00:00;0.0;55.9351611030405;;75.40297715402045;;;;
2022-09-10 10:00:00;0.0;55.9351611030405;;80.42491109648145;;;;
2022-09-10 11:00:00;0.0;55.9351611030405;;84.39035057450809;;;;
2022-09-10 12:00:00;0.0;55.9351611030405;;87.03460218296263;;;;
2022-09-10 13:00:00;0.0;55.9351611030405;;88.17942594502557;;;;
2022-09-10 14:00:00;0.0;55.9351611030405;;87.74650598125649;;;;
2022-09-10 15:00:00;0.0;55.9351611030405;;85.77084388780781;;;;
2022-09-10 16:00:00;0.0;55.9351611030405;;82.40070737945841;;;;
2022-09-10 17:00:00;0.0;55.9351611030405;;77.87650814784325;;;;
2022-09-10 18:00:00;0.0;55.9351611030405;;72.51872280211035;;;;
2022-09-10 19:00:00;0.0;55.9351611030405;;66.7016953346749;;;;
2022-09-10 20:00:00;0.0;55.9351611030405;;60.83782550540789;;;;
2022-09-10 21:00:00;0.0;55.9351611030405;;55.34226252497347;;;;
2022-09-10 22:00:00;0.0;55.9351611030405;;50.59973824696311;;;;
2022-09-10 23:00:00;0.0;55.9351611030405;;50.0;;;;
2022-09-11 00:00:00;0.0;55.9351611030405;;50.0;;;;
2022-09-11 01:00:00;0.0;55.9351611030405;;50.0;;;;
2022-09-11 02:00:00;0.0;55.9351611030405;;50.0;;;;
2022-09-11 03:00:00;0.0;55.9351611030405;;50.0;;;;
2022-09-11 04:00:00;0.0;55.9351611030405;;50.0;;;;
2022-09-11 05:00:00;0.0;55.9351611030405;;54.2307834171741;;;;
2022-09-11 06:00:00;0.0;55.9351611030405;;59.55710497346111;;;;
2022-09-11 07:00:00;0.0;55.9351611030405;;65.24125203011113;;;;
2022-09-11 08:00:00;0.0;55.9351611030405;;70.8811936966037;;;;
2022-09-11 09:00:00;0.0;55.9351611030405;;76.0783798333193;;;;
2022-09-11 10:00:00;0.0;55.9351611030405;;80.46737638263573;;;;
2022-09-11 11:00:00;0.0;55.9351611030405;;83.74512648601015;;;;
2022-09-11 12:00:00;0.0;55.9351611030405;;85.6770090494802;;;;
2022-09-11 13:00:00;0.0;55.9351611030405;;86.1307634101121;;;;
2022-09-11 14:00:00;0.0;55.9351611030405;;85.07357043689977;;;;
2022-09-11 15:00:00;0.0;55.9351611030405;;82.57697501584452;;;;
2022-09-11 16:00:00;0.0;55.9351611030405;;78.80577308549509;;;;
2022-09-11 17:00:00;0.0;55.9351611030405;;74.00975208787801;;;;
2022-09-11 18:00:00;0.0;55.9351611030405;;68.51227172866108;;;;
2022-09-11 19:00:00;0.0;55.9351611030405;;62.67618901133477;;;;
2022-09-11 20:00:00;0.0;55.9351611030405;;56.88662971330098;;;;
2022-09-11 21:00:00;0.0;55.9351611030405;;51.51928521697772;;;;
2022-09-11 22:00:00;0.0;55.9351611030405;;50.0;;;;
2022-09-11 23:00:00;0.0;55.9351611030405;;50.0;;;;
2022-09-12 00:00:00;0.0;55.9351611030405;;50.0;;;;
2022-09-12 01:00:00;0.0;55.9351611030405;;50.0;;;;
2022-09-12 02:00:00;0.0;55.9351611030405;;50.0;;;;
2022-09-12 03:00:00;0.0;55.9351611030405;;50.0;;;;
2022-09-12 04:00:00;0.0;55.9351611030405;;50.0;;;;
2022-09-12 05:00:00;0.0;55.9351611030405;;50.0;;;;
2022-09-12 06:00:00;0.0;55.9351611030405;;53.29927895808522;;;;
2022-09-12 07:00:00;0.0;55.9351611030405;;58.45599598442421;;;;
2022-09-12 08:00:00;0.0;55.9351611030405;;63.61920306835398;;;;
2022-09-12 09:00:00;0.0;55.9351611030405;;68.43601164680305;;;;
2022-09-12 10:00:00;0.0;55.9351611030405;;72.58092413852592;;;;
2022-09-12 11:00:00;0.0;55.9351611030405;;75.7738811982403;;;;
2022-09-12 12:00:00;0.0;55.9351611030405;;77.80055084315103;;;;
2022-09-12 13:00:00;0.0;55.9351611030405;;78.51959028135336;;;;
2022-09-12 14:00:00;0.0;55.9351611030405;;77.88131667703155;;;;
2022-09-12 15:00:00;0.0;55.9351611030405;;75.92595979967805;;;;
2022-09-12 16:00:00;0.0;55.9351611030405;;72.78971232706833;;;;
2022-09-12 17:00:00;0.0;55.9351611030405;;68.68715484583424;;;;
2022-09-12 18:00:00;0.0;55.9351611030405;;63.89781532856928;;;;
2022-09-12 19:00:00;0.0;55.9351611030405;;58.74737964701868;;;;
2022-09-12 20:00:00;0.0;55.9351611030405;;53.58611853317109;;;;
2022-09-12 21:00:00;0.0;55.9351611030405;;50.0;;;;
2022-09-12 22:00:00;0.0;55.9351611030405;;50.0;;;;
2022-09-12 23:00:00;0.0;55.9351611030405;;50.0;;;;
2022-09-13 00:00:00;0.0;55.9351611030405;;50.0;;;;
2022-09-13 01:00:00;0.0;55.9351611030405;;50.0;;;;
2022-09-13 02:00:00;0.0;55.9351611030405;;50.0;;;;
2022-09-13 03:00:00;0.0;55.9351611030405;;50.0;;;;
2022-09-13 04:00:00;0.0;55.9351611030405;;50.0;;;;
2022-09-13 05:00:00;0.0;55.9351611030405;;50.0;;;;
2022-09-13 06:00:00;0.0;55.9351611030405;;52.58655052683239;;;;
2022-09-13 07:00:00;0.0;55.9351611030405;;57.78343110839521;;;;
2022-09-13 08:00:00;0.0;55.9351611030405;;62.9700490544483;;;;
2022-09-13 09:00:00;0.0;55.9351611030405;;67.79254216640649;;;;
2022-09-13 10:00:00;0.0;55.9351611030405;;71.91607695099727;;;;
2022-09-13 11:00:00;0.0;55.9351611030405;;75.05631093296734;;;;
2022-09-13 12:00:00;0.0;55.9351611030405;;76.99555514090912;;;;
2022-09-13 13:00:00;0.0;55.9351611030405;;77.59671975373587;;;;
2022-09-13 14:00:00;0.0;55.9351611030405;;76.81821274907497;;;;
2022-09-13 15:00:00;0.0;55.9351611030405;;74.71096616658997;;;;
2022-09-13 16:00:00;0.0;55.9351611030405;;71.41945279305628;;;;
2022-09-13 17:00:00;0.0;55.9351611030405;;67.16825270083027;;;;
2022-09-13 18:00:00;0.0;55.9351611030405;;62.24038860159356;;;;
2022-09-13 19:00:00;0.0;55.9351611030405;;56.9705331781194;;;;
2022-09-13 20:00:00;0.0;55.9351611030405;;51.71144285327787;;;;
2022-09-13 21:00:00;0.0;55.9351611030405;;50.0;;;;
2022-09-13 22:00:00;0.0;55.9351611030405;;50.0;;;;
2022-09-13 23:00:00;0.0;55.9351611030405;;50.0;;;;
2022-09-14 00:00:00;0.0;55.9351611030405;;50.0;;;;
2022-09-14 01:00:00;0.0;55.9351611030405;;50.0;;;;
2022-09-14 02:00:00;0.0;55.9351611030405;;50.0;;;;
2022-09-14 03:00:00;0.0;55.9351611030405;;50.0;;;;
2022-09-14 04:00:00;0.0;55.9351611030405;;50.0;;;;
2022-09-14 05:00:00;0.0;55.9351611030405;;50.0;;;;
2022-09-14 06:00:00;0.0;55.9351611030405;;50.0;;;;
2022-09-14 07:00:00;0.0;55.9351611030405;;53.78818482867712;;;;
2022-09-14 08:00:00;0.0;55.9351611030405;;58.20932358348548;;;;
2022-09-14 09:00:00;0.0;55.9351611030405;;62.24544377953833;;;;
2022-09-14 10:00:00;0.0;55.9351611030405;;65.60481286417276;;;;
2022-09-14 11:00:00;0.0;55.9351611030405;;68.04347124152635;;;;
2022-09-14 12:00:00;0.0;55.9351611030405;;69.38877328449333;;;;
2022-09-14 13:00:00;0.0;55.9351611030405;;69.54574550940734;;;;
2022-09-14 14:00:00;0.0;55.9351611030405;;68.50112340008378;;;;
2022-09-14 15:00:00;0.0;55.9351611030405;;66.31717220629868;;;;
2022-09-14 16:00:00;0.0;55.9351611030405;;63.13150757863544;;;;
2022-09-14 17:00:00;0.0;55.9351611030405;;59.15098085083117;;;;
2022-09-14 18:00:00;0.0;55.9351611030405;;54.63814776416773;;;;
2022-09-14 19:00:00;0.0;55.9351611030405;;50.0;;;;
2022-09-14 20:00:00;0.0;55.9351611030405;;50.0;;;;
2022-09-14 21:00:00;0.0;55.9351611030405;;50.0;;;;
2022-09-14 22:00:00;0.0;55.9351611030405;;50.0;;;;
2022-09-14 23:00:00;0.0;55.9351611030405;;50.0;;;;
2022-09-15 00:00:00;0.0;55.9351611030405;;50.0;;;;
2022-09-15 01:00:00;0.0;55.9351611030405;;50.0;;;;
2022-09-15 02:00:00;0.0;55.9351611030405;;50.0;;;;
2022-09-15 03:00:00;0.0;55.9351611030405;;50.0;;;;
2022-09-15 04:00:00;0.0;55.9351611030405;;50.0;;;;
2022-09-15 05:00:00;0.0;55.9351611030405;;50.0;;;;
2022-09-15 06:00:00;0.0;55.9351611030405;;50.0;;;;
2022-09-15 07:00:00;0.0;55.9351611030405;;50.33206576870413;;;;
2022-09-15 08:00:00;0.0;55.9351611030405;;54.87133590218637;;;;
2022-09-15 09:00:00;0.0;55.9351611030405;;59.1443891002921;;;;
2022-09-15 10:00:00;0.0;55.9351611030405;;62.8688262274682;;;;
2022-09-15 11:00:00;0.0;55.9351611030405;;65.80182495153703;;;;
2022-09-15 12:00:00;0.0;55.9351611030405;;67.74784368535695;;;;
2022-09-15 13:00:00;0.0;55.9351611030405;;68.5798235751892;;;;
2022-09-15 14:00:00;0.0;55.9351611030405;;68.2448578525058;;;;
2022-09-15 15:00:00;0.0;55.9351611030405;;66.76466002700502;;;;
2022-09-15 16:00:00;0.0;55.9351611030405;;64.24457033178923;;;;
2022-09-15 17:00:00;0.0;55.9351611030405;;60.8590509282481;;;;
2022-09-15 18:00:00;0.0;55.9351611030405;;56.84596579224731;;;;
2022-09-15 19:00:00;0.0;55.9351611030405;;52.4841324722186;;;;
2022-09-15 20:00:00;0.0;55.9351611030405;;50.0;;;;
2022-09-15 21:00:00;0.0;55.9351611030405;;50.0;;;;
2022-09-15 22:00:00;0.0;55.9351611030405;;50.0;;;;
2022-09-15 23:00:00;0.0;55.9351611030405;;50.0;;;;
2022-09-16 00:00:00;0.0;55.9351611030405;;50.0;;;;
2022-09-16 01:00:00;0.0;55.9351611030405;;50.0;;;;
2022-09-16 02:00:00;0.0;55.9351611030405;;50.0;;;;
2022-09-16 03:00:00;0.0;55.9351611030405;;50.0;;;;
2022-09-16 04:00:00;0.0;55.9351611030405;;50.0;;;;
2022-09-16 05:00:00;0.0;55.9351611030405;;50.0;;;;
2022-09-16 06:00:00;0.0;55.9351611030405;;53.84608017429628;;;;
2022-09-16 07:00:00;0.0;55.9351611030405;;59.48869357076865;;;;
2022-09-16 08:00:00;0.0;55.9351611030405;;65.18456875493624;;;;
2022-09-16 09:00:00;0.0;55.9351611030405;;70.56310774065805;;;;
2022-09-16 10:00:00;0.0;55.9351611030405;;75.27112741977095;;;;
2022-09-16 11:00:00;0.0;55.9351611030405;;78.9958872699037;;;;
2022-09-16 12:00:00;0.0;55.9351611030405;;81.49026879991787;;;;
2022-09-16 13:00:00;0.0;55.9351611030405;;82.5887701752828;;;;
2022-09-16 14:00:00;0.0;55.9351611030405;;82.22069152513652;;;;
2022-09-16 15:00:00;0.0;55.9351611030405;;80.41319480667502;;;;
2022-09-16 16:00:00;0.0;55.9351611030405;;77.29704534230017;;;;
2022-09-16 17:00:00;0.0;55.9351611030405;;73.09673609730847;;;;
2022-09-16 18:00:00;0.0;55.9351611030405;;68.11339950036316;;;;
2022-09-16 19:00:00;0.0;55.9351611030405;;62.69859254270933;;;;
2022-09-16 20:00:00;0.0;55.9351611030405;;57.23326933422504;;;;
2022-09-16 21:00:00;0.0;55.9351611030405;;52.10850452200963;;;;
2022-09-16 22:00:00;0.0;55.9351611030405;;50.0;;;;
2022-09-16 23:00:00;0.0;55.9351611030405;;50.0;;;;
2022-09-17 00:00:00;0.0;55.9351611030405;;50.0;;;;
2022-09-17 01:00:00;0.0;55.9351611030405;;50.0;;;;
2022-09-17 02:00:00;0.0;55.9351611030405;;50.0;;;;
2022-09-17 03:00:00;0.0;55.9351611030405;;50.0;;;;
2022-09-17 04:00:00;0.0;55.9351611030405;;50.0;;;;
2022-09-17 05:00:00;0.0;55.9351611030405;;53.52064246185238;;;;
2022-09-17 06:00:00;0.0;55.9351611030405;;58.85855314933181;;;;
2022-09-17 07:00:00;0.0;55.9351611030405;;64.56991640579922;;;;
2022-09-17 08:00:00;0.0;55.9351611030405;;70.26095045187346;;;;
2022-09-17 09:00:00;0.0;55.9351611030405;;75.53518772754549;;;;
2022-09-17 10:00:00;0.0;55.9351611030405;;80.02763249606812;;;;
2022-09-17 11:00:00;0.0;55.9351611030405;;83.4258170319809;;;;
2022-09-17 12:00:00;0.0;55.9351611030405;;85.50274993743129;;;;
2022-09-17 13:00:00;0.0;55.9351611030405;;86.117252146248;;;;
2022-09-17 14:00:00;0.0;55.9351611030405;;85.23048606164704;;;;
2022-09-17 15:00:00;0.0;55.9351611030405;;82.89861032676815;;;;
2022-09-17 16:00:00;0.0;55.9351611030405;;79.27971772785378;;;;
2022-09-17 17:00:00;0.0;55.9351611030405;;74.61752508000971;;;;
2022-09-17 18:00:00;0.0;55.9351611030405;;69.22452295741033;;;;
2022-09-17 19:00:00;0.0;55.9351611030405;;63.4683006723132;;;;
2022-09-17 20:00:00;0.0;55.9351611030405;;57.73284305962406;;;;
2022-09-17 21:00:00;0.0;55.9351611030405;;52.40695079858642;;;;
2022-09-17 22:00:00;0.0;55.9351611030405;;50.0;;;;
2022-09-17 23:00:00;0.0;55.9351611030405;;50.0;;;;
2022-09-18 00:00:00;0.0;55.9351611030405;;50.0;;;;
2022-09-18 01:00:00;0.0;55.9351611030405;;50.0;;;;
2022-09-18 02:00:00;0.0;55.9351611030405;;50.0;;;;
2022-09-18 03:00:00;0.0;55.9351611030405;;50.0;;;;
2022-09-18 04:00:00;0.0;55.9351611030405;;50.0;;;;
2022-09-18 05:00:00;0.0;55.9351611030405;;51.60909009959995;;;;
2022-09-18 06:00:00;0.0;55.9351611030405;;56.86198045388765;;;;
2022-09-18 07:00:00;0.0;55.9351611030405;;62.52367612838311;;;;
2022-09-18 08:00:00;0.0;55.9351611030405;;68.22148463694194;;;;
2022-09-18 09:00:00;0.0;55.9351611030405;;73.57663954824044;;;;
2022-09-18 10:00:00;0.0;55.9351611030405;;78.23108026295681;;;;
2022-09-18 11:00:00;0.0;55.9351611030405;;81.8758108294574;;;;
2022-09-18 12:00:00;0.0;55.9351611030405;;84.27070345242606;;;;
2022-09-18 13:00:00;0.0;55.9351611030405;;85.25407421214754;;;;
2022-09-18 14:00:00;0.0;55.9351611030405;;84.7618280019838;;;;
2022-09-18 15:00:00;0.0;55.9351611030405;;82.82815073625707;;;;
2022-09-18 16:00:00;0.0;55.9351611030405;;79.59235704425845;;;;
2022-09-18 17:00:00;0.0;55.9351611030405;;75.27682177403815;;;;
2022-09-18 18:00:00;0.0;55.9351611030405;;70.18022215288612;;;;
2022-09-18 19:00:00;0.0;55.9351611030405;;64.66095900682035;;;;
2022-09-18 20:00:00;0.0;55.9351611030405;;59.10534583245447;;;;
2022-09-18 21:00:00;0.0;55.9351611030405;;53.90677776203563;;;;
2022-09-18 22:00:00;0.0;55.9351611030405;;50.0;;;;
2022-09-18 23:00:00;0.0;55.9351611030405;;50.0;;;;
2022-09-19 00:00:00;0.0;55.9351611030405;;50.0;;;;
2022-09-19 01:00:00;0.0;55.9351611030405;;50.0;;;;
2022-09-19 02:00:00;0.0;55.9351611030405;;50.0;;;;
2022-09-19 03:00:00;0.0;55.9351611030405;;50.0;;;;
2022-09-19 04:00:00;0.0;55.9351611030405;;50.0;;;;
2022-09-19 05:00:00;0.0;55.9351611030405;;53.15355284291635;;;;
2022-09-19 06:00:00;0.0;55.9351611030405;;58.63379633577099;;;;
2022-09-19 07:00:00;0.0;55.9351611030405;;64.51435349188262;;;;
2022-09-19 08:00:00;0.0;55.9351611030405;;70.39719901710174;;;;
2022-09-19 09:00:00;0.0;55.9351611030405;;75.8863826826814;;;;
2022-09-19 10:00:00;0.0;55.9351611030405;;80.60322824573728;;;;
2022-09-19 11:00:00;0.0;55.9351611030405;;84.22625296654786;;;;
2022-09-19 12:00:00;0.0;55.9351611030405;;86.50637826161957;;;;
2022-09-19 13:00:00;0.0;55.9351611030405;;87.28375153492357;;;;
2022-09-19 14:00:00;0.0;55.9351611030405;;86.50129151551849;;;;
2022-09-19 15:00:00;0.0;55.9351611030405;;84.20896018598616;;;;
2022-09-19 16:00:00;0.0;55.9351611030405;;80.56743865614192;;;;
2022-09-19 17:00:00;0.0;55.9351611030405;;75.82958809894376;;;;
2022-09-19 18:00:00;0.0;55.9351611030405;;70.31689134457474;;;;
2022-09-19 19:00:00;0.0;55.9351611030405;;64.40676336215176;;;;
2022-09-19 20:00:00;0.0;55.9351611030405;;58.49721087821163;;;;
2022-09-19 21:00:00;0.0;55.9351611030405;;52.98670790713348;;;;
2022-09-19 22:00:00;0.0;55.9351611030405;;50.0;;;;
2022-09-19 23:00:00;0.0;55.9351611030405;;50.0;;;;
2022-09-20 00:00:00;0.0;55.9351611030405;;50.0;;;;
2022-09-20 01:00:00;0.0;55.9351611030405;;50.0;;;;
2022-09-20 02:00:00;0.0;55.9351611030405;;50.0;;;;
2022-09-20 03:00:00;0.0;55.9351611030405;;50.0;;;;
2022-09-20 04:00:00;0.0;55.9351611030405;;50.0;;;;
2022-09-20 05:00:00;0.0;55.9351611030405;;50.0;;;;
2022-09-20 06:00:00;0.0;55.9351611030405;;53.90332282458627;;;;
2022-09-20 07:00:00;0.0;55.9351611030405;;58.80036073886886;;;;
2022-09-20 08:00:00;0.0;55.9351611030405;;63.61996288522695;;;;
2022-09-20 09:00:00;0.0;55.9351611030405;;68.0097853681158;;;;
2022-09-20 10:00:00;0.0;55.9351611030405;;71.65061538251585;;;;
2022-09-20 11:00:00;0.0;55.9351611030405;;74.27652504451908;;;;
2022-09-20 12:00:00;0.0;55.9351611030405;;75.69985796933068;;;;
2022-09-20 13:00:00;0.0;55.9351611030405;;75.81407072022081;;;;
2022-09-20 14:00:00;0.0;55.9351611030405;;74.6059007890576;;;;
2022-09-20 15:00:00;0.0;55.9351611030405;;72.15133748257216;;;;
2022-09-20 16:00:00;0.0;55.9351611030405;;68.61042856081481;;;;
2022-09-20 17:00:00;0.0;55.9351611030405;;64.21415158582897;;;;
2022-09-20 18:00:00;0.0;55.9351611030405;;59.24345147972994;;;;
2022-09-20 19:00:00;0.0;55.9351611030405;;54.01894087332122;;;;
2022-09-20 20:00:00;0.0;55.9351611030405;;50.0;;;;
2022-09-20 21:00:00;0.0;55.9351611030405;;50.0;;;;
2022-09-20 22:00:00;0.0;55.9351611030405;;50.0;;;;
2022-09-20 23:00:00;0.0;55.9351611030405;;50.0;;;;
2022-09-21 00:00:00;0.0;55.9351611030405;;50.0;;;;
2022-09-21 01:00:00;0.0;55.9351611030405;;50.0;;;;
2022-09-21 02:00:00;0.0;55.9351611030405;;50.0;;;;
2022-09-21 03:00:00;0.0;55.9351611030405;;50.0;;;;
2022-09-21 04:00:00;0.0;55.9351611030405;;50.0;;;;
2022-09-21 05:00:00;0.0;55.9351611030405;;50.0;;;;
2022-09-21 06:00:00;0.0;55.9351611030405;;50.0;;;;
2022-09-21 07:00:00;0.0;55.9351611030405;;51.18419183699392;;;;
2022-09-21 08:00:00;0.0;55.9351611030405;;55.65126074026823;;;;
2022-09-21 09:00:00;0.0;55.9351611030405;;59.82214021587241;;;;
2022-09-21 10:00:00;0.0;55.9351611030405;;63.41568268167658;;;;
2022-09-21 11:00:00;0.0;55.9351611030405;;66.18637852921216;;;;
2022-09-21 12:00:00;0.0;55.9351611030405;;67.95063127529495;;;;
2022-09-21 13:00:00;0.0;55.9351611030405;;68.59033163162754;;;;
2022-09-21 14:00:00;0.0;55.9351611030405;;68.06189059742114;;;;
2022-09-21 15:00:00;0.0;55.9351611030405;;66.39925555145547;;;;
2022-09-21 16:00:00;0.0;55.9351611030405;;63.71463820488921;;;;
2022-09-21 17:00:00;0.0;55.9351611030405;;60.18654118253808;;;;
2022-09-21 18:00:00;0.0;55.9351611030405;;56.05583378677146;;;;
2022-09-21 19:00:00;0.0;55.9351611030405;;51.60541498252076;;;;
2022-09-21 20:00:00;0.0;55.9351611030405;;50.0;;;;
2022-09-21 21:00:00;0.0;55.9351611030405;;50.0;;;;
2022-09-21 22:00:00;0.0;55.9351611030405;;50.0;;;;
2022-09-21 23:00:00;0.0;55.9351611030405;;50.0;;;;
2022-09-22 00:00:00;0.0;55.9351611030405;;50.0;;;;
2022-09-22 01:00:00;0.0;55.9351611030405;;50.0;;;;
2022-09-22 02:00:00;0.0;55.9351611030405;;50.0;;;;
2022-09-22 03:00:00;0.0;55.9351611030405;;50.0;;;;
2022-09-22 04:00:00;0.0;55.9351611030405;;50.0;;;;
2022-09-22 05:00:00;0.0;55.9351611030405;;50.0;;;;
2022-09-22 06:00:00;0.0;55.9351611030405;;51.10305278044351;;;;
2022-09-22 07:00:00;0.0;55.9351611030405;;56.32964376246645;;;;
2022-09-22 08:00:00;0.0;55.9351611030405;;61.58742965613219;;;;
2022-09-22 09:00:00;0.0;55.9351611030405;;66.52801522060045;;;;
2022-09-22 10:00:00;0.0;55.9351611030405;;70.82356010519206;;;;
2022-09-22 11:00:00;0.0;55.9351611030405;;74.18582633569594;;;;
2022-09-22 12:00:00;0.0;55.9351611030405;;76.38827982526304;;;;
2022-09-22 13:00:00;0.0;55.9351611030405;;77.28051825408167;;;;
2022-09-22 14:00:00;0.0;55.9351611030405;;76.8030081508526;;;;
2022-09-22 15:00:00;0.0;55.9351611030405;;74.98851799748388;;;;
2022-09-22 16:00:00;0.0;55.9351611030405;;71.96675048275404;;;;
2022-09-22 17:00:00;0.0;55.9351611030405;;67.94870626450387;;;;
2022-09-22 18:00:00;0.0;55.9351611030405;;63.21898600975248;;;;
2022-09-22 19:00:00;0.0;55.9351611030405;;58.10759428559335;;;;
2022-09-22 20:00:00;0.0;55.9351611030405;;52.9686211145448;;;;
2022-09-22 21:00:00;0.0;55.9351611030405;;50.0;;;;
2022-09-22 22:00:00;0.0;55.9351611030405;;50.0;;;;
2022-09-22 23:00:00;0.0;55.9351611030405;;50.0;;;;
2022-09-23 00:00:00;0.0;55.9351611030405;;50.0;;;;
2022-09-23 01:00:00;0.0;55.9351611030405;;50.0;;;;
2022-09-23 02:00:00;0.0;55.9351611030405;;50.0;;;;
2022-09-23 03:00:00;0.0;55.9351611030405;;50.0;;;;
2022-09-23 04:00:00;0.0;55.9351611030405;;50.0;;;;
2022-09-23 05:00:00;0.0;55.9351611030405;;50.32481774846332;;;;
2022-09-23 06:00:00;0.0;55.9351611030405;;55.30340762773096;;;;
2022-09-23 07:00:00;0.0;55.9351611030405;;60.62832319548896;;;;
2022-09-23 08:00:00;0.0;55.9351611030405;;65.9324882410021;;;;
2022-09-23 09:00:00;0.0;55.9351611030405;;70.84555497650547;;;;
2022-09-23 10:00:00;0.0;55.9351611030405;;75.03383331410294;;;;
2022-09-23 11:00:00;0.0;55.9351611030405;;78.20425478596347;;;;
2022-09-23 12:00:00;0.0;55.9351611030405;;80.14213675164183;;;;
2022-09-23 13:00:00;0.0;55.9351611030405;;80.7108560313601;;;;
2022-09-23 14:00:00;0.0;55.9351611030405;;79.87740384189334;;;;
2022-09-23 15:00:00;0.0;55.9351611030405;;77.69851145309758;;;;
2022-09-23 16:00:00;0.0;55.9351611030405;;74.3201396918477;;;;
2022-09-23 17:00:00;0.0;55.9351611030405;;69.96966388587938;;;;
2022-09-23 18:00:00;0.0;55.9351611030405;;64.93974195671734;;;;
2022-09-23 19:00:00;0.0;55.9351611030405;;59.57188976893807;;;;
2022-09-23 20:00:00;0.0;55.9351611030405;;54.22353809875884;;;;
2022-09-23 21:00:00;0.0;55.9351611030405;;50.0;;;;
2022-09-23 22:00:00;0.0;55.9351611030405;;50.0;;;;
2022-09-23 23:00:00;0.0;55.9351611030405;;50.0;;;;
2022-09-24 00:00:00;0.0;55.9351611030405;;50.0;;;;
2022-09-24 01:00:00;0.0;55.9351611030405;;50.0;;;;
2022-09-24 02:00:00;0.0;55.9351611030405;;50.0;;;;
2022-09-24 03:00:00;0.0;55.9351611030405;;50.0;;;;
2022-09-24 04:00:00;0.0;55.9351611030405;;50.0;;;;
2022-09-24 05:00:00;0.0;55.9351611030405;;50.89614770789467;;;;
2022-09-24 06:00:00;0.0;55.9351611030405;;56.17233999769758;;;;
2022-09-24 07:00:00;0.0;55.9351611030405;;61.87634898161319;;;;
2022-09-24 08:00:00;0.0;55.9351611030405;;67.6396484805982;;;;
2022-09-24 09:00:00;0.0;55.9351611030405;;73.08679671334193;;;;
2022-09-24 10:00:00;0.0;55.9351611030405;;77.86368477861242;;;;
2022-09-24 11:00:00;0.0;55.9351611030405;;81.65813319949424;;;;
2022-09-24 12:00:00;0.0;55.9351611030405;;84.22175380745853;;;;
2022-09-24 13:00:00;0.0;55.9351611030405;;85.3897438858849;;;;
2022-09-24 14:00:00;0.0;55.9351611030405;;85.08776249509214;;;;
2022-09-24 15:00:00;0.0;55.9351611030405;;83.34212762873514;;;;
2022-09-24 16:00:00;0.0;55.9351611030405;;80.27101437903366;;;;
2022-09-24 17:00:00;0.0;55.9351611030405;;76.09499911743058;;;;
2022-09-24 18:00:00;0.0;55.9351611030405;;71.10970626357764;;;;
2022-09-24 19:00:00;0.0;55.9351611030405;;65.67288528863415;;;;
2022-09-24 20:00:00;0.0;55.9351611030405;;60.16958226620042;;;;
2022-09-24 21:00:00;0.0;55.9351611030405;;55.00341321624988;;;;
2022-09-24 22:00:00;0.0;55.9351611030405;;50.55916027354935;;;;
2022-09-24 23:00:00;0.0;55.9351611030405;;50.0;;;;
2022-09-25 00:00:00;0.0;55.9351611030405;;50.0;;;;
2022-09-25 01:00:00;0.0;55.9351611030405;;50.0;;;;
2022-09-25 02:00:00;0.0;55.9351611030405;;50.0;;;;
2022-09-25 03:00:00;0.0;55.9351611030405;;50.0;;;;
2022-09-25 04:00:00;0.0;55.9351611030405;;51.55167408837922;;;;
2022-09-25 05:00:00;0.0;55.9351611030405;;56.71107979785801;;;;
2022-09-25 06:00:00;0.0;55.9351611030405;;62.71104563359336;;;;
2022-09-25 07:00:00;0.0;55.9351611030405;;69.16747371363996;;;;
2022-09-25 08:00:00;0.0;55.9351611030405;;75.65435952580918;;;;
2022-09-25 09:00:00;0.0;55.9351611030405;;81.74394890596368;;;;
2022-09-25 10:00:00;0.0;55.9351611030405;;87.02765370322403;;;;
2022-09-25 11:00:00;0.0;55.9351611030405;;91.14796662465233;;;;
2022-09-25 12:00:00;0.0;55.9351611030405;;93.82375985132704;;;;
2022-09-25 13:00:00;0.0;55.9351611030405;;94.86911640807278;;;;
2022-09-25 14:00:00;0.0;55.9351611030405;;94.21606358070687;;;;
2022-09-25 15:00:00;0.0;55.9351611030405;;91.91346079107186;;;;
2022-09-25 16:00:00;0.0;55.9351611030405;;88.12743502105076;;;;
2022-09-25 17:00:00;0.0;55.9351611030405;;83.12175377852495;;;;
2022-09-25 18:00:00;0.0;55.9351611030405;;77.24283275955226;;;;
2022-09-25 19:00:00;0.0;55.9351611030405;;70.89802879705672;;;;
2022-09-25 20:00:00;0.0;55.9351611030405;;64.52785895735835;;;;
2022-09-25 21:00:00;0.0;55.9351611030405;;58.57339578058031;;;;
2022-09-25 22:00:00;0.0;55.9351611030405;;53.43997101169826;;;;
2022-09-25 23:00:00;0.0;55.9351611030405;;50.0;;;;
2022-09-26 00:00:00;0.0;55.9351611030405;;50.0;;;;
2022-09-26 01:00:00;0.0;55.9351611030405;;50.0;;;;
2022-09-26 02:00:00;0.0;55.9351611030405;;50.0;;;;
2022-09-26 03:00:00;0.0;55.9351611030405;;50.0;;;;
2022-09-26 04:00:00;0.0;55.9351611030405;;50.43786659159048;;;;
2022-09-26 05:00:00;0.0;55.9351611030405;;54.97244618924979;;;;
2022-09-26 06:00:00;0.0;55.9351611030405;;60.22863066247588;;;;
2022-09-26 07:00:00;0.0;55.9351611030405;;65.81970581595655;;;;
2022-09-26 08:00:00;0.0;55.9351611030405;;71.34030982326954;;;;
2022-09-26 09:00:00;0.0;55.9351611030405;;76.3933335426623;;;;
2022-09-26 10:00:00;0.0;55.9351611030405;;80.61372664465092;;;;
2022-09-26 11:00:00;0.0;55.9351611030405;;83.6983290596056;;;;
2022-09-26 12:00:00;0.0;55.9351611030405;;85.42595560812293;;;;
2022-09-26 13:00:00;0.0;55.9351611030405;;85.67085311243171;;;;
2022-09-26 14:00:00;0.0;55.9351611030405;;84.41716377801747;;;;
2022-09-26 15:00:00;0.0;55.9351611030405;;81.7426991366364;;;;
2022-09-26 16:00:00;0.0;55.9351611030405;;77.82510627345188;;;;
2022-09-26 17:00:00;0.0;55.9351611030405;;72.91848396304417;;;;
2022-09-26 18:00:00;0.0;55.9351611030405;;67.34565088080328;;;;
2022-09-26 19:00:00;0.0;55.9351611030405;;61.46440822089326;;;;
2022-09-26 20:00:00;0.0;55.9351611030405;;55.65410332090316;;;;
2022-09-26 21:00:00;0.0;55.9351611030405;;50.28323839732943;;;;
2022-09-26 22:00:00;0.0;55.9351611030405;;50.0;;;;
2022-09-26 23:00:00;0.0;55.9351611030405;;50.0;;;;
2022-09-27 00:00:00;0.0;55.9351611030405;;50.0;;;;
2022-09-27 01:00:00;0.0;55.9351611030405;;50.0;;;;
2022-09-27 02:00:00;0.0;55.9351611030405;;50.0;;;;
2022-09-27 03:00:00;0.0;55.9351611030405;;50.0;;;;
2022-09-27 04:00:00;0.0;55.9351611030405;;50.0;;;;
2022-09-27 05:00:00;0.0;55.9351611030405;;50.0;;;;
2022-09-27 06:00:00;0.0;55.9351611030405;;51.40925610571502;;;;
2022-09-27 07:00:00;0.0;55.9351611030405;;56.28816588012554;;;;
2022-09-27 08:00:00;0.0;55.9351611030405;;61.16319103654162;;;;
2022-09-27 09:00:00;0.0;55.9351611030405;;65.69757995856116;;;;
2022-09-27 10:00:00;0.0;55.9351611030405;;69.583185790248;;;;
2022-09-27 11:00:00;0.0;55.9351611030405;;72.55347280678276;;;;
2022-09-27 12:00:00;0.0;55.9351611030405;;74.40655142452593;;;;
2022-09-27 13:00:00;0.0;55.9351611030405;;75.01549433179663;;;;
2022-09-27 14:00:00;0.0;55.9351611030405;;74.33594144734454;;;;
2022-09-27 15:00:00;0.0;55.9351611030405;;72.41230904276414;;;;
2022-09-27 16:00:00;0.0;55.9351611030405;;69.37118654089643;;;;
2022-09-27 17:00:00;0.0;55.9351611030405;;65.41846313518843;;;;
2022-09-27 18:00:00;0.0;55.9351611030405;;60.82127760361929;;;;
2022-09-27 19:00:00;0.0;55.9351611030405;;55.88963393538775;;;;
2022-09-27 20:00:00;0.0;55.9351611030405;;50.96027632142265;;;;
2022-09-27 21:00:00;0.0;55.9351611030405;;50.0;;;;
2022-09-27 22:00:00;0.0;55.9351611030405;;50.0;;;;
2022-09-27 23:00:00;0.0;55.9351611030405;;50.0;;;;
2022-09-28 00:00:00;0.0;55.9351611030405;;50.0;;;;
2022-09-28 01:00:00;0.0;55.9351611030405;;50.0;;;;
2022-09-28 02:00:00;0.0;55.9351611030405;;50.0;;;;
2022-09-28 03:00:00;0.0;55.9351611030405;;50.0;;;;
2022-09-28 04:00:00;0.0;55.9351611030405;;50.0;;;;
2022-09-28 05:00:00;0.0;55.9351611030405;;50.0;;;;
2022-09-28 06:00:00;0.0;55.9351611030405;;52.01358529402865;;;;
2022-09-28 07:00:00;0.0;55.9351611030405;;57.19144977077548;;;;
2022-09-28 08:00:00;0.0;55.9351611030405;;62.37229559574877;;;;
2022-09-28 09:00:00;0.0;55.9351611030405;;67.2083685552872;;;;
2022-09-28 10:00:00;0.0;55.9351611030405;;71.36628659483588;;;;
2022-09-28 11:00:00;0.0;55.9351611030405;;74.56387489860535;;;;
2022-09-28 12:00:00;0.0;55.9351611030405;;76.57854984295501;;;;
2022-09-28 13:00:00;0.0;55.9351611030405;;77.27079506599372;;;;
2022-09-28 14:00:00;0.0;55.9351611030405;;76.59004268447597;;;;
2022-09-28 15:00:00;0.0;55.9351611030405;;74.58413120076341;;;;
2022-09-28 16:00:00;0.0;55.9351611030405;;71.39459186886455;;;;
2022-09-28 17:00:00;0.0;55.9351611030405;;67.23473210527195;;;;
2022-09-28 18:00:00;0.0;55.9351611030405;;62.39170592219453;;;;
2022-09-28 19:00:00;0.0;55.9351611030405;;57.1940224031291;;;;
2022-09-28 20:00:00;0.0;55.9351611030405;;51.99752265786037;;;;
2022-09-28 21:00:00;0.0;55.9351611030405;;50.0;;;;
2022-09-28 22:00:00;0.0;55.9351611030405;;50.0;;;;
2022-09-28 23:00:00;0.0;55.9351611030405;;50.0;;;;
2022-09-29 00:00:00;0.0;55.9351611030405;;50.0;;;;
2022-09-29 01:00:00;0.0;55.9351611030405;;50.0;;;;
2022-09-29 02:00:00;0.0;55.9351611030405;;50.0;;;;
2022-09-29 03:00:00;0.0;55.9351611030405;;50.0;;;;
2022-09-29 04:00:00;0.0;55.9351611030405;;50.0;;;;
2022-09-29 05:00:00;0.0;55.9351611030405;;50.0;;;;
2022-09-29 06:00:00;0.0;55.9351611030405;;52.50233042579275;;;;
2022-09-29 07:00:00;0.0;55.9351611030405;;57.41636242675403;;;;
2022-09-29 08:00:00;0.0;55.9351611030405;;62.2873211945315;;;;
2022-09-29 09:00:00;0.0;55.9351611030405;;66.7726003222559;;;;
2022-09-29 10:00:00;0.0;55.9351611030405;;70.55466437675074;;;;
2022-09-29 11:00:00;0.0;55.9351611030405;;73.36870933209063;;;;
2022-09-29 12:00:00;0.0;55.9351611030405;;75.01628481130481;;;;
2022-09-29 13:00:00;0.0;55.9351611030405;;75.3859799781682;;;;
2022-09-29 14:00:00;0.0;55.9351611030405;;74.45021841360877;;;;
2022-09-29 15:00:00;0.0;55.9351611030405;;72.26952788217883;;;;
2022-09-29 16:00:00;0.0;55.9351611030405;;68.98949965757495;;;;
2022-09-29 17:00:00;0.0;55.9351611030405;;64.82529155434388;;;;
2022-09-29 18:00:00;0.0;55.9351611030405;;60.05321343182189;;;;
2022-09-29 19:00:00;0.0;55.9351611030405;;54.98931451112541;;;;
2022-09-29 20:00:00;0.0;55.9351611030405;;50.0;;;;
2022-09-29 21:00:00;0.0;55.9351611030405;;50.0;;;;
2022-09-29 22:00:00;0.0;55.9351611030405;;50.0;;;;
2022-09-29 23:00:00;0.0;55.9351611030405;;50.0;;;;
2022-09-30 00:00:00;0.0;55.9351611030405;;50.0;;;;
2022-09-30 01:00:00;0.0;55.9351611030405;;50.0;;;;
2022-09-30 02:00:00;0.0;55.9351611030405;;50.0;;;;
2022-09-30 03:00:00;0.0;55.9351611030405;;50.0;;;;
2022-09-30 04:00:00;0.0;55.9351611030405;;50.0;;;;
2022-09-30 05:00:00;0.0;55.9351611030405;;50.0;;;;
2022-09-30 06:00:00;0.0;55.9351611030405;;52.50756060792358;;;;
2022-09-30 07:00:00;0.0;55.9351611030405;;57.81925957843903;;;;
2022-09-30 08:00:00;0.0;55.9351611030405;;63.19118231347753;;;;
2022-09-30 09:00:00;0.0;55.9351611030405;;68.2777996939639;;;;
2022-09-30 10:00:00;0.0;55.9351611030405;;72.74614023986055;;;;
2022-09-30 11:00:00;0.0;55.9351611030405;;76.30445364099901;;;;
2022-09-30 12:00:00;0.0;55.9351611030405;;78.72185565662913;;;;
2022-09-30 13:00:00;0.0;55.9351611030405;;79.84775107138879;;;;
2022-09-30 14:00:00;0.0;55.9351611030405;;79.60738846216901;;;;
2022-09-30 15:00:00;0.0;55.9351611030405;;78.02185565148505;;;;
2022-09-30 16:00:00;0.0;55.9351611030405;;75.20090350297906;;;;
2022-09-30 17:00:00;0.0;55.9351611030405;;71.34845426586956;;;;
2022-09-30 18:00:00;0.0;55.9351611030405;;66.73608306595523;;;;
2022-09-30 19:00:00;0.0;55.9351611030405;;61.69477112225751;;;;
2022-09-30 20:00:00;0.0;55.9351611030405;;56.59143442887996;;;;
2022-09-30 21:00:00;0.0;55.9351611030405;;51.80061059523428;;;;
2022-09-30 22:00:00;0.0;55.9351611030405;;50.0;;;;
2022-09-30 23:00:00;0.0;55.9351611030405;;50.0;;;;
2022-10-01 00:00:00;0.0;55.9351611030405;;50.0;;;;
2022-10-01 01:00:00;0.0;55.9351611030405;;50.0;;;;
2022-10-01 02:00:00;0.0;55.9351611030405;;50.0;;;;
2022-10-01 03:00:00;0.0;55.9351611030405;;50.0;;;;
2022-10-01 04:00:00;0.0;55.9351611030405;;50.99765037748882;;;;
2022-10-01 05:00:00;0.0;55.9351611030405;;56.19794382931865;;;;
2022-10-01 06:00:00;0.0;55.9351611030405;;62.25415544193763;;;;
2022-10-01 07:00:00;0.0;55.9351611030405;;68.7845310557008;;;;
2022-10-01 08:00:00;0.0;55.9351611030405;;75.37450797936867;;;;
2022-10-01 09:00:00;0.0;55.9351611030405;;81.58892339777339;;;;
2022-10-01 10:00:00;0.0;55.9351611030405;;87.02387891929612;;;;
2022-10-01 11:00:00;0.0;55.9351611030405;;91.3111796220296;;;;
2022-10-01 12:00:00;0.0;55.9351611030405;;94.17548307538522;;;;
2022-10-01 13:00:00;0.0;55.9351611030405;;95.414551285312;;;;
2022-10-01 14:00:00;0.0;55.9351611030405;;94.95527371831076;;;;
2022-10-01 15:00:00;0.0;55.9351611030405;;92.82577678973816;;;;
2022-10-01 16:00:00;0.0;55.9351611030405;;89.18903201991094;;;;
2022-10-01 17:00:00;0.0;55.9351611030405;;84.29969978680444;;;;
2022-10-01 18:00:00;0.0;55.9351611030405;;78.50588336802363;;;;
2022-10-01 19:00:00;0.0;55.9351611030405;;72.21245268853065;;;;
2022-10-01 20:00:00;0.0;55.9351611030405;;65.86634817502971;;;;
2022-10-01 21:00:00;0.0;55.9351611030405;;59.91636522158669;;;;
2022-10-01 22:00:00;0.0;55.9351611030405;;54.78317517522369;;;;
2022-10-01 23:00:00;0.0;55.9351611030405;;50.58863535659493;;;;
2022-10-02 00:00:00;0.0;55.9351611030405;;50.0;;;;
2022-10-02 01:00:00;0.0;55.9351611030405;;50.0;;;;
2022-10-02 02:00:00;0.0;55.9351611030405;;50.0;;;;
2022-10-02 03:00:00;0.0;55.9351611030405;;50.0;;;;
2022-10-02 04:00:00;0.0;55.9351611030405;;53.75576657071399;;;;
2022-10-02 05:00:00;0.0;55.9351611030405;;58.72474620661323;;;;
2022-10-02 06:00:00;0.0;55.9351611030405;;64.48865684365612;;;;
2022-10-02 07:00:00;0.0;55.9351611030405;;70.63870809899709;;;;
2022-10-02 08:00:00;0.0;55.9351611030405;;76.74108332265011;;;;
2022-10-02 09:00:00;0.0;55.9351611030405;;82.36597037552096;;;;
2022-10-02 10:00:00;0.0;55.9351611030405;;87.11984506231241;;;;
2022-10-02 11:00:00;0.0;55.9351611030405;;90.66819643573191;;;;
2022-10-02 12:00:00;0.0;55.9351611030405;;92.7609852795585;;;;
2022-10-02 13:00:00;0.0;55.9351611030405;;93.25432070819171;;;;
2022-10-02 14:00:00;0.0;55.9351611030405;;92.11216721014549;;;;
2022-10-02 15:00:00;0.0;55.9351611030405;;89.41167576425623;;;;
2022-10-02 16:00:00;0.0;55.9351611030405;;85.33050698589213;;;;
2022-10-02 17:00:00;0.0;55.9351611030405;;80.1402934542372;;;;
2022-10-02 18:00:00;0.0;55.9351611030405;;74.18799976320878;;;;
2022-10-02 19:00:00;0.0;55.9351611030405;;67.8681294301543;;;;
2022-10-02 20:00:00;0.0;55.9351611030405;;61.59964036156268;;;;
2022-10-02 21:00:00;0.0;55.9351611030405;;55.78824270041314;;;;
2022-10-02 22:00:00;0.0;55.9351611030405;;50.8100853173588;;;;
2022-10-02 23:00:00;0.0;55.9351611030405;;50.0;;;;
2022-10-03 00:00:00;0.0;55.9351611030405;;50.0;;;;
2022-10-03 01:00:00;0.0;55.9351611030405;;50.0;;;;
2022-10-03 02:00:00;0.0;55.9351611030405;;50.0;;;;
2022-10-03 03:00:00;0.0;55.9351611030405;;50.0;;;;
2022-10-03 04:00:00;0.0;55.9351611030405;;50.0;;;;
2022-10-03 05:00:00;0.0;55.9351611030405;;52.50859091979322;;;;
2022-10-03 06:00:00;0.0;55.9351611030405;;57.70655706996245;;;;
2022-10-03 07:00:00;0.0;55.9351611030405;;63.2949776512234;;;;
2022-10-03 08:00:00;0.0;55.9351611030405;;68.89010227001462;;;;
2022-10-03 09:00:00;0.0;55.9351611030405;;74.1094851373934;;;;
2022-10-03 10:00:00;0.0;55.9351611030405;;78.60132815071798;;;;
2022-10-03 11:00:00;0.0;55.9351611030405;;82.06019688029346;;;;
2022-10-03 12:00:00;0.0;55.9351611030405;;84.25685404738896;;;;
2022-10-03 13:00:00;0.0;55.9351611030405;;85.0330307316039;;;;
2022-10-03 14:00:00;0.0;55.9351611030405;;84.34067745288192;;;;
2022-10-03 15:00:00;0.0;55.9351611030405;;82.22656290905587;;;;
2022-10-03 16:00:00;0.0;55.9351611030405;;78.8385397982571;;;;
2022-10-03 17:00:00;0.0;55.9351611030405;;74.39937695684058;;;;
2022-10-03 18:00:00;0.0;55.9351611030405;;69.20936481651381;;;;
2022-10-03 19:00:00;0.0;55.9351611030405;;63.62560511638799;;;;
2022-10-03 20:00:00;0.0;55.9351611030405;;58.03365801526705;;;;
2022-10-03 21:00:00;0.0;55.9351611030405;;52.8164825806044;;;;
2022-10-03 22:00:00;0.0;55.9351611030405;;50.0;;;;
2022-10-03 23:00:00;0.0;55.9351611030405;;50.0;;;;
2022-10-04 00:00:00;0.0;55.9351611030405;;50.0;;;;
2022-10-04 01:00:00;0.0;55.9351611030405;;50.0;;;;
2022-10-04 02:00:00;0.0;55.9351611030405;;50.0;;;;
2022-10-04 03:00:00;0.0;55.9351611030405;;50.0;;;;
2022-10-04 04:00:00;0.0;55.9351611030405;;50.0;;;;
2022-10-04 05:00:00;0.0;55.9351611030405;;51.7254081556847;;;;
2022-10-04 06:00:00;0.0;55.9351611030405;;56.97663276022213;;;;
2022-10-04 07:00:00;0.0;55.9351611030405;;62.60781691083022;;;;
2022-10-04 08:00:00;0.0;55.9351611030405;;68.22908211120945;;;;
2022-10-04 09:00:00;0.0;55.9351611030405;;73.46056971808089;;;;
2022-10-04 10:00:00;0.0;55.9351611030405;;77.93417249212399;;;;
2022-10-04 11:00:00;0.0;55.9351611030405;;81.34438788479719;;;;
2022-10-04 12:00:00;0.0;55.9351611030405;;83.44972011531723;;;;
2022-10-04 13:00:00;0.0;55.9351611030405;;84.10610469730292;;;;
2022-10-04 14:00:00;0.0;55.9351611030405;;83.26597176187798;;;;
2022-10-04 15:00:00;0.0;55.9351611030405;;80.98823823138173;;;;
2022-10-04 16:00:00;0.0;55.9351611030405;;77.42659803949813;;;;
2022-10-04 17:00:00;0.0;55.9351611030405;;72.8209188767555;;;;
2022-10-04 18:00:00;0.0;55.9351611030405;;67.48047443086983;;;;
2022-10-04 19:00:00;0.0;55.9351611030405;;61.76900649213961;;;;
2022-10-04 20:00:00;0.0;55.9351611030405;;56.06966035223472;;;;
2022-10-04 21:00:00;0.0;55.9351611030405;;50.76266292676814;;;;
2022-10-04 22:00:00;0.0;55.9351611030405;;50.0;;;;
2022-10-04 23:00:00;0.0;55.9351611030405;;50.0;;;;
2022-10-05 00:00:00;0.0;55.9351611030405;;50.0;;;;
2022-10-05 01:00:00;0.0;55.9351611030405;;50.0;;;;
2022-10-05 02:00:00;0.0;55.9351611030405;;50.0;;;;
2022-10-05 03:00:00;0.0;55.9351611030405;;50.0;;;;
2022-10-05 04:00:00;0.0;55.9351611030405;;50.0;;;;
2022-10-05 05:00:00;0.0;55.9351611030405;;50.0;;;;
2022-10-05 06:00:00;0.0;55.9351611030405;;53.48237934780836;;;;
2022-10-05 07:00:00;0.0;55.9351611030405;;58.35537582546331;;;;
2022-10-05 08:00:00;0.0;55.9351611030405;;63.1586482848771;;;;
2022-10-05 09:00:00;0.0;55.9351611030405;;67.54411540346614;;;;
2022-10-05 10:00:00;0.0;55.9351611030405;;71.19264451237302;;;;
2022-10-05 11:00:00;0.0;55.9351611030405;;73.84157925633502;;;;
2022-10-05 12:00:00;0.0;55.9351611030405;;75.30314877070174;;;;
2022-10-05 13:00:00;0.0;55.9351611030405;;75.47067840855397;;;;
2022-10-05 14:00:00;0.0;55.9351611030405;;74.32683250084011;;;;
2022-10-05 15:00:00;0.0;55.9351611030405;;71.94590813368251;;;;
2022-10-05 16:00:00;0.0;55.9351611030405;;68.4836932804551;;;;
2022-10-05 17:00:00;0.0;55.9351611030405;;64.16551699367771;;;;
2022-10-05 18:00:00;0.0;55.9351611030405;;59.27220428403825;;;;
2022-10-05 19:00:00;0.0;55.9351611030405;;54.11590730385176;;;;
2022-10-05 20:00:00;0.0;55.9351611030405;;50.0;;;;
2022-10-05 21:00:00;0.0;55.9351611030405;;50.0;;;;
2022-10-05 22:00:00;0.0;55.9351611030405;;50.0;;;;
2022-10-05 23:00:00;0.0;55.9351611030405;;50.0;;;;
2022-10-06 00:00:00;0.0;55.9351611030405;;50.0;;;;
2022-10-06 01:00:00;0.0;55.9351611030405;;50.0;;;;
2022-10-06 02:00:00;0.0;55.9351611030405;;50.0;;;;
2022-10-06 03:00:00;0.0;55.9351611030405;;50.0;;;;
2022-10-06 04:00:00;0.0;55.9351611030405;;50.0;;;;
2022-10-06 05:00:00;0.0;55.9351611030405;;50.0;;;;
2022-10-06 06:00:00;0.0;55.9351611030405;;50.0;;;;
2022-10-06 07:00:00;0.0;55.9351611030405;;54.6115656669661;;;;
2022-10-06 08:00:00;0.0;55.9351611030405;;59.5416443044507;;;;
2022-10-06 09:00:00;0.0;55.9351611030405;;64.18241056278865;;;;
2022-10-06 10:00:00;0.0;55.9351611030405;;68.22534069632609;;;;
2022-10-06 11:00:00;0.0;55.9351611030405;;71.40713070177816;;;;
2022-10-06 12:00:00;0.0;55.9351611030405;;73.52010806748915;;;;
2022-10-06 13:00:00;0.0;55.9351611030405;;74.42502413939394;;;;
2022-10-06 14:00:00;0.0;55.9351611030405;;74.06294391786187;;;;
2022-10-06 15:00:00;0.0;55.9351611030405;;72.45865496487654;;;;
2022-10-06 16:00:00;0.0;55.9351611030405;;69.72967640753276;;;;
2022-10-06 17:00:00;0.0;55.9351611030405;;66.05972247235798;;;;
2022-10-06 18:00:00;0.0;55.9351611030405;;61.70476530815038;;;;
2022-10-06 19:00:00;0.0;55.9351611030405;;56.96950979828048;;;;
2022-10-06 20:00:00;0.0;55.9351611030405;;52.19288373154903;;;;
2022-10-06 21:00:00;0.0;55.9351611030405;;50.0;;;;
2022-10-06 22:00:00;0.0;55.9351611030405;;50.0;;;;
2022-10-06 23:00:00;0.0;55.9351611030405;;50.0;;;;
2022-10-07 00:00:00;0.0;55.9351611030405;;50.0;;;;
2022-10-07 01:00:00;0.0;55.9351611030405;;50.0;;;;
2022-10-07 02:00:00;0.0;55.9351611030405;;50.0;;;;
2022-10-07 03:00:00;0.0;55.9351611030405;;50.0;;;;
2022-10-07 04:00:00;0.0;55.9351611030405;;50.0;;;;
2022-10-07 05:00:00;0.0;55.9351611030405;;52.80783517618696;;;;
2022-10-07 06:00:00;0.0;55.9351611030405;;58.48966340181459;;;;
2022-10-07 07:00:00;0.0;55.9351611030405;;64.62189011481473;;;;
2022-10-07 08:00:00;0.0;55.9351611030405;;70.81037856320106;;;;
2022-10-07 09:00:00;0.0;55.9351611030405;;76.65098675498152;;;;
2022-10-07 10:00:00;0.0;55.9351611030405;;81.7654966112259;;;;
2022-10-07 11:00:00;0.0;55.9351611030405;;85.81324062096377;;;;
2022-10-07 12:00:00;0.0;55.9351611030405;;88.52479396852198;;;;
2022-10-07 13:00:00;0.0;55.9351611030405;;89.71887520300524;;;;
2022-10-07 14:00:00;0.0;55.9351611030405;;89.31843560466568;;;;
2022-10-07 15:00:00;0.0;55.9351611030405;;87.35647049665344;;;;
2022-10-07 16:00:00;0.0;55.9351611030405;;83.97423112889916;;;;
2022-10-07 17:00:00;0.0;55.9351611030405;;79.41591439114863;;;;
2022-10-07 18:00:00;0.0;55.9351611030405;;74.00136778513328;;;;
2022-10-07 19:00:00;0.0;55.9351611030405;;68.11633158796543;;;;
2022-10-07 20:00:00;0.0;55.9351611030405;;62.17520710312498;;;;
2022-10-07 21:00:00;0.0;55.9351611030405;;56.60607040822276;;;;
2022-10-07 22:00:00;0.0;55.9351611030405;;51.80361257985179;;;;
2022-10-07 23:00:00;0.0;55.9351611030405;;50.0;;;;
2022-10-08 00:00:00;0.0;55.9351611030405;;50.0;;;;
2022-10-08 01:00:00;0.0;55.9351611030405;;50.0;;;;
2022-10-08 02:00:00;0.0;55.9351611030405;;50.0;;;;
2022-10-08 03:00:00;0.0;55.9351611030405;;50.0;;;;
2022-10-08 04:00:00;0.0;55.9351611030405;;53.16068283895533;;;;
2022-10-08 05:00:00;0.0;55.9351611030405;;58.15844236944159;;;;
2022-10-08 06:00:00;0.0;55.9351611030405;;63.96217276818211;;;;
2022-10-08 07:00:00;0.0;55.9351611030405;;70.16916206483498;;;;
2022-10-08 08:00:00;0.0;55.9351611030405;;76.34875929818978;;;;
2022-10-08 09:00:00;0.0;55.9351611030405;;82.07828699267579;;;;
2022-10-08 10:00:00;0.0;55.9351611030405;;86.95510429762693;;;;
2022-10-08 11:00:00;0.0;55.9351611030405;;90.65329539406986;;;;
2022-10-08 12:00:00;0.0;55.9351611030405;;92.91412246509763;;;;
2022-10-08 13:00:00;0.0;55.9351611030405;;93.58545231819744;;;;
2022-10-08 14:00:00;0.0;55.9351611030405;;92.61997571280848;;;;
2022-10-08 15:00:00;0.0;55.9351611030405;;90.08007624582665;;;;
2022-10-08 16:00:00;0.0;55.9351611030405;;86.14315922112232;;;;
2022-10-08 17:00:00;0.0;55.9351611030405;;81.07023954916606;;;;
2022-10-08 18:00:00;0.0;55.9351611030405;;75.20921995899062;;;;
2022-10-08 19:00:00;0.0;55.9351611030405;;68.95458086336008;;;;
2022-10-08 20:00:00;0.0;55.9351611030405;;62.72528799802217;;;;
2022-10-08 21:00:00;0.0;55.9351611030405;;56.93758815043895;;;;
2022-10-08 22:00:00;0.0;55.9351611030405;;51.97705732172069;;;;
2022-10-08 23:00:00;0.0;55.9351611030405;;50.0;;;;
2022-10-09 00:00:00;0.0;55.9351611030405;;50.0;;;;
2022-10-09 01:00:00;0.0;55.9351611030405;;50.0;;;;
2022-10-09 02:00:00;0.0;55.9351611030405;;50.0;;;;
2022-10-09 03:00:00;0.0;55.9351611030405;;50.0;;;;
2022-10-09 04:00:00;0.0;55.9351611030405;;51.17538246077449;;;;
2022-10-09 05:00:00;0.0;55.9351611030405;;56.05916716209695;;;;
2022-10-09 06:00:00;0.0;55.9351611030405;;61.76717867750352;;;;
2022-10-09 07:00:00;0.0;55.9351611030405;;67.92271392397329;;;;
2022-10-09 08:00:00;0.0;55.9351611030405;;74.11243085393802;;;;
2022-10-09 09:00:00;0.0;55.9351611030405;;79.92934010335466;;;;
2022-10-09 10:00:00;0.0;55.9351611030405;;84.98441777753862;;;;
2022-10-09 11:00:00;0.0;55.9351611030405;;88.94296419087834;;;;
2022-10-09 12:00:00;0.0;55.9351611030405;;91.53772274861808;;;;
2022-10-09 13:00:00;0.0;55.9351611030405;;92.5995698995443;;;;
2022-10-09 14:00:00;0.0;55.9351611030405;;92.0626066895775;;;;
2022-10-09 15:00:00;0.0;55.9351611030405;;89.96426494274402;;;;
2022-10-09 16:00:00;0.0;55.9351611030405;;86.44713559659509;;;;
2022-10-09 17:00:00;0.0;55.9351611030405;;81.76011062626428;;;;
2022-10-09 18:00:00;0.0;55.9351611030405;;76.22605421420812;;;;
2022-10-09 19:00:00;0.0;55.9351611030405;;70.23335393096097;;;;
2022-10-09 20:00:00;0.0;55.9351611030405;;64.19783770319108;;;;
2022-10-09 21:00:00;0.0;55.9351611030405;;58.54952259164965;;;;
2022-10-09 22:00:00;0.0;55.9351611030405;;53.69254585468366;;;;
2022-10-09 23:00:00;0.0;55.9351611030405;;50.0;;;;
2022-10-10 00:00:00;0.0;55.9351611030405;;50.0;;;;
2022-10-10 01:00:00;0.0;55.9351611030405;;50.0;;;;
2022-10-10 02:00:00;0.0;55.9351611030405;;50.0;;;;
2022-10-10 03:00:00;0.0;55.9351611030405;;50.0;;;;
2022-10-10 04:00:00;0.0;55.9351611030405;;52.60302229878876;;;;
2022-10-10 05:00:00;0.0;55.9351611030405;;57.72037310251005;;;;
2022-10-10 06:00:00;0.0;55.9351611030405;;63.66871261577826;;;;
2022-10-10 07:00:00;0.0;55.9351611030405;;70.05205210891026;;;;
2022-10-10 08:00:00;0.0;55.9351611030405;;76.44415429591109;;;;
2022-10-10 09:00:00;0.0;55.9351611030405;;82.40694947117774;;;;
2022-10-10 10:00:00;0.0;55.9351611030405;;87.53132982806184;;;;
2022-10-10 11:00:00;0.0;55.9351611030405;;91.45972201928318;;;;
2022-10-10 12:00:00;0.0;55.9351611030405;;93.92483602142444;;;;
2022-10-10 13:00:00;0.0;55.9351611030405;;94.75522629291322;;;;
2022-10-10 14:00:00;0.0;55.9351611030405;;93.89763466884978;;;;
2022-10-10 15:00:00;0.0;55.9351611030405;;91.40827229035158;;;;
2022-10-10 16:00:00;0.0;55.9351611030405;;87.46046418154906;;;;
2022-10-10 17:00:00;0.0;55.9351611030405;;82.31558800756699;;;;
2022-10-10 18:00:00;0.0;55.9351611030405;;76.33033631008098;;;;
2022-10-10 19:00:00;0.0;55.9351611030405;;69.90876350518059;;;;
2022-10-10 20:00:00;0.0;55.9351611030405;;63.49339380091556;;;;
2022-10-10 21:00:00;0.0;55.9351611030405;;57.51183638537199;;;;
2022-10-10 22:00:00;0.0;55.9351611030405;;52.36110010811301;;;;
2022-10-10 23:00:00;0.0;55.9351611030405;;50.0;;;;
2022-10-11 00:00:00;0.0;55.9351611030405;;50.0;;;;
2022-10-11 01:00:00;0.0;55.9351611030405;;50.0;;;;
2022-10-11 02:00:00;0.0;55.9351611030405;;50.0;;;;
2022-10-11 03:00:00;0.0;55.9351611030405;;50.0;;;;
2022-10-11 04:00:00;0.0;55.9351611030405;;50.0;;;;
2022-10-11 05:00:00;0.0;55.9351611030405;;53.50012846330029;;;;
2022-10-11 06:00:00;0.0;55.9351611030405;;58.5106218564887;;;;
2022-10-11 07:00:00;0.0;55.9351611030405;;63.83076385352383;;;;
2022-10-11 08:00:00;0.0;55.9351611030405;;69.06320328441613;;;;
2022-10-11 09:00:00;0.0;55.9351611030405;;73.82886654290732;;;;
2022-10-11 10:00:00;0.0;55.9351611030405;;77.77813866795705;;;;
2022-10-11 11:00:00;0.0;55.9351611030405;;80.62774514267402;;;;
2022-10-11 12:00:00;0.0;55.9351611030405;;82.1667937938793;;;;
2022-10-11 13:00:00;0.0;55.9351611030405;;82.28934965079483;;;;
2022-10-11 14:00:00;0.0;55.9351611030405;;80.97651826677927;;;;
2022-10-11 15:00:00;0.0;55.9351611030405;;78.31227799892464;;;;
2022-10-11 16:00:00;0.0;55.9351611030405;;74.46572695309496;;;;
2022-10-11 17:00:00;0.0;55.9351611030405;;69.69032975516204;;;;
2022-10-11 18:00:00;0.0;55.9351611030405;;64.29272734665977;;;;
2022-10-11 19:00:00;0.0;55.9351611030405;;58.61923769914894;;;;
2022-10-11 20:00:00;0.0;55.9351611030405;;53.02900314522611;;;;
2022-10-11 21:00:00;0.0;55.9351611030405;;50.0;;;;
2022-10-11 22:00:00;0.0;55.9351611030405;;50.0;;;;
2022-10-11 23:00:00;0.0;55.9351611030405;;50.0;;;;
2022-10-12 00:00:00;0.0;55.9351611030405;;50.0;;;;
2022-10-12 01:00:00;0.0;55.9351611030405;;50.0;;;;
2022-10-12 02:00:00;0.0;55.9351611030405;;50.0;;;;
2022-10-12 03:00:00;0.0;55.9351611030405;;50.0;;;;
2022-10-12 04:00:00;0.0;55.9351611030405;;50.0;;;;
2022-10-12 05:00:00;0.0;55.9351611030405;;50.0;;;;
2022-10-12 06:00:00;0.0;55.9351611030405;;50.71015574790218;;;;
2022-10-12 07:00:00;0.0;55.9351611030405;;55.55269000567604;;;;
2022-10-12 08:00:00;0.0;55.9351611030405;;60.40364615886364;;;;
2022-10-12 09:00:00;0.0;55.9351611030405;;64.93127481946433;;;;
2022-10-12 10:00:00;0.0;55.9351611030405;;68.83306513814857;;;;
2022-10-12 11:00:00;0.0;55.9351611030405;;71.84163111057921;;;;
2022-10-12 12:00:00;0.0;55.9351611030405;;73.75531025586928;;;;
2022-10-12 13:00:00;0.0;55.9351611030405;;74.44370274606953;;;;
2022-10-12 14:00:00;0.0;55.9351611030405;;73.86500626595665;;;;
2022-10-12 15:00:00;0.0;55.9351611030405;;72.05608518895122;;;;
2022-10-12 16:00:00;0.0;55.9351611030405;;69.13817390080362;;;;
2022-10-12 17:00:00;0.0;55.9351611030405;;65.30967489077614;;;;
2022-10-12 18:00:00;0.0;55.9351611030405;;60.83078687538389;;;;
2022-10-12 19:00:00;0.0;55.9351611030405;;56.00742815850063;;;;
2022-10-12 20:00:00;0.0;55.9351611030405;;51.17064885943972;;;;
2022-10-12 21:00:00;0.0;55.9351611030405;;50.0;;;;
2022-10-12 22:00:00;0.0;55.9351611030405;;50.0;;;;
2022-10-12 23:00:00;0.0;55.9351611030405;;50.0;;;;
2022-10-13 00:00:00;0.0;55.9351611030405;;50.0;;;;
2022-10-13 01:00:00;0.0;55.9351611030405;;50.0;;;;
2022-10-13 02:00:00;0.0;55.9351611030405;;50.0;;;;
2022-10-13 03:00:00;0.0;55.9351611030405;;50.0;;;;
2022-10-13 04:00:00;0.0;55.9351611030405;;50.0;;;;
2022-10-13 05:00:00;0.0;55.9351611030405;;50.18805108236925;;;;
2022-10-13 06:00:00;0.0;55.9351611030405;;55.45846489577393;;;;
2022-10-13 07:00:00;0.0;55.9351611030405;;61.13429694499581;;;;
2022-10-13 08:00:00;0.0;55.9351611030405;;66.84617111508209;;;;
2022-10-13 09:00:00;0.0;55.9351611030405;;72.21235291413538;;;;
2022-10-13 10:00:00;0.0;55.9351611030405;;76.87354393462739;;;;
2022-10-13 11:00:00;0.0;55.9351611030405;;80.51842164883335;;;;
2022-10-13 12:00:00;0.0;55.9351611030405;;82.90194958724993;;;;
2022-10-13 13:00:00;0.0;55.9351611030405;;83.86581858315864;;;;
2022-10-13 14:00:00;0.0;55.9351611030405;;83.34197030565043;;;;
2022-10-13 15:00:00;0.0;55.9351611030405;;81.3704646621173;;;;
2022-10-13 16:00:00;0.0;55.9351611030405;;78.09099963434221;;;;
2022-10-13 17:00:00;0.0;55.9351611030405;;73.73608779660984;;;;
2022-10-13 18:00:00;0.0;55.9351611030405;;68.60750394395382;;;;
2022-10-13 19:00:00;0.0;55.9351611030405;;63.06069988352513;;;;
2022-10-13 20:00:00;0.0;55.9351611030405;;57.48308204358058;;;;
2022-10-13 21:00:00;0.0;55.9351611030405;;52.26480853308276;;;;
2022-10-13 22:00:00;0.0;55.9351611030405;;50.0;;;;
2022-10-13 23:00:00;0.0;55.9351611030405;;50.0;;;;
2022-10-14 00:00:00;0.0;55.9351611030405;;50.0;;;;
2022-10-14 01:00:00;0.0;55.9351611030405;;50.0;;;;
2022-10-14 02:00:00;0.0;55.9351611030405;;50.0;;;;
2022-10-14 03:00:00;0.0;55.9351611030405;;50.0;;;;
2022-10-14 04:00:00;0.0;55.9351611030405;;50.0;;;;
2022-10-14 05:00:00;0.0;55.9351611030405;;54.59550470943726;;;;
2022-10-14 06:00:00;0.0;55.9351611030405;;59.99471506757853;;;;
2022-10-14 07:00:00;0.0;55.9351611030405;;65.76827453641758;;;;
2022-10-14 08:00:00;0.0;55.9351611030405;;71.51918652133057;;;;
2022-10-14 09:00:00;0.0;55.9351611030405;;76.85205227205506;;;;
2022-10-14 10:00:00;0.0;55.9351611030405;;81.39584859718045;;;;
2022-10-14 11:00:00;0.0;55.9351611030405;;84.83808843095316;;;;
2022-10-14 12:00:00;0.0;55.9351611030405;;86.94059399698516;;;;
2022-10-14 13:00:00;0.0;55.9351611030405;;87.56159506385569;;;;
2022-10-14 14:00:00;0.0;55.9351611030405;;86.65723059998794;;;;
2022-10-14 15:00:00;0.0;55.9351611030405;;84.29073930383232;;;;
2022-10-14 16:00:00;0.0;55.9351611030405;;80.62264134614364;;;;
2022-10-14 17:00:00;0.0;55.9351611030405;;75.90038133626342;;;;
2022-10-14 18:00:00;0.0;55.9351611030405;;70.44215026456861;;;;
2022-10-14 19:00:00;0.0;55.9351611030405;;64.61492367209449;;;;
2022-10-14 20:00:00;0.0;55.9351611030405;;58.81265818117888;;;;
2022-10-14 21:00:00;0.0;55.9351611030405;;53.42414599680175;;;;
2022-10-14 22:00:00;0.0;55.9351611030405;;50.0;;;;
2022-10-14 23:00:00;0.0;55.9351611030405;;50.0;;;;
2022-10-15 00:00:00;0.0;55.9351611030405;;50.0;;;;
2022-10-15 01:00:00;0.0;55.9351611030405;;50.0;;;;
2022-10-15 02:00:00;0.0;55.9351611030405;;50.0;;;;
2022-10-15 03:00:00;0.0;55.9351611030405;;50.0;;;;
2022-10-15 04:00:00;0.0;55.9351611030405;;50.32530951561;;;;
2022-10-15 05:00:00;0.0;55.9351611030405;;55.22019203616944;;;;
2022-10-15 06:00:00;0.0;55.9351611030405;;60.94715065494145;;;;
2022-10-15 07:00:00;0.0;55.9351611030405;;67.13919612041616;;;;
2022-10-15 08:00:00;0.0;55.9351611030405;;73.39261355802007;;;;
2022-10-15 09:00:00;0.0;55.9351611030405;;79.3016265325706;;;;
2022-10-15 10:00:00;0.0;55.9351611030405;;84.4838565540929;;;;
2022-10-15 11:00:00;0.0;55.9351611030405;;88.59659723975054;;;;
2022-10-15 12:00:00;0.0;55.9351611030405;;91.3736045603342;;;;
2022-10-15 13:00:00;0.0;55.9351611030405;;92.63288288074271;;;;
2022-10-15 14:00:00;0.0;55.9351611030405;;92.30009740664288;;;;
2022-10-15 15:00:00;0.0;55.9351611030405;;90.39892753739306;;;;
2022-10-15 16:00:00;0.0;55.9351611030405;;87.06449962740157;;;;
2022-10-15 17:00:00;0.0;55.9351611030405;;82.53372417662632;;;;
2022-10-15 18:00:00;0.0;55.9351611030405;;77.12955519608668;;;;
2022-10-15 19:00:00;0.0;55.9351611030405;;71.2319616986;;;;
2022-10-15 20:00:00;0.0;55.9351611030405;;65.2649494133788;;;;
2022-10-15 21:00:00;0.0;55.9351611030405;;59.6626879668386;;;;
2022-10-15 22:00:00;0.0;55.9351611030405;;54.8450421942857;;;;
2022-10-15 23:00:00;0.0;55.9351611030405;;50.93532675173675;;;;
2022-10-16 00:00:00;0.0;55.9351611030405;;50.0;;;;
2022-10-16 01:00:00;0.0;55.9351611030405;;50.0;;;;
2022-10-16 02:00:00;0.0;55.9351611030405;;50.0;;;;
2022-10-16 03:00:00;0.0;55.9351611030405;;51.59238114974426;;;;
2022-10-16 04:00:00;0.0;55.9351611030405;;55.92231431799678;;;;
2022-10-16 05:00:00;0.0;55.9351611030405;;61.51587328122962;;;;
2022-10-16 06:00:00;0.0;55.9351611030405;;68.02232814717229;;;;
2022-10-16 07:00:00;0.0;55.9351611030405;;75.025968017577;;;;
2022-10-16 08:00:00;0.0;55.9351611030405;;82.06541292434392;;;;
2022-10-16 09:00:00;0.0;55.9351611030405;;88.66937352482437;;;;
2022-10-16 10:00:00;0.0;55.9351611030405;;94.39644592935582;;;;
2022-10-16 11:00:00;0.0;55.9351611030405;;98.86105000815893;;;;
2022-10-16 12:00:00;0.0;55.9351611030405;;101.7590526524079;;;;
2022-10-16 13:00:00;0.0;55.9351611030405;;102.8939096208077;;;;
2022-10-16 14:00:00;0.0;55.9351611030405;;102.1880815847749;;;;
2022-10-16 15:00:00;0.0;55.9351611030405;;99.70041785916489;;;;
2022-10-16 16:00:00;0.0;55.9351611030405;;95.60149236699964;;;;
2022-10-16 17:00:00;0.0;55.9351611030405;;90.1822749619391;;;;
2022-10-16 18:00:00;0.0;55.9351611030405;;83.80789185526879;;;;
2022-10-16 19:00:00;0.0;55.9351611030405;;76.92347252551191;;;;
2022-10-16 20:00:00;0.0;55.9351611030405;;70.00537795010547;;;;
2022-10-16 21:00:00;0.0;55.9351611030405;;63.53902294568066;;;;
2022-10-16 22:00:00;0.0;55.9351611030405;;57.965433638969;;;;
2022-10-16 23:00:00;0.0;55.9351611030405;;52.99717382700904;;;;
2022-10-17 00:00:00;0.0;55.9351611030405;;50.0;;;;
2022-10-17 01:00:00;0.0;55.9351611030405;;50.0;;;;
2022-10-17 02:00:00;0.0;55.9351611030405;;50.0;;;;
2022-10-17 03:00:00;0.0;55.9351611030405;;50.92360286522899;;;;
2022-10-17 04:00:00;0.0;55.9351611030405;;54.68862875758172;;;;
2022-10-17 05:00:00;0.0;55.9351611030405;;59.60408229363079;;;;
2022-10-17 06:00:00;0.0;55.9351611030405;;65.30093139309338;;;;
2022-10-17 07:00:00;0.0;55.9351611030405;;71.36260065471745;;;;
2022-10-17 08:00:00;0.0;55.9351611030405;;77.3441702471066;;;;
2022-10-17 09:00:00;0.0;55.9351611030405;;82.81334565699922;;;;
2022-10-17 10:00:00;0.0;55.9351611030405;;87.37902131224757;;;;
2022-10-17 11:00:00;0.0;55.9351611030405;;90.71859342657582;;;;
2022-10-17 12:00:00;0.0;55.9351611030405;;92.5944767190386;;;;
2022-10-17 13:00:00;0.0;55.9351611030405;;92.86549720569874;;;;
2022-10-17 14:00:00;0.0;55.9351611030405;;91.51028248737131;;;;
2022-10-17 15:00:00;0.0;55.9351611030405;;88.61338728775826;;;;
2022-10-17 16:00:00;0.0;55.9351611030405;;84.36909480125105;;;;
2022-10-17 17:00:00;0.0;55.9351611030405;;79.05300663182666;;;;
2022-10-17 18:00:00;0.0;55.9351611030405;;73.01242986261458;;;;
2022-10-17 19:00:00;0.0;55.9351611030405;;66.63971647880578;;;;
2022-10-17 20:00:00;0.0;55.9351611030405;;60.34408756849942;;;;
2022-10-17 21:00:00;0.0;55.9351611030405;;54.527081663806;;;;
2022-10-17 22:00:00;0.0;55.9351611030405;;50.0;;;;
2022-10-17 23:00:00;0.0;55.9351611030405;;50.0;;;;
2022-10-18 00:00:00;0.0;55.9351611030405;;50.0;;;;
2022-10-18 01:00:00;0.0;55.9351611030405;;50.0;;;;
2022-10-18 02:00:00;0.0;55.9351611030405;;50.0;;;;
2022-10-18 03:00:00;0.0;55.9351611030405;;50.0;;;;
2022-10-18 04:00:00;0.0;55.9351611030405;;50.0;;;;
2022-10-18 05:00:00;0.0;55.9351611030405;;50.82518364098055;;;;
2022-10-18 06:00:00;0.0;55.9351611030405;;55.75340044960205;;;;
2022-10-18 07:00:00;0.0;55.9351611030405;;61.04554943423728;;;;
2022-10-18 08:00:00;0.0;55.9351611030405;;66.33249941677333;;;;
2022-10-18 09:00:00;0.0;55.9351611030405;;71.24929079237434;;;;
2022-10-18 10:00:00;0.0;55.9351611030405;;75.46262672645938;;;;
2022-10-18 11:00:00;0.0;55.9351611030405;;78.68308783783169;;;;
2022-10-18 12:00:00;0.0;55.9351611030405;;80.68906527121155;;;;
2022-10-18 13:00:00;0.0;55.9351611030405;;81.34150135805801;;;;
2022-10-18 14:00:00;0.0;55.9351611030405;;80.59622919090378;;;;
2022-10-18 15:00:00;0.0;55.9351611030405;;78.50596082557274;;;;
2022-10-18 16:00:00;0.0;55.9351611030405;;75.20772868090373;;;;
2022-10-18 17:00:00;0.0;55.9351611030405;;70.92486578221099;;;;
2022-10-18 18:00:00;0.0;55.9351611030405;;65.94273861706475;;;;
2022-10-18 19:00:00;0.0;55.9351611030405;;60.59963288042809;;;;
2022-10-18 20:00:00;0.0;55.9351611030405;;55.25598527124725;;;;
2022-10-18 21:00:00;0.0;55.9351611030405;;50.27789774652412;;;;
2022-10-18 22:00:00;0.0;55.9351611030405;;50.0;;;;
2022-10-18 23:00:00;0.0;55.9351611030405;;50.0;;;;
2022-10-19 00:00:00;0.0;55.9351611030405;;50.0;;;;
2022-10-19 01:00:00;0.0;55.9351611030405;;50.0;;;;
2022-10-19 02:00:00;0.0;55.9351611030405;;50.0;;;;
2022-10-19 03:00:00;0.0;55.9351611030405;;50.0;;;;
2022-10-19 04:00:00;0.0;55.9351611030405;;50.0;;;;
2022-10-19 05:00:00;0.0;55.9351611030405;;51.16276917467313;;;;
2022-10-19 06:00:00;0.0;55.9351611030405;;56.39365879127247;;;;
2022-10-19 07:00:00;0.0;55.9351611030405;;62.00822815120759;;;;
2022-10-19 08:00:00;0.0;55.9351611030405;;67.62878211908544;;;;
2022-10-19 09:00:00;0.0;55.9351611030405;;72.87196505501132;;;;
2022-10-19 10:00:00;0.0;55.9351611030405;;77.37989734911528;;;;
2022-10-19 11:00:00;0.0;55.9351611030405;;80.84429812403405;;;;
2022-10-19 12:00:00;0.0;55.9351611030405;;83.0242190513869;;;;
2022-10-19 13:00:00;0.0;55.9351611030405;;83.76924544830169;;;;
2022-10-19 14:00:00;0.0;55.9351611030405;;83.0288778168241;;;;
2022-10-19 15:00:00;0.0;55.9351611030405;;80.85422827003083;;;;
2022-10-19 16:00:00;0.0;55.9351611030405;;77.39377656641251;;;;
2022-10-19 17:00:00;0.0;55.9351611030405;;72.88312602704765;;;;
2022-10-19 18:00:00;0.0;55.9351611030405;;67.63217782087338;;;;
2022-10-19 19:00:00;0.0;55.9351611030405;;61.99892842168094;;;;
2022-10-19 20:00:00;0.0;55.9351611030405;;56.36669980555987;;;;
2022-10-19 21:00:00;0.0;55.9351611030405;;51.11343443238529;;;;
2022-10-19 22:00:00;0.0;55.9351611030405;;50.0;;;;
2022-10-19 23:00:00;0.0;55.9351611030405;;50.0;;;;
2022-10-20 00:00:00;0.0;55.9351611030405;;50.0;;;;
2022-10-20 01:00:00;0.0;55.9351611030405;;50.0;;;;
2022-10-20 02:00:00;0.0;55.9351611030405;;50.0;;;;
2022-10-20 03:00:00;0.0;55.9351611030405;;50.0;;;;
2022-10-20 04:00:00;0.0;55.9351611030405;;50.0;;;;
2022-10-20 05:00:00;0.0;55.9351611030405;;51.89030560184285;;;;
2022-10-20 06:00:00;0.0;55.9351611030405;;56.88385273927499;;;;
2022-10-20 07:00:00;0.0;55.9351611030405;;62.21078783487117;;;;
2022-10-20 08:00:00;0.0;55.9351611030405;;67.4919331972585;;;;
2022-10-20 09:00:00;0.0;55.9351611030405;;72.35157578846352;;;;
2022-10-20 10:00:00;0.0;55.9351611030405;;76.45085729148634;;;;
2022-10-20 11:00:00;0.0;55.9351611030405;;79.50073942123386;;;;
2022-10-20 12:00:00;0.0;55.9351611030405;;81.29110583462673;;;;
2022-10-20 13:00:00;0.0;55.9351611030405;;81.69184273380635;;;;
2022-10-20 14:00:00;0.0;55.9351611030405;;80.6713895727039;;;;
2022-10-20 15:00:00;0.0;55.9351611030405;;78.30202190477715;;;;
2022-10-20 16:00:00;0.0;55.9351611030405;;74.7412325614445;;;;
2022-10-20 17:00:00;0.0;55.9351611030405;;70.22829877721263;;;;
2022-10-20 18:00:00;0.0;55.9351611030405;;65.05622248883272;;;;
2022-10-20 19:00:00;0.0;55.9351611030405;;59.56979112884383;;;;
2022-10-20 20:00:00;0.0;55.9351611030405;;54.12750392422319;;;;
2022-10-20 21:00:00;0.0;55.9351611030405;;50.0;;;;
2022-10-20 22:00:00;0.0;55.9351611030405;;50.0;;;;
2022-10-20 23:00:00;0.0;55.9351611030405;;50.0;;;;
2022-10-21 00:00:00;0.0;55.9351611030405;;50.0;;;;
2022-10-21 01:00:00;0.0;55.9351611030405;;50.0;;;;
2022-10-21 02:00:00;0.0;55.9351611030405;;50.0;;;;
2022-10-21 03:00:00;0.0;55.9351611030405;;50.0;;;;
2022-10-21 04:00:00;0.0;55.9351611030405;;50.0;;;;
2022-10-21 05:00:00;0.0;55.9351611030405;;51.5570929984177;;;;
2022-10-21 06:00:00;0.0;55.9351611030405;;56.87378393225291;;;;
2022-10-21 07:00:00;0.0;55.9351611030405;;62.62661883732754;;;;
2022-10-21 08:00:00;0.0;55.9351611030405;;68.44218860435257;;;;
2022-10-21 09:00:00;0.0;55.9351611030405;;73.94780531005951;;;;
2022-10-21 10:00:00;0.0;55.9351611030405;;78.78916389888158;;;;
2022-10-21 11:00:00;0.0;55.9351611030405;;82.64708977553309;;;;
2022-10-21 12:00:00;0.0;55.9351611030405;;85.2697156039008;;;;
2022-10-21 13:00:00;0.0;55.9351611030405;;86.48243520079512;;;;
2022-10-21 14:00:00;0.0;55.9351611030405;;86.21890444049268;;;;
2022-10-21 15:00:00;0.0;55.9351611030405;;84.49864658461318;;;;
2022-10-21 16:00:00;0.0;55.9351611030405;;81.44856612510546;;;;
2022-10-21 17:00:00;0.0;55.9351611030405;;77.27808584754715;;;;
2022-10-21 18:00:00;0.0;55.9351611030405;;72.28321975628057;;;;
2022-10-21 19:00:00;0.0;55.9351611030405;;66.82343979204049;;;;
2022-10-21 20:00:00;0.0;55.9351611030405;;61.2938714178544;;;;
2022-10-21 21:00:00;0.0;55.9351611030405;;56.10565066073935;;;;
2022-10-21 22:00:00;0.0;55.9351611030405;;51.64371586924948;;;;
2022-10-21 23:00:00;0.0;55.9351611030405;;50.0;;;;
2022-10-22 00:00:00;0.0;55.9351611030405;;50.0;;;;
2022-10-22 01:00:00;0.0;55.9351611030405;;50.0;;;;
2022-10-22 02:00:00;0.0;55.9351611030405;;50.0;;;;
2022-10-22 03:00:00;0.0;55.9351611030405;;50.83697622624469;;;;
2022-10-22 04:00:00;0.0;55.9351611030405;;55.19467238021913;;;;
2022-10-22 05:00:00;0.0;55.9351611030405;;60.81908719701564;;;;
2022-10-22 06:00:00;0.0;55.9351611030405;;67.37094431111768;;;;
2022-10-22 07:00:00;0.0;55.9351611030405;;74.43749349885294;;;;
2022-10-22 08:00:00;0.0;55.9351611030405;;81.56580240548233;;;;
2022-10-22 09:00:00;0.0;55.9351611030405;;88.2912268987888;;;;
2022-10-22 10:00:00;0.0;55.9351611030405;;94.16774086351984;;;;
2022-10-22 11:00:00;0.0;55.9351611030405;;98.80775922819711;;;;
2022-10-22 12:00:00;0.0;55.9351611030405;;101.8992021245089;;;;
2022-10-22 13:00:00;0.0;55.9351611030405;;103.2415226142257;;;;
2022-10-22 14:00:00;0.0;55.9351611030405;;102.7401860551519;;;;
2022-10-22 15:00:00;0.0;55.9351611030405;;100.4405295137786;;;;
2022-10-22 16:00:00;0.0;55.9351611030405;;96.50148642202306;;;;
2022-10-22 17:00:00;0.0;55.9351611030405;;91.20933644480768;;;;
2022-10-22 18:00:00;0.0;55.9351611030405;;84.93813430277851;;;;
2022-10-22 19:00:00;0.0;55.9351611030405;;78.1303480714572;;;;
2022-10-22 20:00:00;0.0;55.9351611030405;;71.26599366218935;;;;
2022-10-22 21:00:00;0.0;55.9351611030405;;64.82922045724085;;;;
2022-10-22 22:00:00;0.0;55.9351611030405;;59.27932342147917;;;;
2022-10-22 23:00:00;0.0;55.9351611030405;;54.74000678732096;;;;
2022-10-23 00:00:00;0.0;55.9351611030405;;51.77703369624825;;;;
2022-10-23 01:00:00;0.0;55.9351611030405;;50.56630087588893;;;;
2022-10-23 02:00:00;0.0;55.9351611030405;;51.42794519578769;;;;
2022-10-23 03:00:00;0.0;55.9351611030405;;54.01818759408798;;;;
2022-10-23 04:00:00;0.0;55.9351611030405;;58.15283127360007;;;;
2022-10-23 05:00:00;0.0;55.9351611030405;;63.53119082953828;;;;
2022-10-23 06:00:00;0.0;55.9351611030405;;69.76842496322512;;;;
2022-10-23 07:00:00;0.0;55.9351611030405;;76.42035134839969;;;;
2022-10-23 08:00:00;0.0;55.9351611030405;;83.02049374600949;;;;
2022-10-23 09:00:00;0.0;55.9351611030405;;89.10878874587465;;;;
2022-10-23 10:00:00;0.0;55.9351611030405;;94.25414453064435;;;;
2022-10-23 11:00:00;0.0;55.9351611030405;;98.09755483466866;;;;
2022-10-23 12:00:00;0.0;55.9351611030405;;100.3696909630136;;;;
2022-10-23 13:00:00;0.0;55.9351611030405;;100.9143822623037;;;;
2022-10-23 14:00:00;0.0;55.9351611030405;;99.6883417330966;;;;
2022-10-23 15:00:00;0.0;55.9351611030405;;96.77307613309958;;;;
2022-10-23 16:00:00;0.0;55.9351611030405;;92.363310616797;;;;
2022-10-23 17:00:00;0.0;55.9351611030405;;86.75409899980592;;;;
2022-10-23 18:00:00;0.0;55.9351611030405;;80.314896537159;;;;
2022-10-23 19:00:00;0.0;55.9351611030405;;73.47286828726331;;;;
2022-10-23 20:00:00;0.0;55.9351611030405;;66.68058431124166;;;;
2022-10-23 21:00:00;0.0;55.9351611030405;;60.38575426045533;;;;
2022-10-23 22:00:00;0.0;55.9351611030405;;54.99509475838352;;;;
2022-10-23 23:00:00;0.0;55.9351611030405;;50.22358581615982;;;;
2022-10-24 00:00:00;0.0;55.9351611030405;;50.0;;;;
2022-10-24 01:00:00;0.0;55.9351611030405;;50.0;;;;
2022-10-24 02:00:00;0.0;55.9351611030405;;50.0;;;;
2022-10-24 03:00:00;0.0;55.9351611030405;;50.0;;;;
2022-10-24 04:00:00;0.0;55.9351611030405;;52.01609079252511;;;;
2022-10-24 05:00:00;0.0;55.9351611030405;;56.83618592822617;;;;
2022-10-24 06:00:00;0.0;55.9351611030405;;62.46374079585779;;;;
2022-10-24 07:00:00;0.0;55.9351611030405;;68.510322741297;;;;
2022-10-24 08:00:00;0.0;55.9351611030405;;74.56404329461874;;;;
2022-10-24 09:00:00;0.0;55.9351611030405;;80.21207612500328;;;;
2022-10-24 10:00:00;0.0;55.9351611030405;;85.07264451563738;;;;
2022-10-24 11:00:00;0.0;55.9351611030405;;88.81251538360851;;;;
2022-10-24 12:00:00;0.0;55.9351611030405;;91.18253282877124;;;;
2022-10-24 13:00:00;0.0;55.9351611030405;;92.02388114516106;;;;
2022-10-24 14:00:00;0.0;55.9351611030405;;91.27739603918003;;;;
2022-10-24 15:00:00;0.0;55.9351611030405;;88.99466305711927;;;;
2022-10-24 16:00:00;0.0;55.9351611030405;;85.32519668398864;;;;
2022-10-24 17:00:00;0.0;55.9351611030405;;80.51970464385649;;;;
2022-10-24 18:00:00;0.0;55.9351611030405;;74.90279123517908;;;;
2022-10-24 19:00:00;0.0;55.9351611030405;;68.86240225418351;;;;
2022-10-24 20:00:00;0.0;55.9351611030405;;62.81280837063532;;;;
2022-10-24 21:00:00;0.0;55.9351611030405;;57.16975528269073;;;;
2022-10-24 22:00:00;0.0;55.9351611030405;;52.32300898852174;;;;
2022-10-24 23:00:00;0.0;55.9351611030405;;50.0;;;;
2022-10-25 00:00:00;0.0;55.9351611030405;;50.0;;;;
2022-10-25 01:00:00;0.0;55.9351611030405;;50.0;;;;
2022-10-25 02:00:00;0.0;55.9351611030405;;50.0;;;;
2022-10-25 03:00:00;0.0;55.9351611030405;;50.0;;;;
2022-10-25 04:00:00;0.0;55.9351611030405;;51.08246978190574;;;;
2022-10-25 05:00:00;0.0;55.9351611030405;;55.96738214038601;;;;
2022-10-25 06:00:00;0.0;55.9351611030405;;61.64675750189694;;;;
2022-10-25 07:00:00;0.0;55.9351611030405;;67.73253391788911;;;;
2022-10-25 08:00:00;0.0;55.9351611030405;;73.80944417117604;;;;
2022-10-25 09:00:00;0.0;55.9351611030405;;79.46144902433258;;;;
2022-10-25 10:00:00;0.0;55.9351611030405;;84.29927295370058;;;;
2022-10-25 11:00:00;0.0;55.9351611030405;;87.98429575263467;;;;
2022-10-25 12:00:00;0.0;55.9351611030405;;90.26261821859843;;;;
2022-10-25 13:00:00;0.0;55.9351611030405;;90.97631667677192;;;;
2022-10-25 14:00:00;0.0;55.9351611030405;;90.07485638155948;;;;
2022-10-25 15:00:00;0.0;55.9351611030405;;87.6100442754862;;;;
2022-10-25 16:00:00;0.0;55.9351611030405;;83.74944570026146;;;;
2022-10-25 17:00:00;0.0;55.9351611030405;;78.75660541821624;;;;
2022-10-25 18:00:00;0.0;55.9351611030405;;72.97522911947284;;;;
2022-10-25 19:00:00;0.0;55.9351611030405;;66.79476010608876;;;;
2022-10-25 20:00:00;0.0;55.9351611030405;;60.63194751430851;;;;
2022-10-25 21:00:00;0.0;55.9351611030405;;54.89357142080725;;;;
2022-10-25 22:00:00;0.0;55.9351611030405;;50.0;;;;
2022-10-25 23:00:00;0.0;55.9351611030405;;50.0;;;;
2022-10-26 00:00:00;0.0;55.9351611030405;;50.0;;;;
2022-10-26 01:00:00;0.0;55.9351611030405;;50.0;;;;
2022-10-26 02:00:00;0.0;55.9351611030405;;50.0;;;;
2022-10-26 03:00:00;0.0;55.9351611030405;;50.0;;;;
2022-10-26 04:00:00;0.0;55.9351611030405;;50.0;;;;
2022-10-26 05:00:00;0.0;55.9351611030405;;52.88002898071834;;;;
2022-10-26 06:00:00;0.0;55.9351611030405;;57.83821283366165;;;;
2022-10-26 07:00:00;0.0;55.9351611030405;;63.10714938169407;;;;
2022-10-26 08:00:00;0.0;55.9351611030405;;68.29869857019534;;;;
2022-10-26 09:00:00;0.0;55.9351611030405;;73.03772225964958;;;;
2022-10-26 10:00:00;0.0;55.9351611030405;;76.98212191248444;;;;
2022-10-26 11:00:00;0.0;55.9351611030405;;79.84812299456382;;;;
2022-10-26 12:00:00;0.0;55.9351611030405;;81.42571939395171;;;;
2022-10-26 13:00:00;0.0;55.9351611030405;;81.6043450953869;;;;
2022-10-26 14:00:00;0.0;55.9351611030405;;80.36811028321974;;;;
2022-10-26 15:00:00;0.0;55.9351611030405;;77.79749841993825;;;;
2022-10-26 16:00:00;0.0;55.9351611030405;;74.05586806232063;;;;
2022-10-26 17:00:00;0.0;55.9351611030405;;69.38921230240277;;;;
2022-10-26 18:00:00;0.0;55.9351611030405;;64.09727873205468;;;;
2022-10-26 19:00:00;0.0;55.9351611030405;;58.52512443590034;;;;
2022-10-26 20:00:00;0.0;55.9351611030405;;53.0259330465156;;;;
2022-10-26 21:00:00;0.0;55.9351611030405;;50.0;;;;
2022-10-26 22:00:00;0.0;55.9351611030405;;50.0;;;;
2022-10-26 23:00:00;0.0;55.9351611030405;;50.0;;;;
2022-10-27 00:00:00;0.0;55.9351611030405;;50.0;;;;
2022-10-27 01:00:00;0.0;55.9351611030405;;50.0;;;;
2022-10-27 02:00:00;0.0;55.9351611030405;;50.0;;;;
2022-10-27 03:00:00;0.0;55.9351611030405;;50.0;;;;
2022-10-27 04:00:00;0.0;55.9351611030405;;50.0;;;;
2022-10-27 05:00:00;0.0;55.9351611030405;;50.0;;;;
2022-10-27 06:00:00;0.0;55.9351611030405;;53.7469300218481;;;;
2022-10-27 07:00:00;0.0;55.9351611030405;;59.03077773358376;;;;
2022-10-27 08:00:00;0.0;55.9351611030405;;64.35625391492778;;;;
2022-10-27 09:00:00;0.0;55.9351611030405;;69.37057370552492;;;;
2022-10-27 10:00:00;0.0;55.9351611030405;;73.74498260003034;;;;
2022-10-27 11:00:00;0.0;55.9351611030405;;77.18666057138745;;;;
2022-10-27 12:00:00;0.0;55.9351611030405;;79.46977231141969;;;;
2022-10-27 13:00:00;0.0;55.9351611030405;;80.44524213425834;;;;
2022-10-27 14:00:00;0.0;55.9351611030405;;80.0486636085411;;;;
2022-10-27 15:00:00;0.0;55.9351611030405;;78.31211897113903;;;;
2022-10-27 16:00:00;0.0;55.9351611030405;;75.35790960845321;;;;
2022-10-27 17:00:00;0.0;55.9351611030405;;71.39162350545833;;;;
2022-10-27 18:00:00;0.0;55.9351611030405;;66.68396940247986;;;;
2022-10-27 19:00:00;0.0;55.9351611030405;;61.56411446607836;;;;
2022-10-27 20:00:00;0.0;55.9351611030405;;56.40063590561302;;;;
2022-10-27 21:00:00;0.0;55.9351611030405;;51.56715147848032;;;;
2022-10-27 22:00:00;0.0;55.9351611030405;;50.0;;;;
2022-10-27 23:00:00;0.0;55.9351611030405;;50.0;;;;
2022-10-28 00:00:00;0.0;55.9351611030405;;50.0;;;;
2022-10-28 01:00:00;0.0;55.9351611030405;;50.0;;;;
2022-10-28 02:00:00;0.0;55.9351611030405;;50.0;;;;
2022-10-28 03:00:00;0.0;55.9351611030405;;50.0;;;;
2022-10-28 04:00:00;0.0;55.9351611030405;;51.77784551511544;;;;
2022-10-28 05:00:00;0.0;55.9351611030405;;57.03961981187159;;;;
2022-10-28 06:00:00;0.0;55.9351611030405;;63.17253643063554;;;;
2022-10-28 07:00:00;0.0;55.9351611030405;;69.79143321242769;;;;
2022-10-28 08:00:00;0.0;55.9351611030405;;76.47366035646877;;;;
2022-10-28 09:00:00;0.0;55.9351611030405;;82.78486204624886;;;;
2022-10-28 10:00:00;0.0;55.9351611030405;;88.31023045232705;;;;
2022-10-28 11:00:00;0.0;55.9351611030405;;92.684046558662;;;;
2022-10-28 12:00:00;0.0;55.9351611030405;;95.6129280888072;;;;
2022-10-28 13:00:00;0.0;55.9351611030405;;96.90046227462427;;;;
2022-10-28 14:00:00;0.0;55.9351611030405;;96.46696331321648;;;;
2022-10-28 15:00:00;0.0;55.9351611030405;;94.34520117435213;;;;
2022-10-28 16:00:00;0.0;55.9351611030405;;90.693693989719;;;;
2022-10-28 17:00:00;0.0;55.9351611030405;;85.76619209727215;;;;
2022-10-28 18:00:00;0.0;55.9351611030405;;79.91916653906371;;;;
2022-10-28 19:00:00;0.0;55.9351611030405;;73.56375176889162;;;;
2022-10-28 20:00:00;0.0;55.9351611030405;;67.15075574653027;;;;
2022-10-28 21:00:00;0.0;55.9351611030405;;61.13602214697938;;;;
2022-10-28 22:00:00;0.0;55.9351611030405;;55.94743755938121;;;;
2022-10-28 23:00:00;0.0;55.9351611030405;;52.33115847639565;;;;
2022-10-29 00:00:00;0.0;55.9351611030405;;50.19335766048759;;;;
2022-10-29 01:00:00;0.0;55.9351611030405;;50.0;;;;
2022-10-29 02:00:00;0.0;55.9351611030405;;50.64029013735905;;;;
2022-10-29 03:00:00;0.0;55.9351611030405;;53.25838008680647;;;;
2022-10-29 04:00:00;0.0;55.9351611030405;;57.40809896607182;;;;
2022-10-29 05:00:00;0.0;55.9351611030405;;62.80068396706712;;;;
2022-10-29 06:00:00;0.0;55.9351611030405;;69.06632735064734;;;;
2022-10-29 07:00:00;0.0;55.9351611030405;;75.76808109939483;;;;
2022-10-29 08:00:00;0.0;55.9351611030405;;82.44754491548962;;;;
2022-10-29 09:00:00;0.0;55.9351611030405;;88.63843137202359;;;;
2022-10-29 10:00:00;0.0;55.9351611030405;;93.91283012206732;;;;
2022-10-29 11:00:00;0.0;55.9351611030405;;97.90811528732678;;;;
2022-10-29 12:00:00;0.0;55.9351611030405;;100.3504531057168;;;;
2022-10-29 13:00:00;0.0;55.9351611030405;;101.074530942091;;;;
2022-10-29 14:00:00;0.0;55.9351611030405;;100.0288134721642;;;;
2022-10-29 15:00:00;0.0;55.9351611030405;;97.28765859502928;;;;
2022-10-29 16:00:00;0.0;55.9351611030405;;93.0336449075172;;;;
2022-10-29 17:00:00;0.0;55.9351611030405;;87.55756850908378;;;;
2022-10-29 18:00:00;0.0;55.9351611030405;;81.22598048912985;;;;
2022-10-29 19:00:00;0.0;55.9351611030405;;74.46921376712706;;;;
2022-10-29 20:00:00;0.0;55.9351611030405;;67.73694450478129;;;;
2022-10-29 21:00:00;0.0;55.9351611030405;;61.48491666597663;;;;
2022-10-29 22:00:00;0.0;55.9351611030405;;56.13028779206851;;;;
2022-10-29 23:00:00;0.0;55.9351611030405;;51.77906229637001;;;;
2022-10-30 00:00:00;0.0;55.9351611030405;;50.0;;;;
2022-10-30 01:00:00;0.0;55.9351611030405;;50.0;;;;
2022-10-30 02:00:00;0.0;55.9351611030405;;50.0;;;;
2022-10-30 03:00:00;0.0;55.9351611030405;;51.21986571490311;;;;
2022-10-30 04:00:00;0.0;55.9351611030405;;55.25684817310734;;;;
2022-10-30 05:00:00;0.0;55.9351611030405;;60.52855541881038;;;;
2022-10-30 06:00:00;0.0;55.9351611030405;;66.68800972107562;;;;
2022-10-30 07:00:00;0.0;55.9351611030405;;73.32795726921876;;;;
2022-10-30 08:00:00;0.0;55.9351611030405;;80.00730419565062;;;;
2022-10-30 09:00:00;0.0;55.9351611030405;;86.28449083274582;;;;
2022-10-30 10:00:00;0.0;55.9351611030405;;91.73969519648492;;;;
2022-10-30 11:00:00;0.0;55.9351611030405;;96.01404727925294;;;;
2022-10-30 12:00:00;0.0;55.9351611030405;;98.8197868726405;;;;
2022-10-30 13:00:00;0.0;55.9351611030405;;99.97220704146996;;;;
2022-10-30 14:00:00;0.0;55.9351611030405;;99.3954283078605;;;;
2022-10-30 15:00:00;0.0;55.9351611030405;;97.1316328060686;;;;
2022-10-30 16:00:00;0.0;55.9351611030405;;93.34050066793488;;;;
2022-10-30 17:00:00;0.0;55.9351611030405;;88.28124505320307;;;;
2022-10-30 18:00:00;0.0;55.9351611030405;;82.30367455864925;;;;
2022-10-30 19:00:00;0.0;55.9351611030405;;75.82909175806093;;;;
2022-10-30 20:00:00;0.0;55.9351611030405;;69.31206853685646;;;;
2022-10-30 21:00:00;0.0;55.9351611030405;;63.21581208453724;;;;
2022-10-30 22:00:00;0.0;55.9351611030405;;57.97073842536162;;;;
2022-10-30 23:00:00;0.0;55.9351611030405;;53.28923631226948;;;;
2022-10-31 00:00:00;0.0;55.9351611030405;;50.15539993308348;;;;
2022-10-31 01:00:00;0.0;55.9351611030405;;50.0;;;;
2022-10-31 02:00:00;0.0;55.9351611030405;;50.0;;;;
2022-10-31 03:00:00;0.0;55.9351611030405;;52.51844994584889;;;;
2022-10-31 04:00:00;0.0;55.9351611030405;;56.78608320788565;;;;
2022-10-31 05:00:00;0.0;55.9351611030405;;62.31344556023602;;;;
2022-10-31 06:00:00;0.0;55.9351611030405;;68.74259838794876;;;;
2022-10-31 07:00:00;0.0;55.9351611030405;;75.64360918654145;;;;
2022-10-31 08:00:00;0.0;55.9351611030405;;82.54852082901978;;;;
2022-10-31 09:00:00;0.0;55.9351611030405;;88.9890985800316;;;;
2022-10-31 10:00:00;0.0;55.9351611030405;;94.51856749132789;;;;
2022-10-31 11:00:00;0.0;55.9351611030405;;98.76083543048163;;;;
2022-10-31 12:00:00;0.0;55.9351611030405;;101.4223434996591;;;;
2022-10-31 13:00:00;0.0;55.9351611030405;;102.3232397192571;;;;
2022-10-31 14:00:00;0.0;55.9351611030405;;101.3978787835084;;;;
2022-10-31 15:00:00;0.0;55.9351611030405;;98.70696530047758;;;;
2022-10-31 16:00:00;0.0;55.9351611030405;;94.43637996096858;;;;
2022-10-31 17:00:00;0.0;55.9351611030405;;88.88069511583043;;;;
2022-10-31 18:00:00;0.0;55.9351611030405;;82.41952713968573;;;;
2022-10-31 19:00:00;0.0;55.9351611030405;;75.49005141931502;;;;
2022-10-31 20:00:00;0.0;55.9351611030405;;68.56348771844846;;;;
2022-10-31 21:00:00;0.0;55.9351611030405;;62.10314263745015;;;;
2022-10-31 22:00:00;0.0;55.9351611030405;;56.5412823107945;;;;
2022-10-31 23:00:00;0.0;55.9351611030405;;51.70125883666222;;;;
2022-11-01 00:00:00;0.0;55.9351611030405;;50.0;;;;
2022-11-01 01:00:00;0.0;55.9351611030405;;50.0;;;;
2022-11-01 02:00:00;0.0;55.9351611030405;;50.0;;;;
2022-11-01 03:00:00;0.0;55.9351611030405;;50.0;;;;
2022-11-01 04:00:00;0.0;55.9351611030405;;53.08885355201878;;;;
2022-11-01 05:00:00;0.0;55.9351611030405;;57.75010107706074;;;;
2022-11-01 06:00:00;0.0;55.9351611030405;;63.15563919834814;;;;
2022-11-01 07:00:00;0.0;55.9351611030405;;68.89201363571898;;;;
2022-11-01 08:00:00;0.0;55.9351611030405;;74.53920168537357;;;;
2022-11-01 09:00:00;0.0;55.9351611030405;;79.67944402911151;;;;
2022-11-01 10:00:00;0.0;55.9351611030405;;83.94175659629957;;;;
2022-11-01 11:00:00;0.0;55.9351611030405;;87.01354478638079;;;;
2022-11-01 12:00:00;0.0;55.9351611030405;;88.67582459562857;;;;
2022-11-01 13:00:00;0.0;55.9351611030405;;88.80950283388349;;;;
2022-11-01 14:00:00;0.0;55.9351611030405;;87.39493653025956;;;;
2022-11-01 15:00:00;0.0;55.9351611030405;;84.52265541148324;;;;
2022-11-01 16:00:00;0.0;55.9351611030405;;80.37438516723819;;;;
2022-11-01 17:00:00;0.0;55.9351611030405;;75.22250152314365;;;;
2022-11-01 18:00:00;0.0;55.9351611030405;;69.39673045295974;;;;
2022-11-01 19:00:00;0.0;55.9351611030405;;63.27279835800984;;;;
2022-11-01 20:00:00;0.0;55.9351611030405;;57.24163550264827;;;;
2022-11-01 21:00:00;0.0;55.9351611030405;;51.67993369446007;;;;
2022-11-01 22:00:00;0.0;55.9351611030405;;50.0;;;;
2022-11-01 23:00:00;0.0;55.9351611030405;;50.0;;;;
2022-11-02 00:00:00;0.0;55.9351611030405;;50.0;;;;
2022-11-02 01:00:00;0.0;55.9351611030405;;50.0;;;;
2022-11-02 02:00:00;0.0;55.9351611030405;;50.0;;;;
2022-11-02 03:00:00;0.0;55.9351611030405;;50.0;;;;
2022-11-02 04:00:00;0.0;55.9351611030405;;50.0;;;;
2022-11-02 05:00:00;0.0;55.9351611030405;;50.0;;;;
2022-11-02 06:00:00;0.0;55.9351611030405;;54.71702712049866;;;;
2022-11-02 07:00:00;0.0;55.9351611030405;;59.93957009342871;;;;
2022-11-02 08:00:00;0.0;55.9351611030405;;65.17091262173925;;;;
2022-11-02 09:00:00;0.0;55.9351611030405;;70.05329804980099;;;;
2022-11-02 10:00:00;0.0;55.9351611030405;;74.25980827019086;;;;
2022-11-02 11:00:00;0.0;55.9351611030405;;77.50735965713123;;;;
2022-11-02 12:00:00;0.0;55.9351611030405;;79.57458930195679;;;;
2022-11-02 13:00:00;0.0;55.9351611030405;;80.31985858584177;;;;
2022-11-02 14:00:00;0.0;55.9351611030405;;79.69724400893094;;;;
2022-11-02 15:00:00;0.0;55.9351611030405;;77.74756279039522;;;;
2022-11-02 16:00:00;0.0;55.9351611030405;;74.60214562374443;;;;
2022-11-02 17:00:00;0.0;55.9351611030405;;70.47159739777928;;;;
2022-11-02 18:00:00;0.0;55.9351611030405;;65.63583123372382;;;;
2022-11-02 19:00:00;0.0;55.9351611030405;;60.4279916684638;;;;
2022-11-02 20:00:00;0.0;55.9351611030405;;55.20453696488896;;;;
2022-11-02 21:00:00;0.0;55.9351611030405;;50.33301072192295;;;;
2022-11-02 22:00:00;0.0;55.9351611030405;;50.0;;;;
2022-11-02 23:00:00;0.0;55.9351611030405;;50.0;;;;
2022-11-03 00:00:00;0.0;55.9351611030405;;50.0;;;;
2022-11-03 01:00:00;0.0;55.9351611030405;;50.0;;;;
2022-11-03 02:00:00;0.0;55.9351611030405;;50.0;;;;
2022-11-03 03:00:00;0.0;55.9351611030405;;50.0;;;;
2022-11-03 04:00:00;0.0;55.9351611030405;;50.0;;;;
2022-11-03 05:00:00;0.0;55.9351611030405;;54.12124250339488;;;;
2022-11-03 06:00:00;0.0;55.9351611030405;;59.80388695692842;;;;
2022-11-03 07:00:00;0.0;55.9351611030405;;65.92327197427936;;;;
2022-11-03 08:00:00;0.0;55.9351611030405;;72.07978281492802;;;;
2022-11-03 09:00:00;0.0;55.9351611030405;;77.86321173609511;;;;
2022-11-03 10:00:00;0.0;55.9351611030405;;82.89003431830484;;;;
2022-11-03 11:00:00;0.0;55.9351611030405;;86.82418981998703;;;;
2022-11-03 12:00:00;0.0;55.9351611030405;;89.39987898752264;;;;
2022-11-03 13:00:00;0.0;55.9351611030405;;90.4422678707538;;;;
2022-11-03 14:00:00;0.0;55.9351611030405;;89.87982039621694;;;;
2022-11-03 15:00:00;0.0;55.9351611030405;;87.75647425859356;;;;
2022-11-03 16:00:00;0.0;55.9351611030405;;84.22189321544077;;;;
2022-11-03 17:00:00;0.0;55.9351611030405;;79.52349969620188;;;;
2022-11-03 18:00:00;0.0;55.9351611030405;;73.98893607776274;;;;
2022-11-03 19:00:00;0.0;55.9351611030405;;68.007562397594;;;;
2022-11-03 20:00:00;0.0;55.9351611030405;;61.99341338963701;;;;
2022-11-03 21:00:00;0.0;55.9351611030405;;56.36646132152131;;;;
2022-11-03 22:00:00;0.0;55.9351611030405;;51.51726871657471;;;;
2022-11-03 23:00:00;0.0;55.9351611030405;;50.0;;;;
2022-11-04 00:00:00;0.0;55.9351611030405;;50.0;;;;
2022-11-04 01:00:00;0.0;55.9351611030405;;50.0;;;;
2022-11-04 02:00:00;0.0;55.9351611030405;;50.0;;;;
2022-11-04 03:00:00;0.0;55.9351611030405;;50.0;;;;
2022-11-04 04:00:00;0.0;55.9351611030405;;53.84847966269298;;;;
2022-11-04 05:00:00;0.0;55.9351611030405;;58.86053031433455;;;;
2022-11-04 06:00:00;0.0;55.9351611030405;;64.68141766057599;;;;
2022-11-04 07:00:00;0.0;55.9351611030405;;70.90905302739671;;;;
2022-11-04 08:00:00;0.0;55.9351611030405;;77.11071304155658;;;;
2022-11-04 09:00:00;0.0;55.9351611030405;;82.86057788897892;;;;
2022-11-04 10:00:00;0.0;55.9351611030405;;87.76016430765509;;;;
2022-11-04 11:00:00;0.0;55.9351611030405;;91.47249530007662;;;;
2022-11-04 12:00:00;0.0;55.9351611030405;;93.74436435505191;;;;
2022-11-04 13:00:00;0.0;55.9351611030405;;94.420286417824;;;;
2022-11-04 14:00:00;0.0;55.9351611030405;;93.45296304140876;;;;
2022-11-04 15:00:00;0.0;55.9351611030405;;90.9058425532138;;;;
2022-11-04 16:00:00;0.0;55.9351611030405;;86.95297810669605;;;;
2022-11-04 17:00:00;0.0;55.9351611030405;;81.86327648017732;;;;
2022-11-04 18:00:00;0.0;55.9351611030405;;75.98053022529558;;;;
2022-11-04 19:00:00;0.0;55.9351611030405;;69.69922813050815;;;;
2022-11-04 20:00:00;0.0;55.9351611030405;;63.44191633984165;;;;
2022-11-04 21:00:00;0.0;55.9351611030405;;57.6303710130803;;;;
2022-11-04 22:00:00;0.0;55.9351611030405;;52.65720015538233;;;;
2022-11-04 23:00:00;0.0;55.9351611030405;;50.0;;;;
2022-11-05 00:00:00;0.0;55.9351611030405;;50.0;;;;
2022-11-05 01:00:00;0.0;55.9351611030405;;50.0;;;;
2022-11-05 02:00:00;0.0;55.9351611030405;;50.0;;;;
2022-11-05 03:00:00;0.0;55.9351611030405;;50.20385058537047;;;;
2022-11-05 04:00:00;0.0;55.9351611030405;;54.24284298353079;;;;
2022-11-05 05:00:00;0.0;55.9351611030405;;59.51522681768772;;;;
2022-11-05 06:00:00;0.0;55.9351611030405;;65.68490795355744;;;;
2022-11-05 07:00:00;0.0;55.9351611030405;;72.35702624286606;;;;
2022-11-05 08:00:00;0.0;55.9351611030405;;79.09769333615452;;;;
2022-11-05 09:00:00;0.0;55.9351611030405;;85.47021880716247;;;;
2022-11-05 10:00:00;0.0;55.9351611030405;;91.05565422671977;;;;
2022-11-05 11:00:00;0.0;55.9351611030405;;95.49229111497738;;;;
2022-11-05 12:00:00;0.0;55.9351611030405;;98.488827939641;;;;
2022-11-05 13:00:00;0.0;55.9351611030405;;99.85070830585911;;;;
2022-11-05 14:00:00;0.0;55.9351611030405;;99.49318643228358;;;;
2022-11-05 15:00:00;0.0;55.9351611030405;;97.4476971391184;;;;
2022-11-05 16:00:00;0.0;55.9351611030405;;93.85975387127752;;;;
2022-11-05 17:00:00;0.0;55.9351611030405;;88.98032568538753;;;;
2022-11-05 18:00:00;0.0;55.9351611030405;;83.1552484979568;;;;
2022-11-05 19:00:00;0.0;55.9351611030405;;76.79810795590194;;;;
2022-11-05 20:00:00;0.0;55.9351611030405;;70.36572210876373;;;;
2022-11-05 21:00:00;0.0;55.9351611030405;;64.32767801609265;;;;
2022-11-05 22:00:00;0.0;55.9351611030405;;59.1343509392515;;;;
2022-11-05 23:00:00;0.0;55.9351611030405;;54.91223172030411;;;;
2022-11-06 00:00:00;0.0;55.9351611030405;;52.25125821565713;;;;
2022-11-06 01:00:00;0.0;55.9351611030405;;51.35770946401075;;;;
2022-11-06 02:00:00;0.0;55.9351611030405;;52.58460148631073;;;;
2022-11-06 03:00:00;0.0;55.9351611030405;;55.61348710734259;;;;
2022-11-06 04:00:00;0.0;55.9351611030405;;60.28272579136479;;;;
2022-11-06 05:00:00;0.0;55.9351611030405;;66.31364163678043;;;;
2022-11-06 06:00:00;0.0;55.9351611030405;;73.3295345753061;;;;
2022-11-06 07:00:00;0.0;55.9351611030405;;80.8763560152442;;;;
2022-11-06 08:00:00;0.0;55.9351611030405;;88.45550440817719;;;;
2022-11-06 09:00:00;0.0;55.9351611030405;;95.5648187818261;;;;
2022-11-06 10:00:00;0.0;55.9351611030405;;101.7319252417929;;;;
2022-11-06 11:00:00;0.0;55.9351611030405;;106.5455568016816;;;;
2022-11-06 12:00:00;0.0;55.9351611030405;;109.671443469422;;;;
2022-11-06 13:00:00;0.0;55.9351611030405;;110.8973790920004;;;;
2022-11-06 14:00:00;0.0;55.9351611030405;;110.1375189397336;;;;
2022-11-06 15:00:00;0.0;55.9351611030405;;107.453700581408;;;;
2022-11-06 16:00:00;0.0;55.9351611030405;;103.0302599681339;;;;
2022-11-06 17:00:00;0.0;55.9351611030405;;97.17869248987344;;;;
2022-11-06 18:00:00;0.0;55.9351611030405;;90.30486611406072;;;;
2022-11-06 19:00:00;0.0;55.9351611030405;;82.89007412128561;;;;
2022-11-06 20:00:00;0.0;55.9351611030405;;75.44673557030674;;;;
2022-11-06 21:00:00;0.0;55.9351611030405;;68.48648760620443;;;;
2022-11-06 22:00:00;0.0;55.9351611030405;;62.48108270106817;;;;
2022-11-06 23:00:00;0.0;55.9351611030405;;57.1161491319199;;;;
2022-11-07 00:00:00;0.0;55.9351611030405;;53.43663207231774;;;;
2022-11-07 01:00:00;0.0;55.9351611030405;;51.6004620745144;;;;
2022-11-07 02:00:00;0.0;55.9351611030405;;52.35635543436815;;;;
2022-11-07 03:00:00;0.0;55.9351611030405;;54.86087813191057;;;;
2022-11-07 04:00:00;0.0;55.9351611030405;;58.91425751863587;;;;
2022-11-07 05:00:00;0.0;55.9351611030405;;64.20783683440392;;;;
2022-11-07 06:00:00;0.0;55.9351611030405;;70.34603302527087;;;;
2022-11-07 07:00:00;0.0;55.9351611030405;;76.8769349228237;;;;
2022-11-07 08:00:00;0.0;55.9351611030405;;83.32289833721856;;;;
2022-11-07 09:00:00;0.0;55.9351611030405;;89.22066408426674;;;;
2022-11-07 10:00:00;0.0;55.9351611030405;;94.14721220538;;;;
2022-11-07 11:00:00;0.0;55.9351611030405;;97.74884198787082;;;;
2022-11-07 12:00:00;0.0;55.9351611030405;;99.7702537569429;;;;
2022-11-07 13:00:00;0.0;55.9351611030405;;100.0646806200676;;;;
2022-11-07 14:00:00;0.0;55.9351611030405;;98.60526922505407;;;;
2022-11-07 15:00:00;0.0;55.9351611030405;;95.48232143652524;;;;
2022-11-07 16:00:00;0.0;55.9351611030405;;90.89943730954948;;;;
2022-11-07 17:00:00;0.0;55.9351611030405;;85.16439518512968;;;;
2022-11-07 18:00:00;0.0;55.9351611030405;;78.64902957981157;;;;
2022-11-07 19:00:00;0.0;55.9351611030405;;71.77911050926522;;;;
2022-11-07 20:00:00;0.0;55.9351611030405;;64.99254476283485;;;;
2022-11-07 21:00:00;0.0;55.9351611030405;;58.72292190912692;;;;
2022-11-07 22:00:00;0.0;55.9351611030405;;53.358272032377;;;;
2022-11-07 23:00:00;0.0;55.9351611030405;;50.0;;;;
2022-11-08 00:00:00;0.0;55.9351611030405;;50.0;;;;
2022-11-08 01:00:00;0.0;55.9351611030405;;50.0;;;;
2022-11-08 02:00:00;0.0;55.9351611030405;;50.0;;;;
2022-11-08 03:00:00;0.0;55.9351611030405;;50.0;;;;
2022-11-08 04:00:00;0.0;55.9351611030405;;50.16295594159031;;;;
2022-11-08 05:00:00;0.0;55.9351611030405;;54.70772930865671;;;;
2022-11-08 06:00:00;0.0;55.9351611030405;;60.01573901249196;;;;
2022-11-08 07:00:00;0.0;55.9351611030405;;65.71528499526218;;;;
2022-11-08 08:00:00;0.0;55.9351611030405;;71.40876394827352;;;;
2022-11-08 09:00:00;0.0;55.9351611030405;;76.70375543751167;;;;
2022-11-08 10:00:00;0.0;55.9351611030405;;81.23769562210958;;;;
2022-11-08 11:00:00;0.0;55.9351611030405;;84.69757086816196;;;;
2022-11-08 12:00:00;0.0;55.9351611030405;;86.85217754183378;;;;
2022-11-08 13:00:00;0.0;55.9351611030405;;87.55646871501321;;;;
2022-11-08 14:00:00;0.0;55.9351611030405;;86.76262926315374;;;;
2022-11-08 15:00:00;0.0;55.9351611030405;;84.51730175303742;;;;
2022-11-08 16:00:00;0.0;55.9351611030405;;80.970745610623;;;;
2022-11-08 17:00:00;0.0;55.9351611030405;;76.36084115690241;;;;
2022-11-08 18:00:00;0.0;55.9351611030405;;70.99642725566734;;;;
2022-11-08 19:00:00;0.0;55.9351611030405;;65.24205297397347;;;;
2022-11-08 20:00:00;0.0;55.9351611030405;;59.48775027826485;;;;
2022-11-08 21:00:00;0.0;55.9351611030405;;54.13043832696633;;;;
2022-11-08 22:00:00;0.0;55.9351611030405;;50.0;;;;
2022-11-08 23:00:00;0.0;55.9351611030405;;50.0;;;;
2022-11-09 00:00:00;0.0;55.9351611030405;;50.0;;;;
2022-11-09 01:00:00;0.0;55.9351611030405;;50.0;;;;
2022-11-09 02:00:00;0.0;55.9351611030405;;50.0;;;;
2022-11-09 03:00:00;0.0;55.9351611030405;;50.0;;;;
2022-11-09 04:00:00;0.0;55.9351611030405;;50.2102721379519;;;;
2022-11-09 05:00:00;0.0;55.9351611030405;;55.04025519658568;;;;
2022-11-09 06:00:00;0.0;55.9351611030405;;60.66435579881504;;;;
2022-11-09 07:00:00;0.0;55.9351611030405;;66.70226177413589;;;;
2022-11-09 08:00:00;0.0;55.9351611030405;;72.743486343518;;;;
2022-11-09 09:00:00;0.0;55.9351611030405;;78.37964562349184;;;;
2022-11-09 10:00:00;0.0;55.9351611030405;;83.22416535148699;;;;
2022-11-09 11:00:00;0.0;55.9351611030405;;86.94713206995557;;;;
2022-11-09 12:00:00;0.0;55.9351611030405;;89.29032012944272;;;;
2022-11-09 13:00:00;0.0;55.9351611030405;;90.09627015313534;;;;
2022-11-09 14:00:00;0.0;55.9351611030405;;89.30530271328313;;;;
2022-11-09 15:00:00;0.0;55.9351611030405;;86.9717651649539;;;;
2022-11-09 16:00:00;0.0;55.9351611030405;;83.25281928352733;;;;
2022-11-09 17:00:00;0.0;55.9351611030405;;78.40450476022899;;;;
2022-11-09 18:00:00;0.0;55.9351611030405;;72.75617651182638;;;;
2022-11-09 19:00:00;0.0;55.9351611030405;;66.69616941297816;;;;
2022-11-09 20:00:00;0.0;55.9351611030405;;60.63616210978017;;;;
2022-11-09 21:00:00;0.0;55.9351611030405;;54.98665661372219;;;;
2022-11-09 22:00:00;0.0;55.9351611030405;;50.12560675183882;;;;
2022-11-09 23:00:00;0.0;55.9351611030405;;50.0;;;;
2022-11-10 00:00:00;0.0;55.9351611030405;;50.0;;;;
2022-11-10 01:00:00;0.0;55.9351611030405;;50.0;;;;
2022-11-10 02:00:00;0.0;55.9351611030405;;50.0;;;;
2022-11-10 03:00:00;0.0;55.9351611030405;;50.0;;;;
2022-11-10 04:00:00;0.0;55.9351611030405;;51.19059254920109;;;;
2022-11-10 05:00:00;0.0;55.9351611030405;;55.81435758813797;;;;
2022-11-10 06:00:00;0.0;55.9351611030405;;61.18600100254959;;;;
2022-11-10 07:00:00;0.0;55.9351611030405;;66.91781082735307;;;;
2022-11-10 08:00:00;0.0;55.9351611030405;;72.60103689890269;;;;
2022-11-10 09:00:00;0.0;55.9351611030405;;77.8328677408181;;;;
2022-11-10 10:00:00;0.0;55.9351611030405;;82.24196065806026;;;;
2022-11-10 11:00:00;0.0;55.9351611030405;;85.51731330224925;;;;
2022-11-10 12:00:00;0.0;55.9351611030405;;87.43135339784287;;;;
2022-11-10 13:00:00;0.0;55.9351611030405;;87.85704295014317;;;;
2022-11-10 14:00:00;0.0;55.9351611030405;;86.76315277770945;;;;
2022-11-10 15:00:00;0.0;55.9351611030405;;84.22080112033561;;;;
2022-11-10 16:00:00;0.0;55.9351611030405;;80.39680755082789;;;;
2022-11-10 17:00:00;0.0;55.9351611030405;;75.54673723363621;;;;
2022-11-10 18:00:00;0.0;55.9351611030405;;69.99211259740272;;;;
2022-11-10 19:00:00;0.0;55.9351611030405;;64.09500560493038;;;;
2022-11-10 20:00:00;0.0;55.9351611030405;;58.24589905847543;;;;
2022-11-10 21:00:00;0.0;55.9351611030405;;52.82789747796773;;;;
2022-11-10 22:00:00;0.0;55.9351611030405;;50.0;;;;
2022-11-10 23:00:00;0.0;55.9351611030405;;50.0;;;;
2022-11-11 00:00:00;0.0;55.9351611030405;;50.0;;;;
2022-11-11 01:00:00;0.0;55.9351611030405;;50.0;;;;
2022-11-11 02:00:00;0.0;55.9351611030405;;50.0;;;;
2022-11-11 03:00:00;0.0;55.9351611030405;;50.0;;;;
2022-11-11 04:00:00;0.0;55.9351611030405;;50.57626731462967;;;;
2022-11-11 05:00:00;0.0;55.9351611030405;;55.46218261703908;;;;
2022-11-11 06:00:00;0.0;55.9351611030405;;61.18648521671912;;;;
2022-11-11 07:00:00;0.0;55.9351611030405;;67.38014747703221;;;;
2022-11-11 08:00:00;0.0;55.9351611030405;;73.64290659876924;;;;
2022-11-11 09:00:00;0.0;55.9351611030405;;79.56713344092924;;;;
2022-11-11 10:00:00;0.0;55.9351611030405;;84.77469692583335;;;;
2022-11-11 11:00:00;0.0;55.9351611030405;;88.91762809633195;;;;
2022-11-11 12:00:00;0.0;55.9351611030405;;91.7359880152478;;;;
2022-11-11 13:00:00;0.0;55.9351611030405;;93.04399001351224;;;;
2022-11-11 14:00:00;0.0;55.9351611030405;;92.76258587748194;;;;
2022-11-11 15:00:00;0.0;55.9351611030405;;90.9165223902304;;;;
2022-11-11 16:00:00;0.0;55.9351611030405;;87.63472137632813;;;;
2022-11-11 17:00:00;0.0;55.9351611030405;;83.15239404781585;;;;
2022-11-11 18:00:00;0.0;55.9351611030405;;77.7832546872693;;;;
2022-11-11 19:00:00;0.0;55.9351611030405;;71.91170047741612;;;;
2022-11-11 20:00:00;0.0;55.9351611030405;;65.96323049476032;;;;
2022-11-11 21:00:00;0.0;55.9351611030405;;60.37623593350793;;;;
2022-11-11 22:00:00;0.0;55.9351611030405;;55.57362105950814;;;;
2022-11-11 23:00:00;0.0;55.9351611030405;;52.29922203291183;;;;
2022-11-12 00:00:00;0.0;55.9351611030405;;50.48586550335463;;;;
2022-11-12 01:00:00;0.0;55.9351611030405;;50.35122022169367;;;;
2022-11-12 02:00:00;0.0;55.9351611030405;;51.63708931367361;;;;
2022-11-12 03:00:00;0.0;55.9351611030405;;54.70029410283735;;;;
2022-11-12 04:00:00;0.0;55.9351611030405;;59.39294167899256;;;;
2022-11-12 05:00:00;0.0;55.9351611030405;;65.44681482759896;;;;
2022-11-12 06:00:00;0.0;55.9351611030405;;72.49728712176486;;;;
2022-11-12 07:00:00;0.0;55.9351611030405;;80.09904676033227;;;;
2022-11-12 08:00:00;0.0;55.9351611030405;;87.7681818763304;;;;
2022-11-12 09:00:00;0.0;55.9351611030405;;95.0085987631438;;;;
2022-11-12 10:00:00;0.0;55.9351611030405;;101.3406092105411;;;;
2022-11-12 11:00:00;0.0;55.9351611030405;;106.3413455963585;;;;
2022-11-12 12:00:00;0.0;55.9351611030405;;109.672505270496;;;;
2022-11-12 13:00:00;0.0;55.9351611030405;;111.1148784814435;;;;
2022-11-12 14:00:00;0.0;55.9351611030405;;110.5794490217106;;;;
2022-11-12 15:00:00;0.0;55.9351611030405;;108.1032773896835;;;;
2022-11-12 16:00:00;0.0;55.9351611030405;;103.8692442673152;;;;
2022-11-12 17:00:00;0.0;55.9351611030405;;98.17337154618627;;;;
2022-11-12 18:00:00;0.0;55.9351611030405;;91.42467810629677;;;;
2022-11-12 19:00:00;0.0;55.9351611030405;;84.09730939310793;;;;
2022-11-12 20:00:00;0.0;55.9351611030405;;76.70810649766908;;;;
2022-11-12 21:00:00;0.0;55.9351611030405;;69.77852233865204;;;;
2022-11-12 22:00:00;0.0;55.9351611030405;;63.79924115773554;;;;
2022-11-12 23:00:00;0.0;55.9351611030405;;58.89910124801212;;;;
2022-11-13 00:00:00;0.0;55.9351611030405;;55.70058643937779;;;;
2022-11-13 01:00:00;0.0;55.9351611030405;;54.39083093927582;;;;
2022-11-13 02:00:00;0.0;55.9351611030405;;55.31866115338736;;;;
2022-11-13 03:00:00;0.0;55.9351611030405;;58.10362455545116;;;;
2022-11-13 04:00:00;0.0;55.9351611030405;;62.54704260822881;;;;
2022-11-13 05:00:00;0.0;55.9351611030405;;68.32905533457605;;;;
2022-11-13 06:00:00;0.0;55.9351611030405;;75.03663203369497;;;;
2022-11-13 07:00:00;0.0;55.9351611030405;;82.19293740687797;;;;
2022-11-13 08:00:00;0.0;55.9351611030405;;89.2934209665724;;;;
2022-11-13 09:00:00;0.0;55.9351611030405;;95.83738720360772;;;;
2022-11-13 10:00:00;0.0;55.9351611030405;;101.3678979687462;;;;
2022-11-13 11:00:00;0.0;55.9351611030405;;105.4973437598504;;;;
2022-11-13 12:00:00;0.0;55.9351611030405;;107.935928591674;;;;
2022-11-13 13:00:00;0.0;55.9351611030405;;108.5142933985009;;;;
2022-11-13 14:00:00;0.0;55.9351611030405;;107.1901627449858;;;;
2022-11-13 15:00:00;0.0;55.9351611030405;;104.052546045973;;;;
2022-11-13 16:00:00;0.0;55.9351611030405;;99.30708781040742;;;;
2022-11-13 17:00:00;0.0;55.9351611030405;;93.27224437388278;;;;
2022-11-13 18:00:00;0.0;55.9351611030405;;86.3504561454092;;;;
2022-11-13 19:00:00;0.0;55.9351611030405;;79.00063482964245;;;;
2022-11-13 20:00:00;0.0;55.9351611030405;;71.70232334843188;;;;
2022-11-13 21:00:00;0.0;55.9351611030405;;64.93514156825913;;;;
2022-11-13 22:00:00;0.0;55.9351611030405;;59.13742873464572;;;;
2022-11-13 23:00:00;0.0;55.9351611030405;;53.99576867547096;;;;
2022-11-14 00:00:00;0.0;55.9351611030405;;50.48626858325163;;;;
2022-11-14 01:00:00;0.0;55.9351611030405;;50.0;;;;
2022-11-14 02:00:00;0.0;55.9351611030405;;50.0;;;;
2022-11-14 03:00:00;0.0;55.9351611030405;;51.94964549096571;;;;
2022-11-14 04:00:00;0.0;55.9351611030405;;55.9010565053341;;;;
2022-11-14 05:00:00;0.0;55.9351611030405;;61.07527772427854;;;;
2022-11-14 06:00:00;0.0;55.9351611030405;;67.1152905884777;;;;
2022-11-14 07:00:00;0.0;55.9351611030405;;73.6089908404157;;;;
2022-11-14 08:00:00;0.0;55.9351611030405;;80.1121925965879;;;;
2022-11-14 09:00:00;0.0;55.9351611030405;;86.18180209734854;;;;
2022-11-14 10:00:00;0.0;55.9351611030405;;91.40094116537831;;;;
2022-11-14 11:00:00;0.0;55.9351611030405;;95.41685203062856;;;;
2022-11-14 12:00:00;0.0;55.9351611030405;;97.96420884565347;;;;
2022-11-14 13:00:00;0.0;55.9351611030405;;98.87145631570812;;;;
2022-11-14 14:00:00;0.0;55.9351611030405;;98.0752013319241;;;;
2022-11-14 15:00:00;0.0;55.9351611030405;;95.62176372821644;;;;
2022-11-14 16:00:00;0.0;55.9351611030405;;91.67621340270644;;;;
2022-11-14 17:00:00;0.0;55.9351611030405;;86.51048191224712;;;;
2022-11-14 18:00:00;0.0;55.9351611030405;;80.47699259111519;;;;
2022-11-14 19:00:00;0.0;55.9351611030405;;73.98942125656139;;;;
2022-11-14 20:00:00;0.0;55.9351611030405;;67.48821921575342;;;;
2022-11-14 21:00:00;0.0;55.9351611030405;;61.42133409088252;;;;
2022-11-14 22:00:00;0.0;55.9351611030405;;56.21107697213601;;;;
2022-11-14 23:00:00;0.0;55.9351611030405;;51.67818263069873;;;;
2022-11-15 00:00:00;0.0;55.9351611030405;;50.0;;;;
2022-11-15 01:00:00;0.0;55.9351611030405;;50.0;;;;
2022-11-15 02:00:00;0.0;55.9351611030405;;50.0;;;;
2022-11-15 03:00:00;0.0;55.9351611030405;;50.79874507639367;;;;
2022-11-15 04:00:00;0.0;55.9351611030405;;54.83805800634568;;;;
2022-11-15 05:00:00;0.0;55.9351611030405;;60.08316229713986;;;;
2022-11-15 06:00:00;0.0;55.9351611030405;;66.18400998062026;;;;
2022-11-15 07:00:00;0.0;55.9351611030405;;72.72602837252295;;;;
2022-11-15 08:00:00;0.0;55.9351611030405;;79.258994272726;;;;
2022-11-15 09:00:00;0.0;55.9351611030405;;85.33243291513139;;;;
2022-11-15 10:00:00;0.0;55.9351611030405;;90.526377893506;;;;
2022-11-15 11:00:00;0.0;55.9351611030405;;94.48605401018148;;;;
2022-11-15 12:00:00;0.0;55.9351611030405;;96.9307435791526;;;;
2022-11-15 13:00:00;0.0;55.9351611030405;;97.69168447074796;;;;
2022-11-15 14:00:00;0.0;55.9351611030405;;96.71057644314254;;;;
2022-11-15 15:00:00;0.0;55.9351611030405;;94.05842112005686;;;;
2022-11-15 16:00:00;0.0;55.9351611030405;;89.91549618341413;;;;
2022-11-15 17:00:00;0.0;55.9351611030405;;84.56346936258733;;;;
2022-11-15 18:00:00;0.0;55.9351611030405;;78.36278942316486;;;;
2022-11-15 19:00:00;0.0;55.9351611030405;;71.72612093910296;;;;
2022-11-15 20:00:00;0.0;55.9351611030405;;65.10532980308213;;;;
2022-11-15 21:00:00;0.0;55.9351611030405;;58.93895318764196;;;;
2022-11-15 22:00:00;0.0;55.9351611030405;;53.63622840950075;;;;
2022-11-15 23:00:00;0.0;55.9351611030405;;50.0;;;;
2022-11-16 00:00:00;0.0;55.9351611030405;;50.0;;;;
2022-11-16 01:00:00;0.0;55.9351611030405;;50.0;;;;
2022-11-16 02:00:00;0.0;55.9351611030405;;50.0;;;;
2022-11-16 03:00:00;0.0;55.9351611030405;;50.0;;;;
2022-11-16 04:00:00;0.0;55.9351611030405;;52.14703789346864;;;;
2022-11-16 05:00:00;0.0;55.9351611030405;;56.72847363489121;;;;
2022-11-16 06:00:00;0.0;55.9351611030405;;62.04577625014012;;;;
2022-11-16 07:00:00;0.0;55.9351611030405;;67.69672568451566;;;;
2022-11-16 08:00:00;0.0;55.9351611030405;;73.26796001134525;;;;
2022-11-16 09:00:00;0.0;55.9351611030405;;78.34874275710769;;;;
2022-11-16 10:00:00;0.0;55.9351611030405;;82.57824224273912;;;;
2022-11-16 11:00:00;0.0;55.9351611030405;;85.64971296022505;;;;
2022-11-16 12:00:00;0.0;55.9351611030405;;87.34469678565145;;;;
2022-11-16 13:00:00;0.0;55.9351611030405;;87.53915941988365;;;;
2022-11-16 14:00:00;0.0;55.9351611030405;;86.21523387422741;;;;
2022-11-16 15:00:00;0.0;55.9351611030405;;83.45629591077554;;;;
2022-11-16 16:00:00;0.0;55.9351611030405;;79.4413572874783;;;;
2022-11-16 17:00:00;0.0;55.9351611030405;;74.43048986673739;;;;
2022-11-16 18:00:00;0.0;55.9351611030405;;68.75145762602874;;;;
2022-11-16 19:00:00;0.0;55.9351611030405;;62.77244003331306;;;;
2022-11-16 20:00:00;0.0;55.9351611030405;;56.87505526494034;;;;
2022-11-16 21:00:00;0.0;55.9351611030405;;51.43293453660804;;;;
2022-11-16 22:00:00;0.0;55.9351611030405;;50.0;;;;
2022-11-16 23:00:00;0.0;55.9351611030405;;50.0;;;;
2022-11-17 00:00:00;0.0;55.9351611030405;;50.0;;;;
2022-11-17 01:00:00;0.0;55.9351611030405;;50.0;;;;
2022-11-17 02:00:00;0.0;55.9351611030405;;50.0;;;;
2022-11-17 03:00:00;0.0;55.9351611030405;;50.0;;;;
2022-11-17 04:00:00;0.0;55.9351611030405;;50.0;;;;
2022-11-17 05:00:00;0.0;55.9351611030405;;52.36952894995891;;;;
2022-11-17 06:00:00;0.0;55.9351611030405;;57.62384007561344;;;;
2022-11-17 07:00:00;0.0;55.9351611030405;;63.29507019595968;;;;
2022-11-17 08:00:00;0.0;55.9351611030405;;69.00984951475257;;;;
2022-11-17 09:00:00;0.0;55.9351611030405;;74.38836627883367;;;;
2022-11-17 10:00:00;0.0;55.9351611030405;;79.07992090787556;;;;
2022-11-17 11:00:00;0.0;55.9351611030405;;82.7708147326;;;;
2022-11-17 12:00:00;0.0;55.9351611030405;;85.21897961601721;;;;
2022-11-17 13:00:00;0.0;55.9351611030405;;86.26100134909436;;;;
2022-11-17 14:00:00;0.0;55.9351611030405;;85.83604018805453;;;;
2022-11-17 15:00:00;0.0;55.9351611030405;;83.97362910672211;;;;
2022-11-17 16:00:00;0.0;55.9351611030405;;80.80689327976319;;;;
2022-11-17 17:00:00;0.0;55.9351611030405;;76.54999288973794;;;;
2022-11-17 18:00:00;0.0;55.9351611030405;;71.50196703025703;;;;
2022-11-17 19:00:00;0.0;55.9351611030405;;66.01547276517746;;;;
2022-11-17 20:00:00;0.0;55.9351611030405;;60.48076247921145;;;;
2022-11-17 21:00:00;0.0;55.9351611030405;;55.30054625165893;;;;
2022-11-17 22:00:00;0.0;55.9351611030405;;50.8560326119885;;;;
2022-11-17 23:00:00;0.0;55.9351611030405;;50.0;;;;
2022-11-18 00:00:00;0.0;55.9351611030405;;50.0;;;;
2022-11-18 01:00:00;0.0;55.9351611030405;;50.0;;;;
2022-11-18 02:00:00;0.0;55.9351611030405;;50.0;;;;
2022-11-18 03:00:00;0.0;55.9351611030405;;51.14045733744912;;;;
2022-11-18 04:00:00;0.0;55.9351611030405;;55.50800807963792;;;;
2022-11-18 05:00:00;0.0;55.9351611030405;;61.14819911144988;;;;
2022-11-18 06:00:00;0.0;55.9351611030405;;67.72182137049748;;;;
2022-11-18 07:00:00;0.0;55.9351611030405;;74.8154817240357;;;;
2022-11-18 08:00:00;0.0;55.9351611030405;;81.97972892121635;;;;
2022-11-18 09:00:00;0.0;55.9351611030405;;88.74682229661038;;;;
2022-11-18 10:00:00;0.0;55.9351611030405;;94.67100878670598;;;;
2022-11-18 11:00:00;0.0;55.9351611030405;;99.35645240726588;;;;
2022-11-18 12:00:00;0.0;55.9351611030405;;102.4928956613476;;;;
2022-11-18 13:00:00;0.0;55.9351611030405;;103.8697894903709;;;;
2022-11-18 14:00:00;0.0;55.9351611030405;;103.4016211224338;;;;
2022-11-18 15:00:00;0.0;55.9351611030405;;101.1280852800883;;;;
2022-11-18 16:00:00;0.0;55.9351611030405;;97.21537259037984;;;;
2022-11-18 17:00:00;0.0;55.9351611030405;;91.94028670066032;;;;
2022-11-18 18:00:00;0.0;55.9351611030405;;85.67521566524667;;;;
2022-11-18 19:00:00;0.0;55.9351611030405;;78.86620225305317;;;;
2022-11-18 20:00:00;0.0;55.9351611030405;;71.99524557542692;;;;
2022-11-18 21:00:00;0.0;55.9351611030405;;65.55119691640442;;;;
2022-11-18 22:00:00;0.0;55.9351611030405;;59.99137891334182;;;;
2022-11-18 23:00:00;0.0;55.9351611030405;;56.10312762315185;;;;
2022-11-19 00:00:00;0.0;55.9351611030405;;53.79668400681854;;;;
2022-11-19 01:00:00;0.0;55.9351611030405;;53.28358164403616;;;;
2022-11-19 02:00:00;0.0;55.9351611030405;;54.25664624863482;;;;
2022-11-19 03:00:00;0.0;55.9351611030405;;57.06297596668266;;;;
2022-11-19 04:00:00;0.0;55.9351611030405;;61.5088365726303;;;;
2022-11-19 05:00:00;0.0;55.9351611030405;;67.28826385349092;;;;
2022-11-19 06:00:00;0.0;55.9351611030405;;73.99957875467388;;;;
2022-11-19 07:00:00;0.0;55.9351611030405;;81.17864318561473;;;;
2022-11-19 08:00:00;0.0;55.9351611030405;;88.33154416210698;;;;
2022-11-19 09:00:00;0.0;55.9351611030405;;94.9608829852373;;;;
2022-11-19 10:00:00;0.0;55.9351611030405;;100.6099513540978;;;;
2022-11-19 11:00:00;0.0;55.9351611030405;;104.8871762228745;;;;
2022-11-19 12:00:00;0.0;55.9351611030405;;107.5032024276313;;;;
2022-11-19 13:00:00;0.0;55.9351611030405;;108.2778699345959;;;;
2022-11-19 14:00:00;0.0;55.9351611030405;;107.1572734940458;;;;
2022-11-19 15:00:00;0.0;55.9351611030405;;104.2212636711319;;;;
2022-11-19 16:00:00;0.0;55.9351611030405;;99.66659257858856;;;;
2022-11-19 17:00:00;0.0;55.9351611030405;;93.80635758480888;;;;
2022-11-19 18:00:00;0.0;55.9351611030405;;87.02958127472314;;;;
2022-11-19 19:00:00;0.0;55.9351611030405;;79.79428512283306;;;;
2022-11-19 20:00:00;0.0;55.9351611030405;;72.58327837985156;;;;
2022-11-19 21:00:00;0.0;55.9351611030405;;65.88370247274133;;;;
2022-11-19 22:00:00;0.0;55.9351611030405;;60.14353855027115;;;;
2022-11-19 23:00:00;0.0;55.9351611030405;;55.46547740928602;;;;
2022-11-20 00:00:00;0.0;55.9351611030405;;52.4270057592481;;;;
2022-11-20 01:00:00;0.0;55.9351611030405;;51.20149736043407;;;;
2022-11-20 02:00:00;0.0;55.9351611030405;;52.12262189700125;;;;
2022-11-20 03:00:00;0.0;55.9351611030405;;54.83256346360206;;;;
2022-11-20 04:00:00;0.0;55.9351611030405;;59.15273659055666;;;;
2022-11-20 05:00:00;0.0;55.9351611030405;;64.79751480169034;;;;
2022-11-20 06:00:00;0.0;55.9351611030405;;71.3928657328146;;;;
2022-11-20 07:00:00;0.0;55.9351611030405;;78.50231712542723;;;;
2022-11-20 08:00:00;0.0;55.9351611030405;;85.65138197094176;;;;
2022-11-20 09:00:00;0.0;55.9351611030405;;92.36826201018582;;;;
2022-11-20 10:00:00;0.0;55.9351611030405;;98.20259112710012;;;;
2022-11-20 11:00:00;0.0;55.9351611030405;;102.7702384015824;;;;
2022-11-20 12:00:00;0.0;55.9351611030405;;105.7669946536213;;;;
2022-11-20 13:00:00;0.0;55.9351611030405;;106.9978537897902;;;;
2022-11-20 14:00:00;0.0;55.9351611030405;;106.376072546687;;;;
2022-11-20 15:00:00;0.0;55.9351611030405;;103.9479452693789;;;;
2022-11-20 16:00:00;0.0;55.9351611030405;;99.88304345726844;;;;
2022-11-20 17:00:00;0.0;55.9351611030405;;94.46363904253089;;;;
2022-11-20 18:00:00;0.0;55.9351611030405;;88.0662892680109;;;;
2022-11-20 19:00:00;0.0;55.9351611030405;;81.13664695201578;;;;
2022-11-20 20:00:00;0.0;55.9351611030405;;74.16348249919707;;;;
2022-11-20 21:00:00;0.0;55.9351611030405;;67.6367192824685;;;;
2022-11-20 22:00:00;0.0;55.9351611030405;;62.02434461125933;;;;
2022-11-20 23:00:00;0.0;55.9351611030405;;57.00147775864491;;;;
2022-11-21 00:00:00;0.0;55.9351611030405;;53.63812341833833;;;;
2022-11-21 01:00:00;0.0;55.9351611030405;;52.11634163242483;;;;
2022-11-21 02:00:00;0.0;55.9351611030405;;53.2249215630989;;;;
2022-11-21 03:00:00;0.0;55.9351611030405;;56.14571320253201;;;;
2022-11-21 04:00:00;0.0;55.9351611030405;;60.70669218843076;;;;
2022-11-21 05:00:00;0.0;55.9351611030405;;66.61928402259444;;;;
2022-11-21 06:00:00;0.0;55.9351611030405;;73.49230193773735;;;;
2022-11-21 07:00:00;0.0;55.9351611030405;;80.86400077829221;;;;
2022-11-21 08:00:00;0.0;55.9351611030405;;88.23941593196204;;;;
2022-11-21 09:00:00;0.0;55.9351611030405;;95.11611939949294;;;;
2022-11-21 10:00:00;0.0;55.9351611030405;;101.026493587199;;;;
2022-11-21 11:00:00;0.0;55.9351611030405;;105.5617686593188;;;;
2022-11-21 12:00:00;0.0;55.9351611030405;;108.4110577537852;;;;
2022-11-21 13:00:00;0.0;55.9351611030405;;109.3758217168867;;;;
2022-11-21 14:00:00;0.0;55.9351611030405;;108.3895318757892;;;;
2022-11-21 15:00:00;0.0;55.9351611030405;;105.5169245079947;;;;
2022-11-21 16:00:00;0.0;55.9351611030405;;100.9525498443781;;;;
2022-11-21 17:00:00;0.0;55.9351611030405;;95.0156322922412;;;;
2022-11-21 18:00:00;0.0;55.9351611030405;;88.10960014625206;;;;
2022-11-21 19:00:00;0.0;55.9351611030405;;80.70580523789269;;;;
2022-11-21 20:00:00;0.0;55.9351611030405;;73.303347558294;;;;
2022-11-21 21:00:00;0.0;55.9351611030405;;66.40110722332754;;;;
2022-11-21 22:00:00;0.0;55.9351611030405;;60.45640654464475;;;;
2022-11-21 23:00:00;0.0;55.9351611030405;;55.26721332182473;;;;
2022-11-22 00:00:00;0.0;55.9351611030405;;51.71924733178156;;;;
2022-11-22 01:00:00;0.0;55.9351611030405;;50.0;;;;
2022-11-22 02:00:00;0.0;55.9351611030405;;50.59630776109906;;;;
2022-11-22 03:00:00;0.0;55.9351611030405;;52.9199833417764;;;;
2022-11-22 04:00:00;0.0;55.9351611030405;;56.72660484133716;;;;
2022-11-22 05:00:00;0.0;55.9351611030405;;61.70937506500253;;;;
2022-11-22 06:00:00;0.0;55.9351611030405;;67.48436361269417;;;;
2022-11-22 07:00:00;0.0;55.9351611030405;;73.61657883502016;;;;
2022-11-22 08:00:00;0.0;55.9351611030405;;79.65064842590513;;;;
2022-11-22 09:00:00;0.0;55.9351611030405;;85.1434690280158;;;;
2022-11-22 10:00:00;0.0;55.9351611030405;;89.69683434273115;;;;
2022-11-22 11:00:00;0.0;55.9351611030405;;92.9805848857189;;;;
2022-11-22 12:00:00;0.0;55.9351611030405;;94.75788058282868;;;;
2022-11-22 13:00:00;0.0;55.9351611030405;;94.89702123768092;;;;
2022-11-22 14:00:00;0.0;55.9351611030405;;93.38357690560734;;;;
2022-11-22 15:00:00;0.0;55.9351611030405;;90.31340160546722;;;;
2022-11-22 16:00:00;0.0;55.9351611030405;;85.8802521040752;;;;
2022-11-22 17:00:00;0.0;55.9351611030405;;80.37214627380229;;;;
2022-11-22 18:00:00;0.0;55.9351611030405;;74.14530415455866;;;;
2022-11-22 19:00:00;0.0;55.9351611030405;;67.60471026972728;;;;
2022-11-22 20:00:00;0.0;55.9351611030405;;61.16186441830401;;;;
2022-11-22 21:00:00;0.0;55.9351611030405;;55.21985786432302;;;;
2022-11-22 22:00:00;0.0;55.9351611030405;;50.14195209463126;;;;
2022-11-22 23:00:00;0.0;55.9351611030405;;50.0;;;;
2022-11-23 00:00:00;0.0;55.9351611030405;;50.0;;;;
2022-11-23 01:00:00;0.0;55.9351611030405;;50.0;;;;
2022-11-23 02:00:00;0.0;55.9351611030405;;50.0;;;;
2022-11-23 03:00:00;0.0;55.9351611030405;;50.0;;;;
2022-11-23 04:00:00;0.0;55.9351611030405;;50.0;;;;
2022-11-23 05:00:00;0.0;55.9351611030405;;53.24898779460461;;;;
2022-11-23 06:00:00;0.0;55.9351611030405;;58.43990120958918;;;;
2022-11-23 07:00:00;0.0;55.9351611030405;;64.02293478205439;;;;
2022-11-23 08:00:00;0.0;55.9351611030405;;69.61285947620215;;;;
2022-11-23 09:00:00;0.0;55.9351611030405;;74.82909542864921;;;;
2022-11-23 10:00:00;0.0;55.9351611030405;;79.32212391644768;;;;
2022-11-23 11:00:00;0.0;55.9351611030405;;82.7859079855051;;;;
2022-11-23 12:00:00;0.0;55.9351611030405;;84.98985883731338;;;;
2022-11-23 13:00:00;0.0;55.9351611030405;;85.78350655448145;;;;
2022-11-23 14:00:00;0.0;55.9351611030405;;85.11594405377616;;;;
2022-11-23 15:00:00;0.0;55.9351611030405;;83.03164538632184;;;;
2022-11-23 16:00:00;0.0;55.9351611030405;;79.66842800509005;;;;
2022-11-23 17:00:00;0.0;55.9351611030405;;75.25765062044894;;;;
2022-11-23 18:00:00;0.0;55.9351611030405;;70.09424354670287;;;;
2022-11-23 19:00:00;0.0;55.9351611030405;;64.53273193606456;;;;
2022-11-23 20:00:00;0.0;55.9351611030405;;58.9545072807455;;;;
2022-11-23 21:00:00;0.0;55.9351611030405;;53.75393919084681;;;;
2022-11-23 22:00:00;0.0;55.9351611030405;;50.0;;;;
2022-11-23 23:00:00;0.0;55.9351611030405;;50.0;;;;
2022-11-24 00:00:00;0.0;55.9351611030405;;50.0;;;;
2022-11-24 01:00:00;0.0;55.9351611030405;;50.0;;;;
2022-11-24 02:00:00;0.0;55.9351611030405;;50.0;;;;
2022-11-24 03:00:00;0.0;55.9351611030405;;50.0;;;;
2022-11-24 04:00:00;0.0;55.9351611030405;;52.55495064704358;;;;
2022-11-24 05:00:00;0.0;55.9351611030405;;57.75721370293224;;;;
2022-11-24 06:00:00;0.0;55.9351611030405;;63.8199588933411;;;;
2022-11-24 07:00:00;0.0;55.9351611030405;;70.3500561567736;;;;
2022-11-24 08:00:00;0.0;55.9351611030405;;76.91903414028346;;;;
2022-11-24 09:00:00;0.0;55.9351611030405;;83.09342061565839;;;;
2022-11-24 10:00:00;0.0;55.9351611030405;;88.45948041665082;;;;
2022-11-24 11:00:00;0.0;55.9351611030405;;92.65938878851055;;;;
2022-11-24 12:00:00;0.0;55.9351611030405;;95.40550153016028;;;;
2022-11-24 13:00:00;0.0;55.9351611030405;;96.5127661987168;;;;
2022-11-24 14:00:00;0.0;55.9351611030405;;95.91069238150033;;;;
2022-11-24 15:00:00;0.0;55.9351611030405;;93.6468573724514;;;;
2022-11-24 16:00:00;0.0;55.9351611030405;;89.87924717060025;;;;
2022-11-24 17:00:00;0.0;55.9351611030405;;84.86783826961236;;;;
2022-11-24 18:00:00;0.0;55.9351611030405;;78.9609366911007;;;;
2022-11-24 19:00:00;0.0;55.9351611030405;;72.57430172004987;;;;
2022-11-24 20:00:00;0.0;55.9351611030405;;66.15460058781733;;;;
2022-11-24 21:00:00;0.0;55.9351611030405;;60.14973217557631;;;;
2022-11-24 22:00:00;0.0;55.9351611030405;;54.97908914989036;;;;
2022-11-24 23:00:00;0.0;55.9351611030405;;51.76413052255743;;;;
2022-11-25 00:00:00;0.0;55.9351611030405;;50.00095266375669;;;;
2022-11-25 01:00:00;0.0;55.9351611030405;;50.0;;;;
2022-11-25 02:00:00;0.0;55.9351611030405;;50.75062429436608;;;;
2022-11-25 03:00:00;0.0;55.9351611030405;;53.32458945870628;;;;
2022-11-25 04:00:00;0.0;55.9351611030405;;57.42873656560668;;;;
2022-11-25 05:00:00;0.0;55.9351611030405;;62.77440423732844;;;;
2022-11-25 06:00:00;0.0;55.9351611030405;;68.98711807964912;;;;
2022-11-25 07:00:00;0.0;55.9351611030405;;75.6329730895133;;;;
2022-11-25 08:00:00;0.0;55.9351611030405;;82.25164189694003;;;;
2022-11-25 09:00:00;0.0;55.9351611030405;;88.38463593727482;;;;
2022-11-25 10:00:00;0.0;55.9351611030405;;93.60735945213187;;;;
2022-11-25 11:00:00;0.0;55.9351611030405;;97.56210814620884;;;;
2022-11-25 12:00:00;0.0;55.9351611030405;;99.97728155675568;;;;
2022-11-25 13:00:00;0.0;55.9351611030405;;100.6903444312729;;;;
2022-11-25 14:00:00;0.0;55.9351611030405;;99.64829421226924;;;;
2022-11-25 15:00:00;0.0;55.9351611030405;;96.92694815567948;;;;
2022-11-25 16:00:00;0.0;55.9351611030405;;92.70720040432651;;;;
2022-11-25 17:00:00;0.0;55.9351611030405;;87.27749699150527;;;;
2022-11-25 18:00:00;0.0;55.9351611030405;;81.00050822986658;;;;
2022-11-25 19:00:00;0.0;55.9351611030405;;74.30366519895512;;;;
2022-11-25 20:00:00;0.0;55.9351611030405;;67.63388037090866;;;;
2022-11-25 21:00:00;0.0;55.9351611030405;;61.44045686813415;;;;
2022-11-25 22:00:00;0.0;55.9351611030405;;56.13490070215383;;;;
2022-11-25 23:00:00;0.0;55.9351611030405;;52.43916517961544;;;;
2022-11-26 00:00:00;0.0;55.9351611030405;;50.26294705120449;;;;
2022-11-26 01:00:00;0.0;55.9351611030405;;50.0;;;;
2022-11-26 02:00:00;0.0;55.9351611030405;;50.76154986589958;;;;
2022-11-26 03:00:00;0.0;55.9351611030405;;53.47943764505106;;;;
2022-11-26 04:00:00;0.0;55.9351611030405;;57.7849345496133;;;;
2022-11-26 05:00:00;0.0;55.9351611030405;;63.40559932763055;;;;
2022-11-26 06:00:00;0.0;55.9351611030405;;69.97905754241738;;;;
2022-11-26 07:00:00;0.0;55.9351611030405;;77.08177003024753;;;;
2022-11-26 08:00:00;0.0;55.9351611030405;;84.26010768100345;;;;
2022-11-26 09:00:00;0.0;55.9351611030405;;91.0460566912545;;;;
2022-11-26 10:00:00;0.0;55.9351611030405;;97.00072227483864;;;;
2022-11-26 11:00:00;0.0;55.9351611030405;;101.7292918308722;;;;
2022-11-26 12:00:00;0.0;55.9351611030405;;104.9276489443918;;;;
2022-11-26 13:00:00;0.0;55.9351611030405;;106.3832760564481;;;;
2022-11-26 14:00:00;0.0;55.9351611030405;;106.0052284573554;;;;
2022-11-26 15:00:00;0.0;55.9351611030405;;103.8256657965793;;;;
2022-11-26 16:00:00;0.0;55.9351611030405;;100.0003667219711;;;;
2022-11-26 17:00:00;0.0;55.9351611030405;;94.7995358058144;;;;
2022-11-26 18:00:00;0.0;55.9351611030405;;88.5888447022121;;;;
2022-11-26 19:00:00;0.0;55.9351611030405;;81.81065735984456;;;;
2022-11-26 20:00:00;0.0;55.9351611030405;;74.95443064988302;;;;
2022-11-26 21:00:00;0.0;55.9351611030405;;68.5201822100573;;;;
2022-11-26 22:00:00;0.0;55.9351611030405;;62.98594272268887;;;;
2022-11-26 23:00:00;0.0;55.9351611030405;;58.47163890093888;;;;
2022-11-27 00:00:00;0.0;55.9351611030405;;55.62052499560114;;;;
2022-11-27 01:00:00;0.0;55.9351611030405;;54.6504308401794;;;;
2022-11-27 02:00:00;0.0;55.9351611030405;;55.94998194227011;;;;
2022-11-27 03:00:00;0.0;55.9351611030405;;59.16788215458186;;;;
2022-11-27 04:00:00;0.0;55.9351611030405;;64.13181085815339;;;;
2022-11-27 05:00:00;0.0;55.9351611030405;;70.54747455976471;;;;
2022-11-27 06:00:00;0.0;55.9351611030405;;78.01188259951303;;;;
2022-11-27 07:00:00;0.0;55.9351611030405;;86.04382182960538;;;;
2022-11-27 08:00:00;0.0;55.9351611030405;;94.11144847656448;;;;
2022-11-27 09:00:00;0.0;55.9351611030405;;101.6793248729471;;;;
2022-11-27 10:00:00;0.0;55.9351611030405;;108.2421320558127;;;;
2022-11-27 11:00:00;0.0;55.9351611030405;;113.3588076497836;;;;
2022-11-27 12:00:00;0.0;55.9351611030405;;116.6798669854991;;;;
2022-11-27 13:00:00;0.0;55.9351611030405;;117.9793500042901;;;;
2022-11-27 14:00:00;0.0;55.9351611030405;;117.1693311564568;;;;
2022-11-27 15:00:00;0.0;55.9351611030405;;114.3101388169336;;;;
2022-11-27 16:00:00;0.0;55.9351611030405;;109.6006681889131;;;;
2022-11-27 17:00:00;0.0;55.9351611030405;;103.3742633846936;;;;
2022-11-27 18:00:00;0.0;55.9351611030405;;96.06333296672224;;;;
2022-11-27 19:00:00;0.0;55.9351611030405;;88.17310861322093;;;;
2022-11-27 20:00:00;0.0;55.9351611030405;;80.25114957875637;;;;
2022-11-27 21:00:00;0.0;55.9351611030405;;72.84039598400807;;;;
2022-11-27 22:00:00;0.0;55.9351611030405;;66.45080808921921;;;;
2022-11-27 23:00:00;0.0;55.9351611030405;;60.72966566207893;;;;
2022-11-28 00:00:00;0.0;55.9351611030405;;56.802333901194;;;;
2022-11-28 01:00:00;0.0;55.9351611030405;;54.83705721840867;;;;
2022-11-28 02:00:00;0.0;55.9351611030405;;55.64253690997165;;;;
2022-11-28 03:00:00;0.0;55.9351611030405;;58.31009075046606;;;;
2022-11-28 04:00:00;0.0;55.9351611030405;;62.62292495003847;;;;
2022-11-28 05:00:00;0.0;55.9351611030405;;68.25126035220553;;;;
2022-11-28 06:00:00;0.0;55.9351611030405;;74.77659754027746;;;;
2022-11-28 07:00:00;0.0;55.9351611030405;;81.7195163355297;;;;
2022-11-28 08:00:00;0.0;55.9351611030405;;88.57523224894862;;;;
2022-11-28 09:00:00;0.0;55.9351611030405;;94.84562075273722;;;;
2022-11-28 10:00:00;0.0;55.9351611030405;;100.0830088730004;;;;
2022-11-28 11:00:00;0.0;55.9351611030405;;103.9119170509815;;;;
2022-11-28 12:00:00;0.0;55.9351611030405;;106.0640710829974;;;;
2022-11-28 13:00:00;0.0;55.9351611030405;;106.3797135908815;;;;
2022-11-28 14:00:00;0.0;55.9351611030405;;104.8335569301002;;;;
2022-11-28 15:00:00;0.0;55.9351611030405;;101.5173842894844;;;;
2022-11-28 16:00:00;0.0;55.9351611030405;;96.65176940594728;;;;
2022-11-28 17:00:00;0.0;55.9351611030405;;90.55517404656196;;;;
2022-11-28 18:00:00;0.0;55.9351611030405;;83.62884534294332;;;;
2022-11-28 19:00:00;0.0;55.9351611030405;;76.32276660660841;;;;
2022-11-28 20:00:00;0.0;55.9351611030405;;69.10613695962277;;;;
2022-11-28 21:00:00;0.0;55.9351611030405;;62.43740087633511;;;;
2022-11-28 22:00:00;0.0;55.9351611030405;;56.73256491895263;;;;
2022-11-28 23:00:00;0.0;55.9351611030405;;51.78756772356129;;;;
2022-11-29 00:00:00;0.0;55.9351611030405;;50.0;;;;
2022-11-29 01:00:00;0.0;55.9351611030405;;50.0;;;;
2022-11-29 02:00:00;0.0;55.9351611030405;;50.0;;;;
2022-11-29 03:00:00;0.0;55.9351611030405;;50.0;;;;
2022-11-29 04:00:00;0.0;55.9351611030405;;53.29047142033282;;;;
2022-11-29 05:00:00;0.0;55.9351611030405;;58.11699883267116;;;;
2022-11-29 06:00:00;0.0;55.9351611030405;;63.75128936860018;;;;
2022-11-29 07:00:00;0.0;55.9351611030405;;69.80111655097892;;;;
2022-11-29 08:00:00;0.0;55.9351611030405;;75.84420356576051;;;;
2022-11-29 09:00:00;0.0;55.9351611030405;;81.46753007152464;;;;
2022-11-29 10:00:00;0.0;55.9351611030405;;86.28357741625416;;;;
2022-11-29 11:00:00;0.0;55.9351611030405;;89.9653816903159;;;;
2022-11-29 12:00:00;0.0;55.9351611030405;;92.26165280128822;;;;
2022-11-29 13:00:00;0.0;55.9351611030405;;93.0143385175223;;;;
2022-11-29 14:00:00;0.0;55.9351611030405;;92.17025312367696;;;;
2022-11-29 15:00:00;0.0;55.9351611030405;;89.78344313114522;;;;
2022-11-29 16:00:00;0.0;55.9351611030405;;86.01372558342473;;;;
2022-11-29 17:00:00;0.0;55.9351611030405;;81.11478986318104;;;;
2022-11-29 18:00:00;0.0;55.9351611030405;;75.41461133594531;;;;
2022-11-29 19:00:00;0.0;55.9351611030405;;69.29896357397004;;;;
2022-11-29 20:00:00;0.0;55.9351611030405;;63.18395323910046;;;;
2022-11-29 21:00:00;0.0;55.9351611030405;;57.4881303207178;;;;
2022-11-29 22:00:00;0.0;55.9351611030405;;52.60415431587964;;;;
2022-11-29 23:00:00;0.0;55.9351611030405;;50.0;;;;
2022-11-30 00:00:00;0.0;55.9351611030405;;50.0;;;;
2022-11-30 01:00:00;0.0;55.9351611030405;;50.0;;;;
2022-11-30 02:00:00;0.0;55.9351611030405;;50.0;;;;
2022-11-30 03:00:00;0.0;55.9351611030405;;50.0;;;;
2022-11-30 04:00:00;0.0;55.9351611030405;;53.28181366935969;;;;
2022-11-30 05:00:00;0.0;55.9351611030405;;58.40879384840881;;;;
2022-11-30 06:00:00;0.0;55.9351611030405;;64.37539250723775;;;;
2022-11-30 07:00:00;0.0;55.9351611030405;;70.78256758750882;;;;
2022-11-30 08:00:00;0.0;55.9351611030405;;77.1991632226588;;;;
2022-11-30 09:00:00;0.0;55.9351611030405;;83.18412558476653;;;;
2022-11-30 10:00:00;0.0;55.9351611030405;;88.33141586821151;;;;
2022-11-30 11:00:00;0.0;55.9351611030405;;92.28104012425774;;;;
2022-11-30 12:00:00;0.0;55.9351611030405;;94.76540586763416;;;;
2022-11-30 13:00:00;0.0;55.9351611030405;;95.61151078513556;;;;
2022-11-30 14:00:00;0.0;55.9351611030405;;94.76807683539091;;;;
2022-11-30 15:00:00;0.0;55.9351611030405;;92.28843829942106;;;;
2022-11-30 16:00:00;0.0;55.9351611030405;;88.34089187414226;;;;
2022-11-30 17:00:00;0.0;55.9351611030405;;83.19172167987466;;;;
2022-11-30 18:00:00;0.0;55.9351611030405;;77.19681426531403;;;;
2022-11-30 19:00:00;0.0;55.9351611030405;;70.76460248075499;;;;
2022-11-30 20:00:00;0.0;55.9351611030405;;64.33345901859465;;;;
2022-11-30 21:00:00;0.0;55.9351611030405;;58.33849352342054;;;;
2022-11-30 22:00:00;0.0;55.9351611030405;;53.17861721197151;;;;
2022-11-30 23:00:00;0.0;55.9351611030405;;50.0;;;;
2022-12-01 00:00:00;0.0;55.9351611030405;;50.0;;;;
2022-12-01 01:00:00;0.0;55.9351611030405;;50.0;;;;
2022-12-01 02:00:00;0.0;55.9351611030405;;50.0;;;;
2022-12-01 03:00:00;0.0;55.9351611030405;;50.50280731830618;;;;
2022-12-01 04:00:00;0.0;55.9351611030405;;54.24737174281128;;;;
2022-12-01 05:00:00;0.0;55.9351611030405;;59.14590045856076;;;;
2022-12-01 06:00:00;0.0;55.9351611030405;;64.83660182175359;;;;
2022-12-01 07:00:00;0.0;55.9351611030405;;70.90895246626036;;;;
2022-12-01 08:00:00;0.0;55.9351611030405;;76.92452707881677;;;;
2022-12-01 09:00:00;0.0;55.9351611030405;;82.46132495352386;;;;
2022-12-01 10:00:00;0.0;55.9351611030405;;87.12643357367538;;;;
2022-12-01 11:00:00;0.0;55.9351611030405;;90.59591429645002;;;;
2022-12-01 12:00:00;0.0;55.9351611030405;;92.62432908294949;;;;
2022-12-01 13:00:00;0.0;55.9351611030405;;93.07515722097634;;;;
2022-12-01 14:00:00;0.0;55.9351611030405;;91.91451658736608;;;;
2022-12-01 15:00:00;0.0;55.9351611030405;;89.21775620919662;;;;
2022-12-01 16:00:00;0.0;55.9351611030405;;85.16219527058084;;;;
2022-12-01 17:00:00;0.0;55.9351611030405;;80.01856541112323;;;;
2022-12-01 18:00:00;0.0;55.9351611030405;;74.1260580037654;;;;
2022-12-01 19:00:00;0.0;55.9351611030405;;67.87563924849667;;;;
2022-12-01 20:00:00;0.0;55.9351611030405;;61.67563146471517;;;;
2022-12-01 21:00:00;0.0;55.9351611030405;;55.93707605141287;;;;
2022-12-01 22:00:00;0.0;55.9351611030405;;51.03163168120786;;;;
2022-12-01 23:00:00;0.0;55.9351611030405;;50.0;;;;
2022-12-02 00:00:00;0.0;55.9351611030405;;50.0;;;;
2022-12-02 01:00:00;0.0;55.9351611030405;;50.0;;;;
2022-12-02 02:00:00;0.0;55.9351611030405;;50.0;;;;
2022-12-02 03:00:00;0.0;55.9351611030405;;50.0;;;;
2022-12-02 04:00:00;0.0;55.9351611030405;;53.50025036005709;;;;
2022-12-02 05:00:00;0.0;55.9351611030405;;58.66702428358309;;;;
2022-12-02 06:00:00;0.0;55.9351611030405;;64.71884646392309;;;;
2022-12-02 07:00:00;0.0;55.9351611030405;;71.26509323868581;;;;
2022-12-02 08:00:00;0.0;55.9351611030405;;77.88440449829602;;;;
2022-12-02 09:00:00;0.0;55.9351611030405;;84.14640642570279;;;;
2022-12-02 10:00:00;0.0;55.9351611030405;;89.64459149286728;;;;
2022-12-02 11:00:00;0.0;55.9351611030405;;94.0246989040346;;;;
2022-12-02 12:00:00;0.0;55.9351611030405;;97.00394170376128;;;;
2022-12-02 13:00:00;0.0;55.9351611030405;;98.3929423113955;;;;
2022-12-02 14:00:00;0.0;55.9351611030405;;98.0990035112372;;;;
2022-12-02 15:00:00;0.0;55.9351611030405;;96.14981064059236;;;;
2022-12-02 16:00:00;0.0;55.9351611030405;;92.68052022669296;;;;
2022-12-02 17:00:00;0.0;55.9351611030405;;87.93796597253683;;;;
2022-12-02 18:00:00;0.0;55.9351611030405;;82.25658042904524;;;;
2022-12-02 19:00:00;0.0;55.9351611030405;;76.04561248349802;;;;
2022-12-02 20:00:00;0.0;55.9351611030405;;69.75335502977443;;;;
2022-12-02 21:00:00;0.0;55.9351611030405;;63.84588937065485;;;;
2022-12-02 22:00:00;0.0;55.9351611030405;;58.7670116762382;;;;
2022-12-02 23:00:00;0.0;55.9351611030405;;55.29041059709208;;;;
2022-12-03 00:00:00;0.0;55.9351611030405;;53.35668559503267;;;;
2022-12-03 01:00:00;0.0;55.9351611030405;;53.19757322778126;;;;
2022-12-03 02:00:00;0.0;55.9351611030405;;54.55459544279149;;;;
2022-12-03 03:00:00;0.0;55.9351611030405;;57.79161703916849;;;;
2022-12-03 04:00:00;0.0;55.9351611030405;;62.75005796269061;;;;
2022-12-03 05:00:00;0.0;55.9351611030405;;69.14616275209747;;;;
2022-12-03 06:00:00;0.0;55.9351611030405;;76.59515525799145;;;;
2022-12-03 07:00:00;0.0;55.9351611030405;;84.63129819348949;;;;
2022-12-03 08:00:00;0.0;55.9351611030405;;92.74214321799668;;;;
2022-12-03 09:00:00;0.0;55.9351611030405;;100.3938719077295;;;;
2022-12-03 10:00:00;0.0;55.9351611030405;;107.0830005595157;;;;
2022-12-03 11:00:00;0.0;55.9351611030405;;112.3624346453461;;;;
2022-12-03 12:00:00;0.0;55.9351611030405;;115.8802765275828;;;;
2022-12-03 13:00:00;0.0;55.9351611030405;;117.4045578538304;;;;
2022-12-03 14:00:00;0.0;55.9351611030405;;116.8375732332407;;;;
2022-12-03 15:00:00;0.0;55.9351611030405;;114.2216354430406;;;;
2022-12-03 16:00:00;0.0;55.9351611030405;;109.7455520485022;;;;
2022-12-03 17:00:00;0.0;55.9351611030405;;103.7256313627517;;;;
2022-12-03 18:00:00;0.0;55.9351611030405;;96.59466793190244;;;;
2022-12-03 19:00:00;0.0;55.9351611030405;;88.85177301961818;;;;
2022-12-03 20:00:00;0.0;55.9351611030405;;81.04494414019454;;;;
2022-12-03 21:00:00;0.0;55.9351611030405;;73.72616325578238;;;;
2022-12-03 22:00:00;0.0;55.9351611030405;;67.41161704317955;;;;
2022-12-03 23:00:00;0.0;55.9351611030405;;62.21959969922366;;;;
2022-12-04 00:00:00;0.0;55.9351611030405;;58.82267178620243;;;;
2022-12-04 01:00:00;0.0;55.9351611030405;;57.42105030857186;;;;
2022-12-04 02:00:00;0.0;55.9351611030405;;58.39894883834418;;;;
2022-12-04 03:00:00;0.0;55.9351611030405;;61.3375588555383;;;;
2022-12-04 04:00:00;0.0;55.9351611030405;;66.02614417878306;;;;
2022-12-04 05:00:00;0.0;55.9351611030405;;72.1261680675824;;;;
2022-12-04 06:00:00;0.0;55.9351611030405;;79.2020942047139;;;;
2022-12-04 07:00:00;0.0;55.9351611030405;;86.7501760020358;;;;
2022-12-04 08:00:00;0.0;55.9351611030405;;94.24150412323549;;;;
2022-12-04 09:00:00;0.0;55.9351611030405;;101.1516825944662;;;;
2022-12-04 10:00:00;0.0;55.9351611030405;;106.9944888019514;;;;
2022-12-04 11:00:00;0.0;55.9351611030405;;111.3633161389808;;;;
2022-12-04 12:00:00;0.0;55.9351611030405;;113.9425531710066;;;;
2022-12-04 13:00:00;0.0;55.9351611030405;;114.5564546159145;;;;
2022-12-04 14:00:00;0.0;55.9351611030405;;113.1534993880919;;;;
2022-12-04 15:00:00;0.0;55.9351611030405;;109.8347824901158;;;;
2022-12-04 16:00:00;0.0;55.9351611030405;;104.8210519555865;;;;
2022-12-04 17:00:00;0.0;55.9351611030405;;98.44443772067063;;;;
2022-12-04 18:00:00;0.0;55.9351611030405;;91.130199376603;;;;
2022-12-04 19:00:00;0.0;55.9351611030405;;83.36238770590802;;;;
2022-12-04 20:00:00;0.0;55.9351611030405;;75.65604558210929;;;;
2022-12-04 21:00:00;0.0;55.9351611030405;;68.51317899345266;;;;
2022-12-04 22:00:00;0.0;55.9351611030405;;62.39731215413329;;;;
2022-12-04 23:00:00;0.0;55.9351611030405;;56.95963811601014;;;;
2022-12-05 00:00:00;0.0;55.9351611030405;;53.24601149163325;;;;
2022-12-05 01:00:00;0.0;55.9351611030405;;51.40455220402764;;;;
2022-12-05 02:00:00;0.0;55.9351611030405;;52.19953014350155;;;;
2022-12-05 03:00:00;0.0;55.9351611030405;;54.77658474660581;;;;
2022-12-05 04:00:00;0.0;55.9351611030405;;58.94400420249073;;;;
2022-12-05 05:00:00;0.0;55.9351611030405;;64.40640037333341;;;;
2022-12-05 06:00:00;0.0;55.9351611030405;;70.78371971057042;;;;
2022-12-05 07:00:00;0.0;55.9351611030405;;77.63717132364083;;;;
2022-12-05 08:00:00;0.0;55.9351611030405;;84.5030048855555;;;;
2022-12-05 09:00:00;0.0;55.9351611030405;;90.9099431040805;;;;
2022-12-05 10:00:00;0.0;55.9351611030405;;96.42512057764289;;;;
2022-12-05 11:00:00;0.0;55.9351611030405;;100.673741047178;;;;
2022-12-05 12:00:00;0.0;55.9351611030405;;103.3705285642244;;;;
2022-12-05 13:00:00;0.0;55.9351611030405;;104.3290471165816;;;;
2022-12-05 14:00:00;0.0;55.9351611030405;;103.4821395537352;;;;
2022-12-05 15:00:00;0.0;55.9351611030405;;100.8868342880828;;;;
2022-12-05 16:00:00;0.0;55.9351611030405;;96.72441486499191;;;;
2022-12-05 17:00:00;0.0;55.9351611030405;;91.27727011466632;;;;
2022-12-05 18:00:00;0.0;55.9351611030405;;84.91579612044617;;;;
2022-12-05 19:00:00;0.0;55.9351611030405;;78.0696780075575;;;;
2022-12-05 20:00:00;0.0;55.9351611030405;;71.2095636579283;;;;
2022-12-05 21:00:00;0.0;55.9351611030405;;64.81037750156266;;;;
2022-12-05 22:00:00;0.0;55.9351611030405;;59.31638177364204;;;;
2022-12-05 23:00:00;0.0;55.9351611030405;;54.51928105007508;;;;
2022-12-06 00:00:00;0.0;55.9351611030405;;51.31713520529909;;;;
2022-12-06 01:00:00;0.0;55.9351611030405;;50.0;;;;
2022-12-06 02:00:00;0.0;55.9351611030405;;50.85361404303652;;;;
2022-12-06 03:00:00;0.0;55.9351611030405;;53.55899664167701;;;;
2022-12-06 04:00:00;0.0;55.9351611030405;;57.82079197808513;;;;
2022-12-06 05:00:00;0.0;55.9351611030405;;63.355821208083;;;;
2022-12-06 06:00:00;0.0;55.9351611030405;;69.78774344215186;;;;
2022-12-06 07:00:00;0.0;55.9351611030405;;76.67962569891674;;;;
2022-12-06 08:00:00;0.0;55.9351611030405;;83.56311563625977;;;;
2022-12-06 09:00:00;0.0;55.9351611030405;;89.96550249011563;;;;
2022-12-06 10:00:00;0.0;55.9351611030405;;95.44486626215318;;;;
2022-12-06 11:00:00;0.0;55.9351611030405;;99.62151460926415;;;;
2022-12-06 12:00:00;0.0;55.9351611030405;;102.2007130025708;;;;
2022-12-06 13:00:00;0.0;55.9351611030405;;103.0080100657133;;;;
2022-12-06 14:00:00;0.0;55.9351611030405;;101.9811467644993;;;;
2022-12-06 15:00:00;0.0;55.9351611030405;;99.19162552318832;;;;
2022-12-06 16:00:00;0.0;55.9351611030405;;94.82429954833913;;;;
2022-12-06 17:00:00;0.0;55.9351611030405;;89.17584099370282;;;;
2022-12-06 18:00:00;0.0;55.9351611030405;;82.6319095088465;;;;
2022-12-06 19:00:00;0.0;55.9351611030405;;75.63446960011527;;;;
2022-12-06 20:00:00;0.0;55.9351611030405;;68.65422410696719;;;;
2022-12-06 21:00:00;0.0;55.9351611030405;;62.15407392824146;;;;
2022-12-06 22:00:00;0.0;55.9351611030405;;56.55786201789891;;;;
2022-12-06 23:00:00;0.0;55.9351611030405;;52.26126497337518;;;;
2022-12-07 00:00:00;0.0;55.9351611030405;;50.0;;;;
2022-12-07 01:00:00;0.0;55.9351611030405;;50.0;;;;
2022-12-07 02:00:00;0.0;55.9351611030405;;50.0;;;;
2022-12-07 03:00:00;0.0;55.9351611030405;;51.26129227622648;;;;
2022-12-07 04:00:00;0.0;55.9351611030405;;54.9452079771044;;;;
2022-12-07 05:00:00;0.0;55.9351611030405;;59.77260389605662;;;;
2022-12-07 06:00:00;0.0;55.9351611030405;;65.37315394091969;;;;
2022-12-07 07:00:00;0.0;55.9351611030405;;71.32546615576754;;;;
2022-12-07 08:00:00;0.0;55.9351611030405;;77.19406081798515;;;;
2022-12-07 09:00:00;0.0;55.9351611030405;;82.55450291475243;;;;
2022-12-07 10:00:00;0.0;55.9351611030405;;87.01676540161793;;;;
2022-12-07 11:00:00;0.0;55.9351611030405;;90.25920847325472;;;;
2022-12-07 12:00:00;0.0;55.9351611030405;;92.04604604888314;;;;
2022-12-07 13:00:00;0.0;55.9351611030405;;92.25206658448258;;;;
2022-12-07 14:00:00;0.0;55.9351611030405;;90.85566538908928;;;;
2022-12-07 15:00:00;0.0;55.9351611030405;;87.94490982610401;;;;
2022-12-07 16:00:00;0.0;55.9351611030405;;83.71184510564703;;;;
2022-12-07 17:00:00;0.0;55.9351611030405;;78.43161803341954;;;;
2022-12-07 18:00:00;0.0;55.9351611030405;;72.44922687426748;;;;
2022-12-07 19:00:00;0.0;55.9351611030405;;66.1471631422541;;;;
2022-12-07 20:00:00;0.0;55.9351611030405;;59.93097661745174;;;;
2022-12-07 21:00:00;0.0;55.9351611030405;;54.19569440553855;;;;
2022-12-07 22:00:00;0.0;55.9351611030405;;50.0;;;;
2022-12-07 23:00:00;0.0;55.9351611030405;;50.0;;;;
2022-12-08 00:00:00;0.0;55.9351611030405;;50.0;;;;
2022-12-08 01:00:00;0.0;55.9351611030405;;50.0;;;;
2022-12-08 02:00:00;0.0;55.9351611030405;;50.0;;;;
2022-12-08 03:00:00;0.0;55.9351611030405;;50.0;;;;
2022-12-08 04:00:00;0.0;55.9351611030405;;50.4125992927164;;;;
2022-12-08 05:00:00;0.0;55.9351611030405;;55.1330575212418;;;;
2022-12-08 06:00:00;0.0;55.9351611030405;;60.66473947570159;;;;
2022-12-08 07:00:00;0.0;55.9351611030405;;66.63444369153231;;;;
2022-12-08 08:00:00;0.0;55.9351611030405;;72.64645862450996;;;;
2022-12-08 09:00:00;0.0;55.9351611030405;;78.3042910707101;;;;
2022-12-08 10:00:00;0.0;55.9351611030405;;83.23787796708484;;;;
2022-12-08 11:00:00;0.0;55.9351611030405;;87.11957768479955;;;;
2022-12-08 12:00:00;0.0;55.9351611030405;;89.69603193619164;;;;
2022-12-08 13:00:00;0.0;55.9351611030405;;90.79584258825584;;;;
2022-12-08 14:00:00;0.0;55.9351611030405;;90.35663929673206;;;;
2022-12-08 15:00:00;0.0;55.9351611030405;;88.40035295289218;;;;
2022-12-08 16:00:00;0.0;55.9351611030405;;85.06973256877627;;;;
2022-12-08 17:00:00;0.0;55.9351611030405;;80.58597103452033;;;;
2022-12-08 18:00:00;0.0;55.9351611030405;;75.27151820131962;;;;
2022-12-08 19:00:00;0.0;55.9351611030405;;69.49359301048707;;;;
2022-12-08 20:00:00;0.0;55.9351611030405;;63.66822973166098;;;;
2022-12-08 21:00:00;0.0;55.9351611030405;;58.21091873188235;;;;
2022-12-08 22:00:00;0.0;55.9351611030405;;53.52780676852974;;;;
2022-12-08 23:00:00;0.0;55.9351611030405;;50.71705022942741;;;;
2022-12-09 00:00:00;0.0;55.9351611030405;;50.0;;;;
2022-12-09 01:00:00;0.0;55.9351611030405;;50.0;;;;
2022-12-09 02:00:00;0.0;55.9351611030405;;50.77818429667828;;;;
2022-12-09 03:00:00;0.0;55.9351611030405;;53.76502874793793;;;;
2022-12-09 04:00:00;0.0;55.9351611030405;;58.35503904000335;;;;
2022-12-09 05:00:00;0.0;55.9351611030405;;64.28619415765189;;;;
2022-12-09 06:00:00;0.0;55.9351611030405;;71.20100529733124;;;;
2022-12-09 07:00:00;0.0;55.9351611030405;;78.66194256955407;;;;
2022-12-09 08:00:00;0.0;55.9351611030405;;86.1912524247915;;;;
2022-12-09 09:00:00;0.0;55.9351611030405;;93.29684696468304;;;;
2022-12-09 10:00:00;0.0;55.9351611030405;;99.51551148832738;;;;
2022-12-09 11:00:00;0.0;55.9351611030405;;104.435404648758;;;;
2022-12-09 12:00:00;0.0;55.9351611030405;;107.7316166908274;;;;
2022-12-09 13:00:00;0.0;55.9351611030405;;109.1839875849037;;;;
2022-12-09 14:00:00;0.0;55.9351611030405;;108.6988344196084;;;;
2022-12-09 15:00:00;0.0;55.9351611030405;;106.3134787016444;;;;
2022-12-09 16:00:00;0.0;55.9351611030405;;102.1983559375337;;;;
2022-12-09 17:00:00;0.0;55.9351611030405;;96.64704374693493;;;;
2022-12-09 18:00:00;0.0;55.9351611030405;;90.05812920526886;;;;
2022-12-09 19:00:00;0.0;55.9351611030405;;82.89808925956581;;;;
2022-12-09 20:00:00;0.0;55.9351611030405;;75.67524481877405;;;;
2022-12-09 21:00:00;0.0;55.9351611030405;;68.8989638009311;;;;
2022-12-09 22:00:00;0.0;55.9351611030405;;63.0560999709532;;;;
2022-12-09 23:00:00;0.0;55.9351611030405;;58.95117454947312;;;;
2022-12-10 00:00:00;0.0;55.9351611030405;;56.50980534646632;;;;
2022-12-10 01:00:00;0.0;55.9351611030405;;55.94977718213211;;;;
2022-12-10 02:00:00;0.0;55.9351611030405;;56.96727871976302;;;;
2022-12-10 03:00:00;0.0;55.9351611030405;;59.90687288156025;;;;
2022-12-10 04:00:00;0.0;55.9351611030405;;64.56713162465357;;;;
2022-12-10 05:00:00;0.0;55.9351611030405;;70.62825797834256;;;;
2022-12-10 06:00:00;0.0;55.9351611030405;;77.67043702699056;;;;
2022-12-10 07:00:00;0.0;55.9351611030405;;85.20491435969006;;;;
2022-12-10 08:00:00;0.0;55.9351611030405;;92.71131468861212;;;;
2022-12-10 09:00:00;0.0;55.9351611030405;;99.67236058327924;;;;
2022-12-10 10:00:00;0.0;55.9351611030405;;105.6071545775919;;;;
2022-12-10 11:00:00;0.0;55.9351611030405;;110.1053263381341;;;;
2022-12-10 12:00:00;0.0;55.9351611030405;;112.8584360054658;;;;
2022-12-10 13:00:00;0.0;55.9351611030405;;113.6736288167324;;;;
2022-12-10 14:00:00;0.0;55.9351611030405;;112.4957728595055;;;;
2022-12-10 15:00:00;0.0;55.9351611030405;;109.4022498324229;;;;
2022-12-10 16:00:00;0.0;55.9351611030405;;104.612848719269;;;;
2022-12-10 17:00:00;0.0;55.9351611030405;;98.45199269923498;;;;
2022-12-10 18:00:00;0.0;55.9351611030405;;91.33337766564792;;;;
2022-12-10 19:00:00;0.0;55.9351611030405;;83.73244423281025;;;;
2022-12-10 20:00:00;0.0;55.9351611030405;;76.16371746876604;;;;
2022-12-10 21:00:00;0.0;55.9351611030405;;69.13322809666077;;;;
2022-12-10 22:00:00;0.0;55.9351611030405;;63.11148713305143;;;;
2022-12-10 23:00:00;0.0;55.9351611030405;;58.18303887804038;;;;
2022-12-11 00:00:00;0.0;55.9351611030405;;54.97543055937612;;;;
2022-12-11 01:00:00;0.0;55.9351611030405;;53.66993024565093;;;;
2022-12-11 02:00:00;0.0;55.9351611030405;;54.63367065955259;;;;
2022-12-11 03:00:00;0.0;55.9351611030405;;57.47633025798032;;;;
2022-12-11 04:00:00;0.0;55.9351611030405;;62.00672210663902;;;;
2022-12-11 05:00:00;0.0;55.9351611030405;;67.92502263483317;;;;
2022-12-11 06:00:00;0.0;55.9351611030405;;74.83824991872795;;;;
2022-12-11 07:00:00;0.0;55.9351611030405;;82.28757340860227;;;;
2022-12-11 08:00:00;0.0;55.9351611030405;;89.7819491504454;;;;
2022-12-11 09:00:00;0.0;55.9351611030405;;96.82486954512132;;;;
2022-12-11 10:00:00;0.0;55.9351611030405;;102.9511782911744;;;;
2022-12-11 11:00:00;0.0;55.9351611030405;;107.748748975332;;;;
2022-12-11 12:00:00;0.0;55.9351611030405;;110.8953657405538;;;;
2022-12-11 13:00:00;0.0;55.9351611030405;;112.1828055219627;;;;
2022-12-11 14:00:00;0.0;55.9351611030405;;111.5274810988479;;;;
2022-12-11 15:00:00;0.0;55.9351611030405;;108.9827023160256;;;;
2022-12-11 16:00:00;0.0;55.9351611030405;;104.7215440901052;;;;
2022-12-11 17:00:00;0.0;55.9351611030405;;99.04116180963622;;;;
2022-12-11 18:00:00;0.0;55.9351611030405;;92.32885923232324;;;;
2022-12-11 19:00:00;0.0;55.9351611030405;;85.06097507606881;;;;
2022-12-11 20:00:00;0.0;55.9351611030405;;77.74728412632447;;;;
2022-12-11 21:00:00;0.0;55.9351611030405;;70.90587159631549;;;;
2022-12-11 22:00:00;0.0;55.9351611030405;;65.022727094114;;;;
2022-12-11 23:00:00;0.0;55.9351611030405;;59.74014048358195;;;;
2022-12-12 00:00:00;0.0;55.9351611030405;;56.19572220961435;;;;
2022-12-12 01:00:00;0.0;55.9351611030405;;54.58002306199278;;;;
2022-12-12 02:00:00;0.0;55.9351611030405;;55.73987198269334;;;;
2022-12-12 03:00:00;0.0;55.9351611030405;;58.79909490041266;;;;
2022-12-12 04:00:00;0.0;55.9351611030405;;63.57482695560066;;;;
2022-12-12 05:00:00;0.0;55.9351611030405;;69.76229765520495;;;;
2022-12-12 06:00:00;0.0;55.9351611030405;;76.9562069977525;;;;
2022-12-12 07:00:00;0.0;55.9351611030405;;84.67730774789086;;;;
2022-12-12 08:00:00;0.0;55.9351611030405;;92.3982052770574;;;;
2022-12-12 09:00:00;0.0;55.9351611030405;;99.60078794262706;;;;
2022-12-12 10:00:00;0.0;55.9351611030405;;105.7890675171981;;;;
2022-12-12 11:00:00;0.0;55.9351611030405;;110.5445189152915;;;;
2022-12-12 12:00:00;0.0;55.9351611030405;;113.5329630494753;;;;
2022-12-12 13:00:00;0.0;55.9351611030405;;114.5507598806189;;;;
2022-12-12 14:00:00;0.0;55.9351611030405;;113.5236228887509;;;;
2022-12-12 15:00:00;0.0;55.9351611030405;;110.5148688536898;;;;
2022-12-12 16:00:00;0.0;55.9351611030405;;105.7356854218078;;;;
2022-12-12 17:00:00;0.0;55.9351611030405;;99.51382432774474;;;;
2022-12-12 18:00:00;0.0;55.9351611030405;;92.27942229178076;;;;
2022-12-12 19:00:00;0.0;55.9351611030405;;84.51968204268967;;;;
2022-12-12 20:00:00;0.0;55.9351611030405;;76.76372555950013;;;;
2022-12-12 21:00:00;0.0;55.9351611030405;;69.53366987020256;;;;
2022-12-12 22:00:00;0.0;55.9351611030405;;63.30677188216291;;;;
2022-12-12 23:00:00;0.0;55.9351611030405;;57.85687525062617;;;;
2022-12-13 00:00:00;0.0;55.9351611030405;;54.12340672290707;;;;
2022-12-13 01:00:00;0.0;55.9351611030405;;52.26504904884917;;;;
2022-12-13 02:00:00;0.0;55.9351611030405;;52.92637191033983;;;;
2022-12-13 03:00:00;0.0;55.9351611030405;;55.35637353560563;;;;
2022-12-13 04:00:00;0.0;55.9351611030405;;59.33708106944123;;;;
2022-12-13 05:00:00;0.0;55.9351611030405;;64.55103738984688;;;;
2022-12-13 06:00:00;0.0;55.9351611030405;;70.59592558882889;;;;
2022-12-13 07:00:00;0.0;55.9351611030405;;77.0155828113261;;;;
2022-12-13 08:00:00;0.0;55.9351611030405;;83.33453381018475;;;;
2022-12-13 09:00:00;0.0;55.9351611030405;;89.0840491609778;;;;
2022-12-13 10:00:00;0.0;55.9351611030405;;93.84697058962615;;;;
2022-12-13 11:00:00;0.0;55.9351611030405;;97.27968331684346;;;;
2022-12-13 12:00:00;0.0;55.9351611030405;;99.13770155218222;;;;
2022-12-13 13:00:00;0.0;55.9351611030405;;99.28487870866158;;;;
2022-12-13 14:00:00;0.0;55.9351611030405;;97.70129491669933;;;;
2022-12-13 15:00:00;0.0;55.9351611030405;;94.4839877925272;;;;
2022-12-13 16:00:00;0.0;55.9351611030405;;89.84278051783633;;;;
2022-12-13 17:00:00;0.0;55.9351611030405;;84.07922822915941;;;;
2022-12-13 18:00:00;0.0;55.9351611030405;;77.56818374424506;;;;
2022-12-13 19:00:00;0.0;55.9351611030405;;70.7259605795642;;;;
2022-12-13 20:00:00;0.0;55.9351611030405;;63.98758141251272;;;;
2022-12-13 21:00:00;0.0;55.9351611030405;;57.77098422966855;;;;
2022-12-13 22:00:00;0.0;55.9351611030405;;52.46036135426673;;;;
2022-12-13 23:00:00;0.0;55.9351611030405;;50.0;;;;
2022-12-14 00:00:00;0.0;55.9351611030405;;50.0;;;;
2022-12-14 01:00:00;0.0;55.9351611030405;;50.0;;;;
2022-12-14 02:00:00;0.0;55.9351611030405;;50.0;;;;
2022-12-14 03:00:00;0.0;55.9351611030405;;50.0;;;;
2022-12-14 04:00:00;0.0;55.9351611030405;;51.01814591236614;;;;
2022-12-14 05:00:00;0.0;55.9351611030405;;55.65011726887924;;;;
2022-12-14 06:00:00;0.0;55.9351611030405;;61.07097643765925;;;;
2022-12-14 07:00:00;0.0;55.9351611030405;;66.89837460220218;;;;
2022-12-14 08:00:00;0.0;55.9351611030405;;72.73449955489122;;;;
2022-12-14 09:00:00;0.0;55.9351611030405;;78.1849503322653;;;;
2022-12-14 10:00:00;0.0;55.9351611030405;;82.87895125018407;;;;
2022-12-14 11:00:00;0.0;55.9351611030405;;86.50127121024606;;;;
2022-12-14 12:00:00;0.0;55.9351611030405;;88.80405549381376;;;;
2022-12-14 13:00:00;0.0;55.9351611030405;;89.63855245672748;;;;
2022-12-14 14:00:00;0.0;55.9351611030405;;88.94708115727298;;;;
2022-12-14 15:00:00;0.0;55.9351611030405;;86.77357821183878;;;;
2022-12-14 16:00:00;0.0;55.9351611030405;;83.26521039497214;;;;
2022-12-14 17:00:00;0.0;55.9351611030405;;78.65556240449544;;;;
2022-12-14 18:00:00;0.0;55.9351611030405;;73.26222499027625;;;;
2022-12-14 19:00:00;0.0;55.9351611030405;;67.45060700339278;;;;
2022-12-14 20:00:00;0.0;55.9351611030405;;61.62515888253323;;;;
2022-12-14 21:00:00;0.0;55.9351611030405;;56.18775306071669;;;;
2022-12-14 22:00:00;0.0;55.9351611030405;;51.52570414864664;;;;
2022-12-14 23:00:00;0.0;55.9351611030405;;50.0;;;;
2022-12-15 00:00:00;0.0;55.9351611030405;;50.0;;;;
2022-12-15 01:00:00;0.0;55.9351611030405;;50.0;;;;
2022-12-15 02:00:00;0.0;55.9351611030405;;50.0;;;;
2022-12-15 03:00:00;0.0;55.9351611030405;;50.6890267841212;;;;
2022-12-15 04:00:00;0.0;55.9351611030405;;54.88134787226261;;;;
2022-12-15 05:00:00;0.0;55.9351611030405;;60.31641964896823;;;;
2022-12-15 06:00:00;0.0;55.9351611030405;;66.64539737958194;;;;
2022-12-15 07:00:00;0.0;55.9351611030405;;73.46393497740223;;;;
2022-12-15 08:00:00;0.0;55.9351611030405;;80.3250067509617;;;;
2022-12-15 09:00:00;0.0;55.9351611030405;;86.77178574036421;;;;
2022-12-15 10:00:00;0.0;55.9351611030405;;92.37501431482568;;;;
2022-12-15 11:00:00;0.0;55.9351611030405;;96.7602145822826;;;;
2022-12-15 12:00:00;0.0;55.9351611030405;;99.63446517919854;;;;
2022-12-15 13:00:00;0.0;55.9351611030405;;100.7958722734215;;;;
2022-12-15 14:00:00;0.0;55.9351611030405;;100.1659135551347;;;;
2022-12-15 15:00:00;0.0;55.9351611030405;;97.79709102105292;;;;
2022-12-15 16:00:00;0.0;55.9351611030405;;93.85784522676286;;;;
2022-12-15 17:00:00;0.0;55.9351611030405;;88.62546235799505;;;;
2022-12-15 18:00:00;0.0;55.9351611030405;;82.45838184865931;;;;
2022-12-15 19:00:00;0.0;55.9351611030405;;75.79229162266792;;;;
2022-12-15 20:00:00;0.0;55.9351611030405;;69.0889077137358;;;;
2022-12-15 21:00:00;0.0;55.9351611030405;;62.81819290221457;;;;
2022-12-15 22:00:00;0.0;55.9351611030405;;57.41615621078164;;;;
2022-12-15 23:00:00;0.0;55.9351611030405;;54.03840354556324;;;;
2022-12-16 00:00:00;0.0;55.9351611030405;;52.17871828682578;;;;
2022-12-16 01:00:00;0.0;55.9351611030405;;52.04457236053841;;;;
2022-12-16 02:00:00;0.0;55.9351611030405;;52.9428211888967;;;;
2022-12-16 03:00:00;0.0;55.9351611030405;;55.63047058960751;;;;
2022-12-16 04:00:00;0.0;55.9351611030405;;59.91410788640778;;;;
2022-12-16 05:00:00;0.0;55.9351611030405;;65.49403087302812;;;;
2022-12-16 06:00:00;0.0;55.9351611030405;;71.97659136802982;;;;
2022-12-16 07:00:00;0.0;55.9351611030405;;78.91349666177801;;;;
2022-12-16 08:00:00;0.0;55.9351611030405;;85.81709995209866;;;;
2022-12-16 09:00:00;0.0;55.9351611030405;;92.21562642859206;;;;
2022-12-16 10:00:00;0.0;55.9351611030405;;97.66353165422515;;;;
2022-12-16 11:00:00;0.0;55.9351611030405;;101.7908774698257;;;;
2022-12-16 12:00:00;0.0;55.9351611030405;;104.3118001219327;;;;
2022-12-16 13:00:00;0.0;55.9351611030405;;105.055932630145;;;;
2022-12-16 14:00:00;0.0;55.9351611030405;;103.9742401301209;;;;
2022-12-16 15:00:00;0.0;55.9351611030405;;101.1358875694635;;;;
2022-12-16 16:00:00;0.0;55.9351611030405;;96.73571066534718;;;;
2022-12-16 17:00:00;0.0;55.9351611030405;;91.0686225757262;;;;
2022-12-16 18:00:00;0.0;55.9351611030405;;84.51958329722001;;;;
2022-12-16 19:00:00;0.0;55.9351611030405;;77.52962052501654;;;;
2022-12-16 20:00:00;0.0;55.9351611030405;;70.5698171370511;;;;
2022-12-16 21:00:00;0.0;55.9351611030405;;64.10749385113189;;;;
2022-12-16 22:00:00;0.0;55.9351611030405;;58.57552123154509;;;;
2022-12-16 23:00:00;0.0;55.9351611030405;;54.70260305566507;;;;
2022-12-17 00:00:00;0.0;55.9351611030405;;52.41641869331949;;;;
2022-12-17 01:00:00;0.0;55.9351611030405;;51.91288180121767;;;;
2022-12-17 02:00:00;0.0;55.9351611030405;;52.91831474457122;;;;
2022-12-17 03:00:00;0.0;55.9351611030405;;55.74983374622533;;;;
2022-12-17 04:00:00;0.0;55.9351611030405;;60.2362643458486;;;;
2022-12-17 05:00:00;0.0;55.9351611030405;;66.09168127288038;;;;
2022-12-17 06:00:00;0.0;55.9351611030405;;72.94359620370311;;;;
2022-12-17 07:00:00;0.0;55.9351611030405;;80.34792828063574;;;;
2022-12-17 08:00:00;0.0;55.9351611030405;;87.82626906944503;;;;
2022-12-17 09:00:00;0.0;55.9351611030405;;94.8931081079716;;;;
2022-12-17 10:00:00;0.0;55.9351611030405;;101.0904514877658;;;;
2022-12-17 11:00:00;0.0;55.9351611030405;;106.0134222437458;;;;
2022-12-17 12:00:00;0.0;55.9351611030405;;109.3430418683401;;;;
2022-12-17 13:00:00;0.0;55.9351611030405;;110.8604312811221;;;;
2022-12-17 14:00:00;0.0;55.9351611030405;;110.4698412821676;;;;
2022-12-17 15:00:00;0.0;55.9351611030405;;108.1998978771202;;;;
2022-12-17 16:00:00;0.0;55.9351611030405;;104.2147679025972;;;;
2022-12-17 17:00:00;0.0;55.9351611030405;;98.79631815830774;;;;
2022-12-17 18:00:00;0.0;55.9351611030405;;92.3261424652286;;;;
2022-12-17 19:00:00;0.0;55.9351611030405;;85.26417329462657;;;;
2022-12-17 20:00:00;0.0;55.9351611030405;;78.11825030542845;;;;
2022-12-17 21:00:00;0.0;55.9351611030405;;71.4125606474561;;;;
2022-12-17 22:00:00;0.0;55.9351611030405;;65.64409829806627;;;;
2022-12-17 23:00:00;0.0;55.9351611030405;;60.91944899955796;;;;
2022-12-18 00:00:00;0.0;55.9351611030405;;57.93011853025938;;;;
2022-12-18 01:00:00;0.0;55.9351611030405;;56.89946613514858;;;;
2022-12-18 02:00:00;0.0;55.9351611030405;;58.25226345307145;;;;
2022-12-18 03:00:00;0.0;55.9351611030405;;61.60163699675578;;;;
2022-12-18 04:00:00;0.0;55.9351611030405;;66.76890923356436;;;;
2022-12-18 05:00:00;0.0;55.9351611030405;;73.44786310049022;;;;
2022-12-18 06:00:00;0.0;55.9351611030405;;81.21642263912577;;;;
2022-12-18 07:00:00;0.0;55.9351611030405;;89.5748369374153;;;;
2022-12-18 08:00:00;0.0;55.9351611030405;;97.9767204933481;;;;
2022-12-18 09:00:00;0.0;55.9351611030405;;105.8635988178986;;;;
2022-12-18 10:00:00;0.0;55.9351611030405;;112.7014470196557;;;;
2022-12-18 11:00:00;0.0;55.9351611030405;;118.0272955502882;;;;
2022-12-18 12:00:00;0.0;55.9351611030405;;121.4845071699143;;;;
2022-12-18 13:00:00;0.0;55.9351611030405;;122.8419286384998;;;;
2022-12-18 14:00:00;0.0;55.9351611030405;;122.0052355425191;;;;
2022-12-18 15:00:00;0.0;55.9351611030405;;119.0310971058265;;;;
2022-12-18 16:00:00;0.0;55.9351611030405;;114.1301707070813;;;;
2022-12-18 17:00:00;0.0;55.9351611030405;;107.6439134860432;;;;
2022-12-18 18:00:00;0.0;55.9351611030405;;100.0276999386174;;;;
2022-12-18 19:00:00;0.0;55.9351611030405;;91.80925943463492;;;;
2022-12-18 20:00:00;0.0;55.9351611030405;;83.5622541402829;;;;
2022-12-18 21:00:00;0.0;55.9351611030405;;75.84744818419351;;;;
2022-12-18 22:00:00;0.0;55.9351611030405;;69.19521893752767;;;;
2022-12-18 23:00:00;0.0;55.9351611030405;;63.21924762570012;;;;
2022-12-19 00:00:00;0.0;55.9351611030405;;59.1115805760855;;;;
2022-12-19 01:00:00;0.0;55.9351611030405;;57.04667591423046;;;;
2022-12-19 02:00:00;0.0;55.9351611030405;;57.88392131942487;;;;
2022-12-19 03:00:00;0.0;55.9351611030405;;60.65686447559062;;;;
2022-12-19 04:00:00;0.0;55.9351611030405;;65.14162613363911;;;;
2022-12-19 05:00:00;0.0;55.9351611030405;;70.9965236777349;;;;
2022-12-19 06:00:00;0.0;55.9351611030405;;77.78228496730466;;;;
2022-12-19 07:00:00;0.0;55.9351611030405;;85.0024831918117;;;;
2022-12-19 08:00:00;0.0;55.9351611030405;;92.1288308053298;;;;
2022-12-19 09:00:00;0.0;55.9351611030405;;98.65272799302976;;;;
2022-12-19 10:00:00;0.0;55.9351611030405;;104.1011225205625;;;;
2022-12-19 11:00:00;0.0;55.9351611030405;;108.0864519493307;;;;
2022-12-19 12:00:00;0.0;55.9351611030405;;110.3197330093113;;;;
2022-12-19 13:00:00;0.0;55.9351611030405;;110.639873810711;;;;
2022-12-19 14:00:00;0.0;55.9351611030405;;109.0226678675379;;;;
2022-12-19 15:00:00;0.0;55.9351611030405;;105.5701502992779;;;;
2022-12-19 16:00:00;0.0;55.9351611030405;;100.5111957388302;;;;
2022-12-19 17:00:00;0.0;55.9351611030405;;94.17197698816628;;;;
2022-12-19 18:00:00;0.0;55.9351611030405;;86.96868693609146;;;;
2022-12-19 19:00:00;0.0;55.9351611030405;;79.36846279531593;;;;
2022-12-19 20:00:00;0.0;55.9351611030405;;71.8603649298673;;;;
2022-12-19 21:00:00;0.0;55.9351611030405;;64.92129546249996;;;;
2022-12-19 22:00:00;0.0;55.9351611030405;;58.98529090344003;;;;
2022-12-19 23:00:00;0.0;55.9351611030405;;53.82660829624718;;;;
2022-12-20 00:00:00;0.0;55.9351611030405;;50.31207701650116;;;;
2022-12-20 01:00:00;0.0;55.9351611030405;;50.0;;;;
2022-12-20 02:00:00;0.0;55.9351611030405;;50.0;;;;
2022-12-20 03:00:00;0.0;55.9351611030405;;51.54091825886584;;;;
2022-12-20 04:00:00;0.0;55.9351611030405;;55.35492383322293;;;;
2022-12-20 05:00:00;0.0;55.9351611030405;;60.37137039381759;;;;
2022-12-20 06:00:00;0.0;55.9351611030405;;66.23078034074044;;;;
2022-12-20 07:00:00;0.0;55.9351611030405;;72.52223450040947;;;;
2022-12-20 08:00:00;0.0;55.9351611030405;;78.80730376158893;;;;
2022-12-20 09:00:00;0.0;55.9351611030405;;84.65510738976863;;;;
2022-12-20 10:00:00;0.0;55.9351611030405;;89.66346161912361;;;;
2022-12-20 11:00:00;0.0;55.9351611030405;;93.49225693738448;;;;
2022-12-20 12:00:00;0.0;55.9351611030405;;95.87961866707208;;;;
2022-12-20 13:00:00;0.0;55.9351611030405;;96.6633753069686;;;;
2022-12-20 14:00:00;0.0;55.9351611030405;;95.788903881716;;;;
2022-12-20 15:00:00;0.0;55.9351611030405;;93.3102787480882;;;;
2022-12-20 16:00:00;0.0;55.9351611030405;;89.38961765298737;;;;
2022-12-20 17:00:00;0.0;55.9351611030405;;84.29660724673622;;;;
2022-12-20 18:00:00;0.0;55.9351611030405;;78.37212414896297;;;;
2022-12-20 19:00:00;0.0;55.9351611030405;;72.02239916433034;;;;
2022-12-20 20:00:00;0.0;55.9351611030405;;65.67061223773231;;;;
2022-12-20 21:00:00;0.0;55.9351611030405;;59.75312628365004;;;;
2022-12-20 22:00:00;0.0;55.9351611030405;;54.67510840540869;;;;
2022-12-20 23:00:00;0.0;55.9351611030405;;50.81399448582027;;;;
2022-12-21 00:00:00;0.0;55.9351611030405;;50.0;;;;
2022-12-21 01:00:00;0.0;55.9351611030405;;50.0;;;;
2022-12-21 02:00:00;0.0;55.9351611030405;;50.0;;;;
2022-12-21 03:00:00;0.0;55.9351611030405;;51.21739065716443;;;;
2022-12-21 04:00:00;0.0;55.9351611030405;;55.31413749515933;;;;
2022-12-21 05:00:00;0.0;55.9351611030405;;60.63685670249828;;;;
2022-12-21 06:00:00;0.0;55.9351611030405;;66.83172583744053;;;;
2022-12-21 07:00:00;0.0;55.9351611030405;;73.4849037553312;;;;
2022-12-21 08:00:00;0.0;55.9351611030405;;80.14744748823442;;;;
2022-12-21 09:00:00;0.0;55.9351611030405;;86.36305231340694;;;;
2022-12-21 10:00:00;0.0;55.9351611030405;;91.70655318065305;;;;
2022-12-21 11:00:00;0.0;55.9351611030405;;95.8123152591272;;;;
2022-12-21 12:00:00;0.0;55.9351611030405;;98.40002375236338;;;;
2022-12-21 13:00:00;0.0;55.9351611030405;;99.29050120156636;;;;
2022-12-21 14:00:00;0.0;55.9351611030405;;98.41807820168452;;;;
2022-12-21 15:00:00;0.0;55.9351611030405;;95.84192675121416;;;;
2022-12-21 16:00:00;0.0;55.9351611030405;;91.73485437996762;;;;
2022-12-21 17:00:00;0.0;55.9351611030405;;86.38416783599081;;;;
2022-12-21 18:00:00;0.0;55.9351611030405;;80.15820521070565;;;;
2022-12-21 19:00:00;0.0;55.9351611030405;;73.4823176159845;;;;
2022-12-21 20:00:00;0.0;55.9351611030405;;66.80795234952306;;;;
2022-12-21 21:00:00;0.0;55.9351611030405;;60.58330817431829;;;;
2022-12-21 22:00:00;0.0;55.9351611030405;;55.2255564697783;;;;
2022-12-21 23:00:00;0.0;55.9351611030405;;51.70880452393918;;;;
2022-12-22 00:00:00;0.0;55.9351611030405;;50.0;;;;
2022-12-22 01:00:00;0.0;55.9351611030405;;50.0;;;;
2022-12-22 02:00:00;0.0;55.9351611030405;;50.0;;;;
2022-12-22 03:00:00;0.0;55.9351611030405;;52.39481724575563;;;;
2022-12-22 04:00:00;0.0;55.9351611030405;;56.28195336779571;;;;
2022-12-22 05:00:00;0.0;55.9351611030405;;61.3615180270845;;;;
2022-12-22 06:00:00;0.0;55.9351611030405;;67.25972200443755;;;;
2022-12-22 07:00:00;0.0;55.9351611030405;;73.55524859382729;;;;
2022-12-22 08:00:00;0.0;55.9351611030405;;79.79752521897404;;;;
2022-12-22 09:00:00;0.0;55.9351611030405;;85.54085192146249;;;;
2022-12-22 10:00:00;0.0;55.9351611030405;;90.37852900310888;;;;
2022-12-22 11:00:00;0.0;55.9351611030405;;93.9757772762988;;;;
2022-12-22 12:00:00;0.0;55.9351611030405;;96.08239374162672;;;;
2022-12-22 13:00:00;0.0;55.9351611030405;;96.55021869414972;;;;
2022-12-22 14:00:00;0.0;55.9351611030405;;95.3430149717254;;;;
2022-12-22 15:00:00;0.0;55.9351611030405;;92.5436208908894;;;;
2022-12-22 16:00:00;0.0;55.9351611030405;;88.3376567113067;;;;
2022-12-22 17:00:00;0.0;55.9351611030405;;83.0041108615753;;;;
2022-12-22 18:00:00;0.0;55.9351611030405;;76.89570559046787;;;;
2022-12-22 19:00:00;0.0;55.9351611030405;;70.41093249387944;;;;
2022-12-22 20:00:00;0.0;55.9351611030405;;63.98022585522048;;;;
2022-12-22 21:00:00;0.0;55.9351611030405;;58.02271864975999;;;;
2022-12-22 22:00:00;0.0;55.9351611030405;;52.93571193112601;;;;
2022-12-22 23:00:00;0.0;55.9351611030405;;50.0;;;;
2022-12-23 00:00:00;0.0;55.9351611030405;;50.0;;;;
2022-12-23 01:00:00;0.0;55.9351611030405;;50.0;;;;
2022-12-23 02:00:00;0.0;55.9351611030405;;50.0;;;;
2022-12-23 03:00:00;0.0;55.9351611030405;;51.35782767951642;;;;
2022-12-23 04:00:00;0.0;55.9351611030405;;55.4492676595052;;;;
2022-12-23 05:00:00;0.0;55.9351611030405;;60.80158522324967;;;;
2022-12-23 06:00:00;0.0;55.9351611030405;;67.0733359670891;;;;
2022-12-23 07:00:00;0.0;55.9351611030405;;73.85873674122831;;;;
2022-12-23 08:00:00;0.0;55.9351611030405;;80.72071143934872;;;;
2022-12-23 09:00:00;0.0;55.9351611030405;;87.21432851130872;;;;
2022-12-23 10:00:00;0.0;55.9351611030405;;92.91898180478792;;;;
2022-12-23 11:00:00;0.0;55.9351611030405;;97.46388485814266;;;;
2022-12-23 12:00:00;0.0;55.9351611030405;;100.5544429031438;;;;
2022-12-23 13:00:00;0.0;55.9351611030405;;101.9922548944377;;;;
2022-12-23 14:00:00;0.0;55.9351611030405;;101.6865995285474;;;;
2022-12-23 15:00:00;0.0;55.9351611030405;;99.6633992052211;;;;
2022-12-23 16:00:00;0.0;55.9351611030405;;96.06440625434628;;;;
2022-12-23 17:00:00;0.0;55.9351611030405;;91.148610711245;;;;
2022-12-23 18:00:00;0.0;55.9351611030405;;85.26156880477782;;;;
2022-12-23 19:00:00;0.0;55.9351611030405;;78.82982726752122;;;;
2022-12-23 20:00:00;0.0;55.9351611030405;;72.31236718039399;;;;
2022-12-23 21:00:00;0.0;55.9351611030405;;66.19324671215509;;;;
2022-12-23 22:00:00;0.0;55.9351611030405;;60.93164829760252;;;;
2022-12-23 23:00:00;0.0;55.9351611030405;;57.30978228269893;;;;
2022-12-24 00:00:00;0.0;55.9351611030405;;55.2867145906016;;;;
2022-12-24 01:00:00;0.0;55.9351611030405;;55.10081962932798;;;;
2022-12-24 02:00:00;0.0;55.9351611030405;;56.50324378349705;;;;
2022-12-24 03:00:00;0.0;55.9351611030405;;59.85335939820018;;;;
2022-12-24 04:00:00;0.0;55.9351611030405;;64.98858501746827;;;;
2022-12-24 05:00:00;0.0;55.9351611030405;;71.61719899245037;;;;
2022-12-24 06:00:00;0.0;55.9351611030405;;79.33444778833908;;;;
2022-12-24 07:00:00;0.0;55.9351611030405;;87.65797041675543;;;;
2022-12-24 08:00:00;0.0;55.9351611030405;;96.05351736273258;;;;
2022-12-24 09:00:00;0.0;55.9351611030405;;103.9763524841885;;;;
2022-12-24 10:00:00;0.0;55.9351611030405;;110.9011724835914;;;;
2022-12-24 11:00:00;0.0;55.9351611030405;;116.3665444953181;;;;
2022-12-24 12:00:00;0.0;55.9351611030405;;120.0075010163795;;;;
2022-12-24 13:00:00;0.0;55.9351611030405;;121.585319141575;;;;
2022-12-24 14:00:00;0.0;55.9351611030405;;120.9951094905617;;;;
2022-12-24 15:00:00;0.0;55.9351611030405;;118.2850723848462;;;;
2022-12-24 16:00:00;0.0;55.9351611030405;;113.6472943953418;;;;
2022-12-24 17:00:00;0.0;55.9351611030405;;107.4136023329573;;;;
2022-12-24 18:00:00;0.0;55.9351611030405;;100.0227908501806;;;;
2022-12-24 19:00:00;0.0;55.9351611030405;;91.99810697746268;;;;
2022-12-24 20:00:00;0.0;55.9351611030405;;83.90847888493633;;;;
2022-12-24 21:00:00;0.0;55.9351611030405;;76.32862404817895;;;;
2022-12-24 22:00:00;0.0;55.9351611030405;;69.79156641552999;;;;
2022-12-24 23:00:00;0.0;55.9351611030405;;64.39880391340049;;;;
2022-12-25 00:00:00;0.0;55.9351611030405;;60.86329349958306;;;;
2022-12-25 01:00:00;0.0;55.9351611030405;;59.39425950622012;;;;
2022-12-25 02:00:00;0.0;55.9351611030405;;60.4105704077589;;;;
2022-12-25 03:00:00;0.0;55.9351611030405;;63.45832641890822;;;;
2022-12-25 04:00:00;0.0;55.9351611030405;;68.3156165391513;;;;
2022-12-25 05:00:00;0.0;55.9351611030405;;74.63123479219871;;;;
2022-12-25 06:00:00;0.0;55.9351611030405;;81.95811643428104;;;;
2022-12-25 07:00:00;0.0;55.9351611030405;;89.77852568449967;;;;
2022-12-25 08:00:00;0.0;55.9351611030405;;97.54178915613628;;;;
2022-12-25 09:00:00;0.0;55.9351611030405;;104.6981833273893;;;;
2022-12-25 10:00:00;0.0;55.9351611030405;;110.7412262761475;;;;
2022-12-25 11:00:00;0.0;55.9351611030405;;115.2486043926455;;;;
2022-12-25 12:00:00;0.0;55.9351611030405;;117.9123723383214;;;;
2022-12-25 13:00:00;0.0;55.9351611030405;;118.5411836239877;;;;
2022-12-25 14:00:00;0.0;55.9351611030405;;117.0927464766542;;;;
2022-12-25 15:00:00;0.0;55.9351611030405;;113.655553623226;;;;
2022-12-25 16:00:00;0.0;55.9351611030405;;108.4683331351341;;;;
2022-12-25 17:00:00;0.0;55.9351611030405;;101.8740325808054;;;;
2022-12-25 18:00:00;0.0;55.9351611030405;;94.31250330248004;;;;
2022-12-25 19:00:00;0.0;55.9351611030405;;86.27999670525351;;;;
2022-12-25 20:00:00;0.0;55.9351611030405;;78.30863087590494;;;;
2022-12-25 21:00:00;0.0;55.9351611030405;;70.91874057581973;;;;
2022-12-25 22:00:00;0.0;55.9351611030405;;64.59204951205751;;;;
2022-12-25 23:00:00;0.0;55.9351611030405;;58.94284283308561;;;;
2022-12-26 00:00:00;0.0;55.9351611030405;;55.07532509186108;;;;
2022-12-26 01:00:00;0.0;55.9351611030405;;53.1430059297824;;;;
2022-12-26 02:00:00;0.0;55.9351611030405;;53.96016102993915;;;;
2022-12-26 03:00:00;0.0;55.9351611030405;;56.62222886545857;;;;
2022-12-26 04:00:00;0.0;55.9351611030405;;60.92913428450279;;;;
2022-12-26 05:00:00;0.0;55.9351611030405;;66.57371884705205;;;;
2022-12-26 06:00:00;0.0;55.9351611030405;;73.16164767927769;;;;
2022-12-26 07:00:00;0.0;55.9351611030405;;80.24474215530635;;;;
2022-12-26 08:00:00;0.0;55.9351611030405;;87.33476584290571;;;;
2022-12-26 09:00:00;0.0;55.9351611030405;;93.9514698346921;;;;
2022-12-26 10:00:00;0.0;55.9351611030405;;99.64512633490924;;;;
2022-12-26 11:00:00;0.0;55.9351611030405;;104.0324702445474;;;;
2022-12-26 12:00:00;0.0;55.9351611030405;;106.8167515822808;;;;
2022-12-26 13:00:00;0.0;55.9351611030405;;107.8057499370653;;;;
2022-12-26 14:00:00;0.0;55.9351611030405;;106.9321341558718;;;;
2022-12-26 15:00:00;0.0;55.9351611030405;;104.2554752596006;;;;
2022-12-26 16:00:00;0.0;55.9351611030405;;99.9558382778908;;;;
2022-12-26 17:00:00;0.0;55.9351611030405;;94.32777701195424;;;;
2022-12-26 18:00:00;0.0;55.9351611030405;;87.75222518280827;;;;
2022-12-26 19:00:00;0.0;55.9351611030405;;80.67850782814972;;;;
2022-12-26 20:00:00;0.0;55.9351611030405;;73.59062284088574;;;;
2022-12-26 21:00:00;0.0;55.9351611030405;;66.97623325408313;;;;
2022-12-26 22:00:00;0.0;55.9351611030405;;61.29641177256758;;;;
2022-12-26 23:00:00;0.0;55.9351611030405;;56.32074629779117;;;;
2022-12-27 00:00:00;0.0;55.9351611030405;;52.99469749004183;;;;
2022-12-27 01:00:00;0.0;55.9351611030405;;51.49470032621832;;;;
2022-12-27 02:00:00;0.0;55.9351611030405;;52.49834872514621;;;;
2022-12-27 03:00:00;0.0;55.9351611030405;;55.29033281581118;;;;
2022-12-27 04:00:00;0.0;55.9351611030405;;59.68834323773469;;;;
2022-12-27 05:00:00;0.0;55.9351611030405;;65.39992456831507;;;;
2022-12-27 06:00:00;0.0;55.9351611030405;;72.04128729929965;;;;
2022-12-27 07:00:00;0.0;55.9351611030405;;79.16112065934084;;;;
2022-12-27 08:00:00;0.0;55.9351611030405;;86.27201208176857;;;;
2022-12-27 09:00:00;0.0;55.9351611030405;;92.88154639655038;;;;
2022-12-27 10:00:00;0.0;55.9351611030405;;98.53126786063746;;;;
2022-12-27 11:00:00;0.0;55.9351611030405;;102.8364077798939;;;;
2022-12-27 12:00:00;0.0;55.9351611030405;;105.4980305509463;;;;
2022-12-27 13:00:00;0.0;55.9351611030405;;106.3289874181691;;;;
2022-12-27 14:00:00;0.0;55.9351611030405;;105.2659802287954;;;;
2022-12-27 15:00:00;0.0;55.9351611030405;;102.3781559453591;;;;
2022-12-27 16:00:00;0.0;55.9351611030405;;97.86710588955776;;;;
2022-12-27 17:00:00;0.0;55.9351611030405;;92.0333122175096;;;;
2022-12-27 18:00:00;0.0;55.9351611030405;;85.27737011112444;;;;
2022-12-27 19:00:00;0.0;55.9351611030405;;78.05320929396851;;;;
2022-12-27 20:00:00;0.0;55.9351611030405;;70.84991458407201;;;;
2022-12-27 21:00:00;0.0;55.9351611030405;;64.14376857858446;;;;
2022-12-27 22:00:00;0.0;55.9351611030405;;58.37150564488744;;;;
2022-12-27 23:00:00;0.0;55.9351611030405;;53.91970188499278;;;;
2022-12-28 00:00:00;0.0;55.9351611030405;;51.0449879314553;;;;
2022-12-28 01:00:00;0.0;55.9351611030405;;50.0;;;;
2022-12-28 02:00:00;0.0;55.9351611030405;;50.53236822578;;;;
2022-12-28 03:00:00;0.0;55.9351611030405;;52.84607013925623;;;;
2022-12-28 04:00:00;0.0;55.9351611030405;;56.64491937733663;;;;
2022-12-28 05:00:00;0.0;55.9351611030405;;61.62676143215268;;;;
2022-12-28 06:00:00;0.0;55.9351611030405;;67.40263114488911;;;;
2022-12-28 07:00:00;0.0;55.9351611030405;;73.54387453901691;;;;
2022-12-28 08:00:00;0.0;55.9351611030405;;79.59656208457515;;;;
2022-12-28 09:00:00;0.0;55.9351611030405;;85.12451614689354;;;;
2022-12-28 10:00:00;0.0;55.9351611030405;;89.72566115996896;;;;
2022-12-28 11:00:00;0.0;55.9351611030405;;93.06584698308968;;;;
2022-12-28 12:00:00;0.0;55.9351611030405;;94.9125392947524;;;;
2022-12-28 13:00:00;0.0;55.9351611030405;;95.12416561763835;;;;
2022-12-28 14:00:00;0.0;55.9351611030405;;93.68827386034712;;;;
2022-12-28 15:00:00;0.0;55.9351611030405;;90.6875673889203;;;;
2022-12-28 16:00:00;0.0;55.9351611030405;;86.3269371522923;;;;
2022-12-28 17:00:00;0.0;55.9351611030405;;80.88575884154498;;;;
2022-12-28 18:00:00;0.0;55.9351611030405;;74.71752265357617;;;;
2022-12-28 19:00:00;0.0;55.9351611030405;;68.22097068809967;;;;
2022-12-28 20:00:00;0.0;55.9351611030405;;61.81157799862262;;;;
2022-12-28 21:00:00;0.0;55.9351611030405;;55.89598201385039;;;;
2022-12-28 22:00:00;0.0;55.9351611030405;;50.84397077594246;;;;
2022-12-28 23:00:00;0.0;55.9351611030405;;50.0;;;;
2022-12-29 00:00:00;0.0;55.9351611030405;;50.0;;;;
2022-12-29 01:00:00;0.0;55.9351611030405;;50.0;;;;
2022-12-29 02:00:00;0.0;55.9351611030405;;50.0;;;;
2022-12-29 03:00:00;0.0;55.9351611030405;;50.0;;;;
2022-12-29 04:00:00;0.0;55.9351611030405;;51.93765056266774;;;;
2022-12-29 05:00:00;0.0;55.9351611030405;;56.79963368803558;;;;
2022-12-29 06:00:00;0.0;55.9351611030405;;62.49155587056127;;;;
2022-12-29 07:00:00;0.0;55.9351611030405;;68.63845324282545;;;;
2022-12-29 08:00:00;0.0;55.9351611030405;;74.83138871177397;;;;
2022-12-29 09:00:00;0.0;55.9351611030405;;80.66252595402705;;;;
2022-12-29 10:00:00;0.0;55.9351611030405;;85.74891897685625;;;;
2022-12-29 11:00:00;0.0;55.9351611030405;;89.74953500287285;;;;
2022-12-29 12:00:00;0.0;55.9351611030405;;92.40711754113909;;;;
2022-12-29 13:00:00;0.0;55.9351611030405;;93.5435863138283;;;;
2022-12-29 14:00:00;0.0;55.9351611030405;;93.09113982206796;;;;
2022-12-29 15:00:00;0.0;55.9351611030405;;91.07700638955882;;;;
2022-12-29 16:00:00;0.0;55.9351611030405;;87.64496608321238;;;;
2022-12-29 17:00:00;0.0;55.9351611030405;;83.03251845197738;;;;
2022-12-29 18:00:00;0.0;55.9351611030405;;77.56273483845912;;;;
2022-12-29 19:00:00;0.0;55.9351611030405;;71.61630620247497;;;;
2022-12-29 20:00:00;0.0;55.9351611030405;;65.61723897009719;;;;
2022-12-29 21:00:00;0.0;55.9351611030405;;59.99718879127744;;;;
2022-12-29 22:00:00;0.0;55.9351611030405;;55.17156486275766;;;;
2022-12-29 23:00:00;0.0;55.9351611030405;;52.25687027903412;;;;
2022-12-30 00:00:00;0.0;55.9351611030405;;50.79658503522968;;;;
2022-12-30 01:00:00;0.0;55.9351611030405;;51.01605562849929;;;;
2022-12-30 02:00:00;0.0;55.9351611030405;;52.28885255069409;;;;
2022-12-30 03:00:00;0.0;55.9351611030405;;55.36409079037509;;;;
2022-12-30 04:00:00;0.0;55.9351611030405;;60.09330674676951;;;;
2022-12-30 05:00:00;0.0;55.9351611030405;;66.20237722642588;;;;
2022-12-30 06:00:00;0.0;55.9351611030405;;73.32275432429448;;;;
2022-12-30 07:00:00;0.0;55.9351611030405;;81.0038638328885;;;;
2022-12-30 08:00:00;0.0;55.9351611030405;;88.75817356684557;;;;
2022-12-30 09:00:00;0.0;55.9351611030405;;96.08017837817266;;;;
2022-12-30 10:00:00;0.0;55.9351611030405;;102.4922399416661;;;;
2022-12-30 11:00:00;0.0;55.9351611030405;;107.5662940119876;;;;
2022-12-30 12:00:00;0.0;55.9351611030405;;110.9678673782707;;;;
2022-12-30 13:00:00;0.0;55.9351611030405;;112.4669108927885;;;;
2022-12-30 14:00:00;0.0;55.9351611030405;;111.9685787275857;;;;
2022-12-30 15:00:00;0.0;55.9351611030405;;109.5113206046876;;;;
2022-12-30 16:00:00;0.0;55.9351611030405;;105.2760077769492;;;;
2022-12-30 17:00:00;0.0;55.9351611030405;;99.5594134571877;;;;
2022-12-30 18:00:00;0.0;55.9351611030405;;92.77107682675776;;;;
2022-12-30 19:00:00;0.0;55.9351611030405;;85.38975159908311;;;;
2022-12-30 20:00:00;0.0;55.9351611030405;;77.94578111905913;;;;
2022-12-30 21:00:00;0.0;55.9351611030405;;70.96529161534053;;;;
2022-12-30 22:00:00;0.0;55.9351611030405;;64.94399996984752;;;;
2022-12-30 23:00:00;0.0;55.9351611030405;;60.69133713356711;;;;
2022-12-31 00:00:00;0.0;55.9351611030405;;58.1551109313551;;;;
2022-12-31 01:00:00;0.0;55.9351611030405;;57.5619900406561;;;;
2022-12-31 02:00:00;0.0;55.9351611030405;;58.61602479404739;;;;
2022-12-31 03:00:00;0.0;55.9351611030405;;61.64814948922076;;;;
2022-12-31 04:00:00;0.0;55.9351611030405;;66.45118833164767;;;;
2022-12-31 05:00:00;0.0;55.9351611030405;;72.69339117480548;;;;
2022-12-31 06:00:00;0.0;55.9351611030405;;79.94364184383448;;;;
2022-12-31 07:00:00;0.0;55.9351611030405;;87.70349944779866;;;;
2022-12-31 08:00:00;0.0;55.9351611030405;;95.43600870487752;;;;
2022-12-31 09:00:00;0.0;55.9351611030405;;102.6000705850878;;;;
2022-12-31 10:00:00;0.0;55.9351611030405;;108.7031954917866;;;;
2022-12-31 11:00:00;0.0;55.9351611030405;;113.3263536341375;;;;
2022-12-31 12:00:00;0.0;55.9351611030405;;116.1569336015259;;;;
2022-12-31 13:00:00;0.0;55.9351611030405;;116.9928853985303;;;;
2022-12-31 14:00:00;0.0;55.9351611030405;;115.7785035019883;;;;
2022-12-31 15:00:00;0.0;55.9351611030405;;112.6002286239348;;;;
2022-12-31 16:00:00;0.0;55.9351611030405;;107.6766391652554;;;;
2022-12-31 17:00:00;0.0;55.9351611030405;;101.3420916805629;;;;
2022-12-31 18:00:00;0.0;55.9351611030405;;94.02106965400893;;;;
2022-12-31 19:00:00;0.0;55.9351611030405;;86.20286578852676;;;;
2022-12-31 20:00:00;0.0;55.9351611030405;;78.41343509171101;;;;
2022-12-31 21:00:00;0.0;55.9351611030405;;71.17453908581135;;;;
2022-12-31 22:00:00;0.0;55.9351611030405;;64.97725897998815;;;;
2022-12-31 23:00:00;0.0;55.9351611030405;;50.0;;;;
