
Gurobi 12.0.3 (win64) logging started Wed Sep 24 11:06:37 2025

Set parameter LogFile to value "userData\20250924110629-1\solver_log.txt"
Set parameter TimeLimit to value 1080000
Set parameter MIPGap to value 0.02
Set parameter MIPFocus to value 0
Set parameter Threads to value 0
Set parameter NodefileStart to value 60
Set parameter Method to value -1
Set parameter Heuristics to value 0.05
Set parameter Presolve to value -1
Set parameter BranchDir to value 0
Set parameter LPWarmStart to value 0
Set parameter IntFeasTol to value 1e-05
Set parameter FeasibilityTol to value 1e-06
Set parameter Cuts to value -1
Set parameter NumericFocus to value 0
Gurobi Optimizer version 12.0.3 build v12.0.3rc0 (win64 - Windows Server 2016.0 (14393.2))

CPU model: QEMU Virtual CPU version 2.5+, instruction set [SSE2]
Thread count: 48 physical cores, 48 logical processors, using up to 32 threads

Non-default parameters:
TimeLimit  1080000
MIPGap  0.02
LPWarmStart  0
NodefileStart  60

Optimize a model with 77628 rows, 52501 columns and 173494 nonzeros
Model fingerprint: 0x370ab8fe
Variable types: 43381 continuous, 9120 integer (8784 binary)
Coefficient statistics:
  Matrix range     [3e-03, 5e+07]
  Objective range  [1e+00, 1e+00]
  Bounds range     [1e+00, 7e+09]
  RHS range        [1e+00, 5e+07]
Warning: Model contains large bounds
         Consider reformulating model or setting NumericFocus parameter
         to avoid numerical issues.
Presolve removed 60536 rows and 36094 columns
Presolve time: 0.26s
Presolved: 17092 rows, 16407 columns, 59516 nonzeros
Variable types: 12183 continuous, 4224 integer (4224 binary)

Root relaxation: objective 5.394669e+07, 26248 iterations, 4.07 seconds (3.47 work units)

    Nodes    |    Current Node    |     Objective Bounds      |     Work
 Expl Unexpl |  Obj  Depth IntInf | Incumbent    BestBd   Gap | It/Node Time

     0     0 5.3947e+07    0   49          - 5.3947e+07      -     -    4s
H    0     0                    1.083785e+09 5.3947e+07  95.0%     -    4s
H    0     0                    9.303115e+08 5.3947e+07  94.2%     -    4s
H    0     0                    9.095028e+08 5.3947e+07  94.1%     -    5s
H    0     0                    3.455721e+08 8.5232e+07  75.3%     -   11s
     0     0 8.5232e+07    0  130 3.4557e+08 8.5232e+07  75.3%     -   11s
     0     0 1.1806e+08    0  111 3.4557e+08 1.1806e+08  65.8%     -   15s
     0     0 1.2867e+08    0  104 3.4557e+08 1.2867e+08  62.8%     -   17s
     0     0 1.2875e+08    0  111 3.4557e+08 1.2875e+08  62.7%     -   17s
     0     0 1.3191e+08    0   95 3.4557e+08 1.3191e+08  61.8%     -   18s
     0     0 1.3194e+08    0  108 3.4557e+08 1.3194e+08  61.8%     -   18s
     0     0 1.3333e+08    0  121 3.4557e+08 1.3333e+08  61.4%     -   19s
     0     0 1.3385e+08    0  104 3.4557e+08 1.3385e+08  61.3%     -   19s
     0     0 1.3394e+08    0  127 3.4557e+08 1.3394e+08  61.2%     -   20s
     0     0 1.3394e+08    0  138 3.4557e+08 1.3394e+08  61.2%     -   20s
     0     0 1.4490e+08    0  158 3.4557e+08 1.4490e+08  58.1%     -   24s
H    0     0                    3.086769e+08 1.4555e+08  52.8%     -   25s
     0     0 1.4555e+08    0  171 3.0868e+08 1.4555e+08  52.8%     -   25s
     0     0 1.4559e+08    0  177 3.0868e+08 1.4559e+08  52.8%     -   25s
     0     0 1.4560e+08    0  185 3.0868e+08 1.4560e+08  52.8%     -   25s
     0     0 1.4797e+08    0  229 3.0868e+08 1.4797e+08  52.1%     -   29s
H    0     0                    3.071517e+08 1.4801e+08  51.8%     -   29s
H    0     0                    2.906613e+08 1.4818e+08  49.0%     -   30s
     0     0 1.4818e+08    0  241 2.9066e+08 1.4818e+08  49.0%     -   30s
     0     0 1.4862e+08    0  235 2.9066e+08 1.4862e+08  48.9%     -   31s
     0     0 1.4864e+08    0  248 2.9066e+08 1.4864e+08  48.9%     -   31s
     0     0 1.4865e+08    0  258 2.9066e+08 1.4865e+08  48.9%     -   31s
     0     0 1.5021e+08    0  262 2.9066e+08 1.5021e+08  48.3%     -   35s
     0     0 1.5029e+08    0  306 2.9066e+08 1.5029e+08  48.3%     -   36s
     0     0 1.5096e+08    0  270 2.9066e+08 1.5096e+08  48.1%     -   37s
     0     0 1.5111e+08    0  289 2.9066e+08 1.5111e+08  48.0%     -   37s
     0     0 1.5111e+08    0  313 2.9066e+08 1.5111e+08  48.0%     -   38s
     0     0 1.5124e+08    0  306 2.9066e+08 1.5124e+08  48.0%     -   39s
H    0     0                    2.906588e+08 1.5128e+08  48.0%     -   39s
     0     0 1.5128e+08    0  322 2.9066e+08 1.5128e+08  48.0%     -   39s
     0     0 1.5133e+08    0  341 2.9066e+08 1.5133e+08  47.9%     -   40s
H    0     0                    2.621695e+08 1.5134e+08  42.3%     -   40s
H    0     0                    2.608252e+08 1.5139e+08  42.0%     -   41s
     0     0 1.5139e+08    0  327 2.6083e+08 1.5139e+08  42.0%     -   41s
     0     0 1.5141e+08    0  346 2.6083e+08 1.5141e+08  41.9%     -   42s
     0     0 1.5182e+08    0  353 2.6083e+08 1.5182e+08  41.8%     -   43s
     0     0 1.5231e+08    0  296 2.6083e+08 1.5231e+08  41.6%     -   44s
     0     0 1.5233e+08    0  347 2.6083e+08 1.5233e+08  41.6%     -   45s
     0     0 1.5265e+08    0  320 2.6083e+08 1.5265e+08  41.5%     -   47s
H    0     0                    2.605790e+08 1.5339e+08  41.1%     -   47s
     0     0 1.5339e+08    0  328 2.6058e+08 1.5339e+08  41.1%     -   48s
     0     0 1.5339e+08    0  334 2.6058e+08 1.5339e+08  41.1%     -   49s
     0     0 1.5349e+08    0  307 2.6058e+08 1.5349e+08  41.1%     -   50s
H    0     0                    2.340679e+08 1.5350e+08  34.4%     -   50s
     0     0 1.5351e+08    0  370 2.3407e+08 1.5351e+08  34.4%     -   51s
     0     0 1.5389e+08    0  346 2.3407e+08 1.5389e+08  34.3%     -   53s
     0     0 1.5391e+08    0  388 2.3407e+08 1.5391e+08  34.2%     -   53s
     0     0 1.5391e+08    0  399 2.3407e+08 1.5391e+08  34.2%     -   54s
     0     0 1.5392e+08    0  405 2.3407e+08 1.5392e+08  34.2%     -   55s
     0     0 1.5436e+08    0  368 2.3407e+08 1.5436e+08  34.1%     -   56s
     0     0 1.5445e+08    0  379 2.3407e+08 1.5445e+08  34.0%     -   56s
     0     0 1.5445e+08    0  394 2.3407e+08 1.5445e+08  34.0%     -   57s
     0     0 1.5447e+08    0  413 2.3407e+08 1.5447e+08  34.0%     -   57s
     0     0 1.5450e+08    0  412 2.3407e+08 1.5450e+08  34.0%     -   58s
     0     0 1.5454e+08    0  416 2.3407e+08 1.5454e+08  34.0%     -   59s
     0     0 1.5455e+08    0  411 2.3407e+08 1.5455e+08  34.0%     -   59s
H    0     0                    2.337656e+08 1.5455e+08  33.9%     -   66s
H    0     0                    2.311040e+08 1.5455e+08  33.1%     -   70s
H    0     0                    2.310655e+08 1.5455e+08  33.1%     -   71s
H    0     0                    2.298614e+08 1.5455e+08  32.8%     -   71s
H    0     0                    2.297830e+08 1.5455e+08  32.7%     -   74s
H    0     0                    2.294998e+08 1.5455e+08  32.7%     -   76s
H    0     2                    2.291792e+08 1.5455e+08  32.6%     -   77s
     0     2 1.5455e+08    0  345 2.2918e+08 1.5455e+08  32.6%     -   77s
     1     4 1.5609e+08    1  209 2.2918e+08 1.5609e+08  31.9%  7084   81s
     7    16 1.6203e+08    3  291 2.2918e+08 1.5756e+08  31.3%  4648   86s
    15    32 1.6215e+08    4  371 2.2918e+08 1.5797e+08  31.1%  4976   90s
    31    64 1.6411e+08    5  317 2.2918e+08 1.5817e+08  31.0%  6058  100s
    63    95 1.6445e+08    6  310 2.2918e+08 1.5861e+08  30.8%  6783  106s
H   94    95                    2.291790e+08 1.5869e+08  30.8%  5285  106s
    95   211 1.6713e+08    7  337 2.2918e+08 1.5869e+08  30.8%  5285  110s
   218   259 1.7377e+08    8  266 2.2918e+08 1.5869e+08  30.8%  3612  127s
   268   319 1.7039e+08    9  278 2.2918e+08 1.5982e+08  30.3%  3391  133s
   328   350 1.7125e+08   10  283 2.2918e+08 1.5982e+08  30.3%  3220  139s
   361   381 1.7219e+08   11  243 2.2918e+08 1.5982e+08  30.3%  3101  141s
   398   421 1.7278e+08   12  265 2.2918e+08 1.5982e+08  30.3%  2997  145s
   484   503 1.7363e+08   14  221 2.2918e+08 1.5982e+08  30.3%  2854  150s
   636   654 1.7495e+08   17  149 2.2918e+08 1.5982e+08  30.3%  2543  156s
   751   753 1.7539e+08   19  195 2.2918e+08 1.5982e+08  30.3%  2357  160s
   933   909 1.7698e+08   22  152 2.2918e+08 1.6014e+08  30.1%  2155  166s
   997   955 1.7738e+08   23  194 2.2918e+08 1.6099e+08  29.8%  2093  171s
  1133  1066 1.7741e+08   24  197 2.2918e+08 1.6099e+08  29.8%  2022  183s
  1194  1127 1.9415e+08   24  220 2.2918e+08 1.6099e+08  29.8%  2017  190s
  1265  1193 1.7774e+08   25  210 2.2918e+08 1.6099e+08  29.8%  1993  201s
  1342  1242     cutoff   26      2.2918e+08 1.6099e+08  29.8%  1960  210s
  1415  1299 2.0870e+08   27  121 2.2918e+08 1.6099e+08  29.8%  1948  225s
  1481  1341 1.9974e+08   27  143 2.2918e+08 1.6099e+08  29.8%  1950  238s
  1551  1405 2.0027e+08   28  121 2.2918e+08 1.6099e+08  29.8%  1937  254s
  1621  1486 2.0039e+08   29  105 2.2918e+08 1.6414e+08  28.4%  1923  269s
  1702  1581 2.0043e+08   30  128 2.2918e+08 1.6414e+08  28.4%  1888  282s
  1805  1686 2.0061e+08   31  133 2.2918e+08 1.6414e+08  28.4%  1849  293s
  1920  1802 2.0079e+08   32  120 2.2918e+08 1.6414e+08  28.4%  1806  307s
  2066  1933 2.0103e+08   33  126 2.2918e+08 1.6854e+08  26.5%  1762  327s
  2239  2049 2.0108e+08   34  127 2.2918e+08 1.6897e+08  26.3%  1718  345s
  2378  2165 2.0109e+08   35  124 2.2918e+08 1.6897e+08  26.3%  1703  367s
  2538  2251 2.0110e+08   36  119 2.2918e+08 1.6897e+08  26.3%  1682  380s
  2668  2358 2.0132e+08   37  116 2.2918e+08 1.6953e+08  26.0%  1693  398s
  2791  2506 2.0140e+08   38  105 2.2918e+08 1.6997e+08  25.8%  1707  416s
H 2891  2506                    2.288608e+08 1.6997e+08  25.7%  1708  416s
  2963  2715 2.0145e+08   39  115 2.2886e+08 1.6997e+08  25.7%  1704  431s
  3197  2716 1.9177e+08   28  411 2.2886e+08 1.6997e+08  25.7%  1683  469s
  3199  2717 2.0396e+08   60  129 2.2886e+08 1.6997e+08  25.7%  1682  475s
  3200  2718 2.0376e+08   63  553 2.2886e+08 1.6997e+08  25.7%  1682  486s
  3201  2719 1.7561e+08   13 1285 2.2886e+08 1.6997e+08  25.7%  1681  508s
  3202  2719 1.8576e+08   29 1065 2.2886e+08 1.6997e+08  25.7%  1680  511s
  3203  2720 2.2765e+08   37 1016 2.2886e+08 1.6997e+08  25.7%  1680  515s
  3205  2721 1.9191e+08   20 1107 2.2886e+08 1.6997e+08  25.7%  1679  520s
  3208  2723 1.9510e+08   22 1170 2.2886e+08 1.6997e+08  25.7%  1677  525s
  3210  2725 2.0638e+08   57  979 2.2886e+08 1.6997e+08  25.7%  1676  530s
  3213  2727 1.8076e+08   14 1108 2.2886e+08 1.6997e+08  25.7%  1675  535s
  3218  2730 1.7557e+08   16 1075 2.2886e+08 1.6997e+08  25.7%  1672  540s
  3220  2731 2.0050e+08    9  637 2.2886e+08 1.6997e+08  25.7%  1671  550s
  3223  2733 2.0263e+08   53 1022 2.2886e+08 1.6997e+08  25.7%  1670  556s
  3226  2735 2.0925e+08   15  851 2.2886e+08 1.6997e+08  25.7%  1668  565s
  3228  2737 1.8673e+08   25  803 2.2886e+08 1.6997e+08  25.7%  1667  571s
  3230  2738 1.7884e+08   24  907 2.2886e+08 1.6997e+08  25.7%  1666  576s
  3232  2739 1.9300e+08   13  639 2.2886e+08 1.6997e+08  25.7%  1665  582s
  3233  2740 2.1744e+08   45  778 2.2886e+08 1.6997e+08  25.7%  1664  585s
  3235  2741 2.0149e+08   11  594 2.2886e+08 1.6997e+08  25.7%  1663  595s
  3237  2743 1.8286e+08   28  790 2.2886e+08 1.6997e+08  25.7%  1662  603s
  3238  2743 2.1118e+08   62  661 2.2886e+08 1.6997e+08  25.7%  1662  612s
  3239  2744 1.8748e+08    8  661 2.2886e+08 1.6997e+08  25.7%  1661  632s
  3240  2748 1.6997e+08   15  682 2.2886e+08 1.6997e+08  25.7%  1728  642s
  3242  2751 1.6997e+08   16  750 2.2886e+08 1.6997e+08  25.7%  1730  650s
  3246  2758 1.6997e+08   17  739 2.2886e+08 1.6997e+08  25.7%  1734  655s
  3254  2771 1.6997e+08   18  650 2.2886e+08 1.6997e+08  25.7%  1744  666s
  3270  2798 1.6997e+08   19  579 2.2886e+08 1.6997e+08  25.7%  1771  676s
  3302  2819 1.6997e+08   20  715 2.2886e+08 1.6997e+08  25.7%  1888  680s
  3334  2884 1.7273e+08   21  780 2.2886e+08 1.6997e+08  25.7%  1924  690s
  3410  2928 1.7545e+08   22  971 2.2886e+08 1.6997e+08  25.7%  1956  696s
  3480  2936 1.7765e+08   22  866 2.2886e+08 1.6997e+08  25.7%  1988  722s
  3512  2958 1.8204e+08   23  800 2.2886e+08 1.6997e+08  25.7%  2006  740s
  3546  2981 1.8178e+08   23  962 2.2886e+08 1.6997e+08  25.7%  2026  747s
  3582  3000 1.8704e+08   24  732 2.2886e+08 1.6997e+08  25.7%  2041  755s
  3615  3018 1.8267e+08   25  784 2.2886e+08 1.6997e+08  25.7%  2057  763s
  3649  3038 1.8726e+08   25  845 2.2886e+08 1.6997e+08  25.7%  2067  769s
  3679  3028 2.1705e+08   30  835 2.2886e+08 1.6997e+08  25.7%  2081  770s
  3681  3059 1.8475e+08   26  820 2.2886e+08 1.6997e+08  25.7%  2082  777s
  3713  3078 1.8943e+08   26  808 2.2886e+08 1.6997e+08  25.7%  2091  783s
  3747  3099 1.8518e+08   27  793 2.2886e+08 1.7004e+08  25.7%  2106  794s
  3779  3119 1.8526e+08   27  838 2.2886e+08 1.7004e+08  25.7%  2116  805s
  3812  3138 1.8558e+08   28  788 2.2886e+08 1.7004e+08  25.7%  2125  813s
  3846  3158 2.0169e+08   28  785 2.2886e+08 1.7004e+08  25.7%  2133  824s
  3879  3176 1.9020e+08   29  953 2.2886e+08 1.7004e+08  25.7%  2148  837s
  3914  3194 1.8589e+08   29  726 2.2886e+08 1.7004e+08  25.7%  2149  854s
  3947  3214 1.8704e+08   30  670 2.2886e+08 1.7004e+08  25.7%  2155  872s
  3980  3233 1.8600e+08   30  752 2.2886e+08 1.7004e+08  25.7%  2154  883s
  4013  3253 1.9273e+08   31  736 2.2886e+08 1.7004e+08  25.7%  2159  906s
  4045  3274 1.9844e+08   31  940 2.2886e+08 1.7004e+08  25.7%  2157  924s
  4083  3296 1.9280e+08   32  840 2.2886e+08 1.7112e+08  25.2%  2161  950s
  4121  3317 2.0602e+08   32  729 2.2886e+08 1.7113e+08  25.2%  2161  973s
  4157  3341 1.9368e+08   33  829 2.2886e+08 1.7113e+08  25.2%  2167 1006s
  4197  3367 1.9394e+08   33  846 2.2886e+08 1.7113e+08  25.2%  2163 1025s
  4240  3388 1.9371e+08   34  829 2.2886e+08 1.7113e+08  25.2%  2165 1066s
  4278  3407 2.1543e+08   34  870 2.2886e+08 1.7113e+08  25.2%  2159 1104s
  4326  3418 1.9452e+08   35  802 2.2886e+08 1.7113e+08  25.2%  2157 1143s
  4369  3436 2.1599e+08   35  891 2.2886e+08 1.7233e+08  24.7%  2156 1185s
  4407  3455 1.9458e+08   36 1053 2.2886e+08 1.7233e+08  24.7%  2163 1227s
  4444  3472 2.1375e+08   36  918 2.2886e+08 1.7233e+08  24.7%  2162 1265s
  4490  3501 1.9459e+08   37  837 2.2886e+08 1.7233e+08  24.7%  2164 1308s
  4553  3528 2.0884e+08   37  901 2.2886e+08 1.7233e+08  24.7%  2166 1346s
  4627  3587 1.9476e+08   38  998 2.2886e+08 1.7233e+08  24.7%  2161 1387s
  4730  3651 2.1429e+08   39 1063 2.2886e+08 1.7233e+08  24.7%  2158 1420s
  4863  3699 1.9999e+08   43  632 2.2886e+08 1.7321e+08  24.3%  2158 1462s
  5019  3762 2.1412e+08   48  520 2.2886e+08 1.7345e+08  24.2%  2155 1491s
  5193  3860 2.1882e+08   54  417 2.2886e+08 1.7422e+08  23.9%  2150 1529s
  5394  3970 1.8233e+08   22 1124 2.2886e+08 1.7422e+08  23.9%  2152 1572s
  5647  4045 1.9195e+08   25  484 2.2886e+08 1.7422e+08  23.9%  2138 1607s
  5914  4164 2.1319e+08   29  429 2.2886e+08 1.7484e+08  23.6%  2123 1640s
  6189  4336 2.2187e+08   45  220 2.2886e+08 1.7484e+08  23.6%  2115 1675s
  6543  4484 1.9137e+08   31  447 2.2886e+08 1.7537e+08  23.4%  2088 1710s
  6923  4628 1.9740e+08   28 1121 2.2886e+08 1.7619e+08  23.0%  2067 1750s
  7325  4784 2.1186e+08   33  554 2.2886e+08 1.7643e+08  22.9%  2054 1783s
  7720  4953 2.2027e+08   47  681 2.2886e+08 1.7709e+08  22.6%  2043 1816s
  8106  5091 1.8926e+08   27  878 2.2886e+08 1.7748e+08  22.4%  2030 1859s
  8528  5174 1.9302e+08   31  944 2.2886e+08 1.7748e+08  22.4%  2031 1886s
  8923  5296 2.0205e+08   39  633 2.2886e+08 1.7777e+08  22.3%  2028 1920s
  9354  5473 2.1847e+08   45  510 2.2886e+08 1.7875e+08  21.9%  2024 1970s
  9944  5716 1.9807e+08   26  911 2.2886e+08 1.8036e+08  21.2%  2005 2034s
 10555  5906 2.0004e+08   33 1109 2.2886e+08 1.8036e+08  21.2%  1989 2093s
 11190  6045 2.0163e+08   41  804 2.2886e+08 1.8105e+08  20.9%  1978 2135s
 11697  6323 2.1999e+08   47  781 2.2886e+08 1.8105e+08  20.9%  1987 2178s
 12196  6716 1.9860e+08   39  413 2.2886e+08 1.8135e+08  20.8%  2007 2226s
 12848  7202 2.0223e+08   31  601 2.2886e+08 1.8207e+08  20.4%  2012 2280s
 13620  7666     cutoff   44      2.2886e+08 1.8211e+08  20.4%  1992 2335s
 14294  8018 1.9628e+08   24  899 2.2886e+08 1.8211e+08  20.4%  1988 2386s
 14790  8796 2.2614e+08   39  446 2.2886e+08 1.8211e+08  20.4%  1986 2471s
 15822  9362 1.9557e+08   27  666 2.2886e+08 1.8237e+08  20.3%  1963 2551s
 16622  9513 2.0208e+08   28  293 2.2886e+08 1.8450e+08  19.4%  1961 2632s
 16811 10220 2.0110e+08   35  467 2.2886e+08 1.8450e+08  19.4%  1973 2709s
 17755 10829 1.8961e+08   25  937 2.2886e+08 1.8582e+08  18.8%  1981 2787s
 18831 11486 2.1074e+08   34  805 2.2886e+08 1.8582e+08  18.8%  1968 2864s
 19792 12053 2.1851e+08   54  886 2.2886e+08 1.8582e+08  18.8%  1959 2963s
 20719 12894 2.1608e+08   31  610 2.2886e+08 1.8582e+08  18.8%  1947 3068s
 21923 13462 2.0853e+08   32  896 2.2886e+08 1.8582e+08  18.8%  1933 3180s
 22755 14226 2.2260e+08   45  643 2.2886e+08 1.8745e+08  18.1%  1927 3264s
 23074 14226 2.1506e+08   28  945 2.2886e+08 1.8774e+08  18.0%  1924 3265s
 23822 15222 2.0912e+08   31  848 2.2886e+08 1.8779e+08  17.9%  1919 3394s
 25245 15927 1.9888e+08   32  870 2.2886e+08 1.8843e+08  17.7%  1906 3502s
 26492 16417 1.9988e+08   42  624 2.2886e+08 1.8843e+08  17.7%  1905 3604s
 27250 17095 2.0439e+08   28  928 2.2886e+08 1.8843e+08  17.7%  1904 3709s
 28295 17095 2.2857e+08   70  227 2.2886e+08 1.8843e+08  17.7%  1900 3710s
 28397 17830 2.2403e+08   57  316 2.2886e+08 1.8843e+08  17.7%  1901 3812s
 29667 18741 2.1313e+08   25  796 2.2886e+08 1.8962e+08  17.1%  1895 3958s
 31051 19686 2.1241e+08   65  472 2.2886e+08 1.8969e+08  17.1%  1888 4111s
 32522 20387 1.9060e+08   29 1193 2.2886e+08 1.8998e+08  17.0%  1881 4229s
 33879 20838     cutoff   58      2.2886e+08 1.9007e+08  16.9%  1878 4317s
 34898 21253 1.9438e+08   31  795 2.2886e+08 1.9019e+08  16.9%  1884 4432s
 35743 22253 1.9477e+08   33  870 2.2886e+08 1.9027e+08  16.9%  1884 4585s
 37409 23099 2.1595e+08   42  861 2.2886e+08 1.9056e+08  16.7%  1879 4778s
 39117 24384 2.2754e+08   38  688 2.2886e+08 1.9087e+08  16.6%  1871 4990s
 41290 25540 2.1522e+08   32  815 2.2886e+08 1.9101e+08  16.5%  1858 5171s
 43065 26273 2.2807e+08   53  702 2.2886e+08 1.9119e+08  16.5%  1856 5364s
 44423 27477 2.1602e+08   35  852 2.2886e+08 1.9119e+08  16.5%  1855 5563s
 46283 29316     cutoff   47      2.2886e+08 1.9137e+08  16.4%  1847 5846s
 48999 30612 2.0649e+08   29  527 2.2886e+08 1.9169e+08  16.2%  1827 6103s
 51116 31771 2.0911e+08   39  974 2.2886e+08 1.9169e+08  16.2%  1819 6322s
 53191 33218 2.1729e+08   48  353 2.2886e+08 1.9213e+08  16.1%  1821 6585s
 55666 34366 2.1332e+08   26  551 2.2886e+08 1.9232e+08  16.0%  1812 6867s
 57334 35770 2.0076e+08   36  685 2.2886e+08 1.9236e+08  16.0%  1804 7141s
 59480 35771 1.9594e+08   32  411 2.2886e+08 1.9264e+08  15.8%  1799 7752s
 59482 35772 2.0905e+08   50   49 2.2886e+08 1.9264e+08  15.8%  1799 7757s
 59483 35773 2.0262e+08   45  205 2.2886e+08 1.9264e+08  15.8%  1799 7770s
 59484 35774 2.2197e+08   43  381 2.2886e+08 1.9264e+08  15.8%  1799 7780s
 59485 35774 2.0534e+08   33  410 2.2886e+08 1.9264e+08  15.8%  1799 7787s
 59486 35775 2.0653e+08   38  371 2.2886e+08 1.9264e+08  15.8%  1799 7792s
 59487 35776 2.2774e+08   44  404 2.2886e+08 1.9264e+08  15.8%  1799 7796s
 59488 35776 2.0181e+08   50  387 2.2886e+08 1.9264e+08  15.8%  1799 7800s
 59490 35778 2.2268e+08   39  474 2.2886e+08 1.9264e+08  15.8%  1799 7805s
 59493 35780 2.2064e+08   46  510 2.2886e+08 1.9264e+08  15.8%  1799 7811s
 59495 35781 2.0922e+08   46  482 2.2886e+08 1.9264e+08  15.8%  1799 7815s
 59497 35782 2.1598e+08   38  452 2.2886e+08 1.9264e+08  15.8%  1799 7831s
 59498 35783 2.1113e+08   57  539 2.2886e+08 1.9264e+08  15.8%  1799 7835s
 59499 35784 2.1160e+08   62  418 2.2886e+08 1.9264e+08  15.8%  1799 7840s
 59500 35784 2.0025e+08   29  485 2.2886e+08 1.9264e+08  15.8%  1799 7846s
 59501 35785 2.2717e+08   46  468 2.2886e+08 1.9264e+08  15.8%  1799 7862s
 59502 35786 2.2139e+08   34  565 2.2886e+08 1.9264e+08  15.8%  1799 7867s
 59503 35786 2.2804e+08   63  495 2.2886e+08 1.9264e+08  15.8%  1799 7870s
 59504 35787 2.0230e+08   33  588 2.2886e+08 1.9264e+08  15.8%  1798 7876s
 59505 35788 2.1849e+08   32  552 2.2886e+08 1.9264e+08  15.8%  1798 7892s
 59507 35789 2.1314e+08   43  595 2.2886e+08 1.9264e+08  15.8%  1798 7903s
 59508 35790 2.1707e+08   37  451 2.2886e+08 1.9264e+08  15.8%  1798 7919s
 59509 35790 2.2378e+08   47  516 2.2886e+08 1.9264e+08  15.8%  1798 7921s
 59510 35791 1.9670e+08   44  587 2.2886e+08 1.9264e+08  15.8%  1798 7928s
 59511 35792 2.1873e+08   40  520 2.2886e+08 1.9264e+08  15.8%  1798 7940s
 59513 35793 2.0815e+08   36  273 2.2886e+08 1.9264e+08  15.8%  1798 7948s
 59514 35794 2.2547e+08   52  344 2.2886e+08 1.9264e+08  15.8%  1798 7952s
 59515 35794 2.2720e+08   61  348 2.2886e+08 1.9264e+08  15.8%  1798 7958s
 59516 35795 1.9480e+08   26  502 2.2886e+08 1.9264e+08  15.8%  1798 7962s
 59517 35796 1.9911e+08   31  490 2.2886e+08 1.9264e+08  15.8%  1798 7966s
 59518 35796 2.0035e+08   34  517 2.2886e+08 1.9264e+08  15.8%  1798 7971s
 59519 35797 2.1295e+08   56  570 2.2886e+08 1.9264e+08  15.8%  1798 7978s
 59520 35798 1.9952e+08   44  294 2.2886e+08 1.9264e+08  15.8%  1798 7984s
 59521 35798 2.0916e+08   55  344 2.2886e+08 1.9264e+08  15.8%  1798 7994s
 59522 35799 2.1176e+08   30  347 2.2886e+08 1.9264e+08  15.8%  1798 7997s
 59523 35800 2.1185e+08   55  336 2.2886e+08 1.9264e+08  15.8%  1798 8004s
 59524 35800 2.1334e+08   46  247 2.2886e+08 1.9264e+08  15.8%  1798 8008s
 59525 35801 2.2615e+08   37  274 2.2886e+08 1.9264e+08  15.8%  1798 8018s
 59526 35802 2.0807e+08   36  376 2.2886e+08 1.9264e+08  15.8%  1798 8022s
 59527 35802 2.1878e+08   41  495 2.2886e+08 1.9264e+08  15.8%  1798 8031s
 59529 35804 2.0487e+08   38  443 2.2886e+08 1.9264e+08  15.8%  1798 8035s
 59531 35805 2.1336e+08   52  266 2.2886e+08 1.9264e+08  15.8%  1798 8047s
 59532 35806 2.1519e+08   70  301 2.2886e+08 1.9264e+08  15.8%  1798 8052s
 59533 35806 2.1865e+08   48  359 2.2886e+08 1.9264e+08  15.8%  1798 8063s
 59534 35807 2.2400e+08   34  409 2.2886e+08 1.9264e+08  15.8%  1798 8070s
 59535 35808 2.0492e+08   33  374 2.2886e+08 1.9264e+08  15.8%  1798 8086s
 59536 35808 1.9795e+08   31  407 2.2886e+08 1.9264e+08  15.8%  1798 8091s
 59537 35809 2.2770e+08   70  440 2.2886e+08 1.9264e+08  15.8%  1797 8102s
 59538 35810 1.9957e+08   35  324 2.2886e+08 1.9264e+08  15.8%  1797 8105s
 59539 35810 2.2541e+08   29  336 2.2886e+08 1.9264e+08  15.8%  1797 8113s
 59540 35811 1.9581e+08   29  307 2.2886e+08 1.9264e+08  15.8%  1797 8116s
 59541 35812 1.9708e+08   34  395 2.2886e+08 1.9264e+08  15.8%  1797 8124s
 59542 35812 2.1621e+08   48  301 2.2886e+08 1.9264e+08  15.8%  1797 8127s
 59543 35813 2.1108e+08   41  260 2.2886e+08 1.9264e+08  15.8%  1797 8131s
 59545 35814 2.1879e+08   43  263 2.2886e+08 1.9264e+08  15.8%  1797 8138s
 59546 35815 2.1797e+08   38  276 2.2886e+08 1.9264e+08  15.8%  1797 8140s
 59547 35816 2.0391e+08   35  246 2.2886e+08 1.9264e+08  15.8%  1797 8146s
 59548 35816 2.1162e+08   38  447 2.2886e+08 1.9264e+08  15.8%  1797 8154s
 59549 35817 2.0202e+08   43  292 2.2886e+08 1.9264e+08  15.8%  1797 8157s
 59551 35818 2.0077e+08   31  293 2.2886e+08 1.9264e+08  15.8%  1797 8165s
 59554 35820 2.1785e+08   50  428 2.2886e+08 1.9264e+08  15.8%  1797 8176s
 59555 35821 2.1322e+08   30  303 2.2886e+08 1.9264e+08  15.8%  1797 8181s
 59556 35822 2.1984e+08   42  283 2.2886e+08 1.9264e+08  15.8%  1797 8185s
 59558 35823 2.0844e+08   44  420 2.2886e+08 1.9264e+08  15.8%  1797 8193s
 59559 35824 2.0450e+08   35  462 2.2886e+08 1.9264e+08  15.8%  1797 8197s
 59560 35824 2.0109e+08   43  273 2.2886e+08 1.9264e+08  15.8%  1797 8203s
 59561 35825 2.0220e+08   32  451 2.2886e+08 1.9264e+08  15.8%  1797 8207s
 59562 35826 2.2402e+08   37  272 2.2886e+08 1.9264e+08  15.8%  1797 8238s
 59563 35826 2.1190e+08   48  303 2.2886e+08 1.9264e+08  15.8%  1797 8241s
 59564 35827 2.1336e+08   41  287 2.2886e+08 1.9264e+08  15.8%  1797 8245s
 59566 35828 2.1281e+08   56  247 2.2886e+08 1.9264e+08  15.8%  1797 8250s
 59569 35830 2.2332e+08   56  313 2.2886e+08 1.9264e+08  15.8%  1797 8256s
 59570 35831 2.2437e+08   57  289 2.2886e+08 1.9264e+08  15.8%  1796 8260s
 59572 35832 2.1390e+08   40  289 2.2886e+08 1.9264e+08  15.8%  1796 8265s
 59574 35834 2.0671e+08   52  294 2.2886e+08 1.9264e+08  15.8%  1796 8302s
 59576 35835 2.0955e+08   30  293 2.2886e+08 1.9264e+08  15.8%  1796 8308s
 59577 35836 2.2548e+08   41  316 2.2886e+08 1.9264e+08  15.8%  1796 8311s
 59579 35837 2.1483e+08   39  316 2.2886e+08 1.9264e+08  15.8%  1796 8316s
 59580 35838 1.9594e+08   32  305 2.2886e+08 1.9264e+08  15.8%  1796 8320s
 59582 35839 2.0905e+08   50  294 2.2886e+08 1.9264e+08  15.8%  1796 8326s
 59584 35840 2.2197e+08   43  287 2.2886e+08 1.9264e+08  15.8%  1796 8331s
 59586 35842 2.0653e+08   38  288 2.2886e+08 1.9264e+08  15.8%  1796 8336s
 59588 35843 2.0181e+08   50  301 2.2886e+08 1.9264e+08  15.8%  1796 8341s
 59590 35844 2.2268e+08   39  306 2.2886e+08 1.9264e+08  15.8%  1796 8347s
 59592 35846 2.1840e+08   37  293 2.2886e+08 1.9264e+08  15.8%  1796 8353s
 59593 35846 2.2064e+08   46  315 2.2886e+08 1.9264e+08  15.8%  1796 8356s
 59595 35848 2.0922e+08   46  324 2.2886e+08 1.9264e+08  15.8%  1796 8367s
 59596 35848 2.1412e+08   33  307 2.2886e+08 1.9264e+08  15.8%  1796 8371s
 59598 35850 2.1113e+08   57  307 2.2886e+08 1.9264e+08  15.8%  1796 8376s
 59600 35851 2.0025e+08   29  303 2.2886e+08 1.9264e+08  15.8%  1796 8383s
 59601 35852 2.2717e+08   46  328 2.2886e+08 1.9264e+08  15.8%  1796 8385s
 59603 35853 2.2804e+08   63  320 2.2886e+08 1.9264e+08  15.8%  1795 8390s
 59605 35854 2.1849e+08   32  336 2.2886e+08 1.9264e+08  15.8%  1795 8396s
 59607 35856 2.1314e+08   43  333 2.2886e+08 1.9264e+08  15.8%  1795 8402s
 59609 35857 2.2378e+08   47  314 2.2886e+08 1.9264e+08  15.8%  1795 8407s
 59610 35858 1.9670e+08   44  290 2.2886e+08 1.9264e+08  15.8%  1795 8410s
 59612 35859 2.2210e+08   51  285 2.2886e+08 1.9264e+08  15.8%  1795 8417s
 59613 35860 2.0815e+08   36  302 2.2886e+08 1.9264e+08  15.8%  1795 8420s
 59615 35861 2.2720e+08   61  310 2.2886e+08 1.9264e+08  15.8%  1795 8425s
 59617 35862 1.9911e+08   31  313 2.2886e+08 1.9264e+08  15.8%  1795 8430s
 59619 35864 2.1295e+08   56  321 2.2886e+08 1.9264e+08  15.8%  1795 8436s
 59621 35865 2.0916e+08   55  321 2.2886e+08 1.9264e+08  15.8%  1795 8442s
 59623 35866 2.1185e+08   55  323 2.2886e+08 1.9264e+08  15.8%  1795 8446s
 59625 35868 2.2615e+08   37  321 2.2886e+08 1.9264e+08  15.8%  1795 8451s
 59627 35869 2.1878e+08   41  313 2.2886e+08 1.9264e+08  15.8%  1795 8457s
 59628 35870 2.1601e+08   55  298 2.2886e+08 1.9264e+08  15.8%  1795 8460s
 59630 35871 2.1041e+08   62  352 2.2886e+08 1.9264e+08  15.8%  1795 8467s
 59632 35872 2.1519e+08   70  421 2.2886e+08 1.9264e+08  15.8%  1795 8473s
 59633 35873 2.1865e+08   48  393 2.2886e+08 1.9264e+08  15.8%  1795 8477s
 59634 35874 2.2400e+08   34  486 2.2886e+08 1.9264e+08  15.8%  1795 8481s
 59636 35875 1.9795e+08   31  312 2.2886e+08 1.9264e+08  15.8%  1795 8488s
 59637 35876 2.2770e+08   70  286 2.2886e+08 1.9264e+08  15.8%  1794 8490s
 59639 35877 2.2541e+08   29  295 2.2886e+08 1.9264e+08  15.8%  1794 8496s
 59640 35878 1.9581e+08   29  425 2.2886e+08 1.9264e+08  15.8%  1794 8511s
 59642 35879 2.1621e+08   48  285 2.2886e+08 1.9264e+08  15.8%  1794 8515s
 59644 35880 2.0391e+08   52  270 2.2886e+08 1.9264e+08  15.8%  1794 8520s
 59647 35882 2.0391e+08   35  274 2.2886e+08 1.9264e+08  15.8%  1794 8526s
 59648 35883 2.1162e+08   38  407 2.2886e+08 1.9264e+08  15.8%  1794 8530s
 59650 35884 2.1299e+08   67  258 2.2886e+08 1.9264e+08  15.8%  1794 8535s
 59652 35886 2.1548e+08   58  253 2.2886e+08 1.9264e+08  15.8%  1794 8540s
 59654 35887 2.1785e+08   50  249 2.2886e+08 1.9264e+08  15.8%  1794 8546s
 59656 35888 2.1984e+08   42  255 2.2886e+08 1.9264e+08  15.8%  1794 8551s
 59658 35890 2.0844e+08   44  263 2.2886e+08 1.9264e+08  15.8%  1794 8556s
 59660 35891 2.0109e+08   43  273 2.2886e+08 1.9264e+08  15.8%  1794 8563s
 59661 35892 2.0220e+08   32  294 2.2886e+08 1.9264e+08  15.8%  1794 8565s
 59663 35893 2.1190e+08   48  474 2.2886e+08 1.9264e+08  15.8%  1794 8571s
 59664 35894 2.1336e+08   41  478 2.2886e+08 1.9264e+08  15.8%  1794 8583s
 59665 35894 2.0984e+08   51  305 2.2886e+08 1.9264e+08  15.8%  1794 8586s
 59667 35896 2.1182e+08   46  297 2.2886e+08 1.9264e+08  15.8%  1794 8591s
 59669 35897 2.2332e+08   56  316 2.2886e+08 1.9264e+08  15.8%  1794 8596s
 59670 35898 2.2437e+08   57  263 2.2886e+08 1.9264e+08  15.8%  1793 8600s
 59672 35899 2.1390e+08   40  259 2.2886e+08 1.9264e+08  15.8%  1793 8606s
 59674 35900 2.0671e+08   52  256 2.2886e+08 1.9264e+08  15.8%  1793 8611s
 59676 35902 2.0955e+08   30  258 2.2886e+08 1.9264e+08  15.8%  1793 8616s
 59678 35903 2.0345e+08   39  254 2.2886e+08 1.9264e+08  15.8%  1793 8621s
 59680 35904 1.9594e+08   32  271 2.2886e+08 1.9264e+08  15.8%  1793 8627s
 59682 35906 2.0905e+08   50  269 2.2886e+08 1.9264e+08  15.8%  1793 8632s
 59684 35907 2.2197e+08   43  260 2.2886e+08 1.9264e+08  15.8%  1793 8636s
 59686 35908 2.0653e+08   38  261 2.2886e+08 1.9264e+08  15.8%  1793 8642s
 59688 35910 2.0181e+08   50  266 2.2886e+08 1.9264e+08  15.8%  1793 8651s
 59690 35911 2.2268e+08   39  264 2.2886e+08 1.9264e+08  15.8%  1793 8657s
 59692 35912 2.1840e+08   37  277 2.2886e+08 1.9264e+08  15.8%  1793 8662s
 59694 35914 2.1186e+08   57  254 2.2886e+08 1.9264e+08  15.8%  1793 8666s
 59696 35915 2.1412e+08   33  267 2.2886e+08 1.9264e+08  15.8%  1793 8672s
 59698 35916 2.1113e+08   57  269 2.2886e+08 1.9264e+08  15.8%  1793 8677s
 59700 35918 2.0025e+08   29  261 2.2886e+08 1.9264e+08  15.8%  1793 8682s
 59701 35918 2.2717e+08   46  290 2.2886e+08 1.9264e+08  15.8%  1793 8685s
 59702 35919 2.2139e+08   34  275 2.2886e+08 1.9264e+08  15.8%  1793 8691s
 59703 35920 2.2804e+08   63  275 2.2886e+08 1.9264e+08  15.8%  1792 8705s
 59706 35927 1.9264e+08   26  209 2.2886e+08 1.9264e+08  15.8%  1800 8725s
 59710 35933 1.9264e+08   27  255 2.2886e+08 1.9264e+08  15.8%  1801 8734s
 59718 35947 1.9264e+08   28  318 2.2886e+08 1.9264e+08  15.8%  1801 8743s
 59734 35973 1.9264e+08   29  302 2.2886e+08 1.9264e+08  15.8%  1804 8755s
 59766 35995 1.9264e+08   30  386 2.2886e+08 1.9264e+08  15.8%  1812 8762s
 59798 36070 1.9264e+08   31  357 2.2886e+08 1.9264e+08  15.8%  1814 8772s
 59884 36116 1.9264e+08   33  329 2.2886e+08 1.9264e+08  15.8%  1816 8780s
 59959 36123 1.9264e+08   34  272 2.2886e+08 1.9264e+08  15.8%  1818 8809s
 59991 36146 1.9264e+08   34  356 2.2886e+08 1.9264e+08  15.8%  1819 8817s
 60024 36166 1.9264e+08   35  279 2.2886e+08 1.9264e+08  15.8%  1820 8825s
 60056 36188 1.9264e+08   35  329 2.2886e+08 1.9264e+08  15.8%  1822 8833s
 60089 36209 1.9264e+08   36  255 2.2886e+08 1.9264e+08  15.8%  1823 8842s
 60122 36229 1.9264e+08   36  290 2.2886e+08 1.9264e+08  15.8%  1823 8850s
 60156 36252 1.9264e+08   37  257 2.2886e+08 1.9264e+08  15.8%  1824 8867s
 60194 36278 1.9264e+08   37  290 2.2886e+08 1.9264e+08  15.8%  1825 8890s
 60234 36303 1.9264e+08   38  271 2.2886e+08 1.9264e+08  15.8%  1826 8917s
 60278 36330 1.9659e+08   38  306 2.2886e+08 1.9264e+08  15.8%  1827 8944s
 60328 36350 1.9264e+08   39  263 2.2886e+08 1.9264e+08  15.8%  1828 8967s
 60378 36364 1.9264e+08   39  308 2.2886e+08 1.9264e+08  15.8%  1829 9016s
 60420 36391 1.9264e+08   40  283 2.2886e+08 1.9264e+08  15.8%  1830 9043s
 60481 36416 2.0830e+08   40  290 2.2886e+08 1.9264e+08  15.8%  1830 9071s
 60550 36426 1.9786e+08   41  236 2.2886e+08 1.9264e+08  15.8%  1831 9090s
 60590 36451 2.1018e+08   41  259 2.2886e+08 1.9264e+08  15.8%  1832 9118s
 60635 36488 2.0104e+08   42  226 2.2886e+08 1.9264e+08  15.8%  1833 9151s
 60709 36552 2.0023e+08   42  150 2.2886e+08 1.9264e+08  15.8%  1834 9180s
 60817 36588 2.0231e+08   43  227 2.2886e+08 1.9264e+08  15.8%  1835 9223s
 60913 36677 2.0390e+08   45  188 2.2886e+08 1.9264e+08  15.8%  1836 9251s
 61054 36764 2.1252e+08   47  174 2.2886e+08 1.9264e+08  15.8%  1837 9280s
 61229 36826 2.0722e+08   50  195 2.2886e+08 1.9264e+08  15.8%  1839 9298s
 61415 36897 2.1721e+08   52  141 2.2886e+08 1.9264e+08  15.8%  1840 9320s
 61597 36976 2.1767e+08   56  149 2.2886e+08 1.9264e+08  15.8%  1840 9344s
 61800 37037 2.2043e+08   61   87 2.2886e+08 1.9264e+08  15.8%  1840 9370s
 62029 37066     cutoff   68      2.2886e+08 1.9264e+08  15.8%  1839 9396s
 62256 37092 1.9264e+08   32  205 2.2886e+08 1.9264e+08  15.8%  1837 9423s
 62445 37151 1.9264e+08   36  205 2.2886e+08 1.9264e+08  15.8%  1837 9449s
 62615 37221 1.9385e+08   39  188 2.2886e+08 1.9264e+08  15.8%  1838 9474s
 62770 37338 2.1374e+08   43  147 2.2886e+08 1.9264e+08  15.8%  1840 9504s
 62982 37431 2.1829e+08   47  130 2.2886e+08 1.9264e+08  15.8%  1841 9529s
 63210 37537 1.9264e+08   35  259 2.2886e+08 1.9264e+08  15.8%  1841 9558s
 63466 37624 1.9813e+08   39  150 2.2886e+08 1.9264e+08  15.8%  1842 9597s
 63701 37729 2.0871e+08   46   79 2.2886e+08 1.9264e+08  15.8%  1842 9628s
 63988 37826 2.1515e+08   69   55 2.2886e+08 1.9264e+08  15.8%  1842 9659s
 64281 37900 1.9642e+08   32  242 2.2886e+08 1.9264e+08  15.8%  1842 9692s
 64552 38121 1.9917e+08   37   77 2.2886e+08 1.9264e+08  15.8%  1844 9736s
 64941 38283 2.1117e+08   62   43 2.2886e+08 1.9264e+08  15.8%  1843 9783s
 65488 38262 1.9357e+08   36   82 2.2886e+08 1.9264e+08  15.8%  1838 9823s
 65824 38350 2.1394e+08   44   93 2.2886e+08 1.9264e+08  15.8%  1838 9877s
 66351 38446 1.9466e+08   34  134 2.2886e+08 1.9264e+08  15.8%  1835 9919s
 66772 38657 2.0201e+08   45  174 2.2886e+08 1.9264e+08  15.8%  1835 9972s
 67278 38848 1.9264e+08   34  335 2.2886e+08 1.9264e+08  15.8%  1833 10028s
 67825 39025 1.9802e+08   38  141 2.2886e+08 1.9264e+08  15.8%  1831 10094s
 68441 39255 2.2874e+08   52  108 2.2886e+08 1.9264e+08  15.8%  1828 10160s
 69129 39403 2.2420e+08   51   67 2.2886e+08 1.9264e+08  15.8%  1825 10224s
 69670 39669 1.9264e+08   36  188 2.2886e+08 1.9264e+08  15.8%  1823 10288s
 70287 39909 2.0088e+08   46   91 2.2886e+08 1.9264e+08  15.8%  1820 10353s
 70955 40136 2.1301e+08   38  170 2.2886e+08 1.9264e+08  15.8%  1818 10422s
 71612 40484 1.9642e+08   36  173 2.2886e+08 1.9264e+08  15.8%  1816 10501s
 72326 40650 2.1714e+08   45  154 2.2886e+08 1.9264e+08  15.8%  1814 10563s
 72985 40893 1.9378e+08   35  295 2.2886e+08 1.9264e+08  15.8%  1814 10643s
 73716 41213 2.0263e+08   39  156 2.2886e+08 1.9264e+08  15.8%  1813 10736s
 74505 41572 2.1588e+08   50  117 2.2886e+08 1.9264e+08  15.8%  1812 10834s
 75333 41848 1.9407e+08   36  133 2.2886e+08 1.9264e+08  15.8%  1810 10930s
 76195 42044 1.9264e+08   35  160 2.2886e+08 1.9264e+08  15.8%  1808 11056s
 76954 41820 2.1859e+08   58   27 2.2886e+08 1.9264e+08  15.8%  1806 11224s
 76989 41841 2.1865e+08   59   29 2.2886e+08 1.9264e+08  15.8%  1807 11358s
 77021 41855 2.2489e+08   60   17 2.2886e+08 1.9264e+08  15.8%  1807 11507s
 77060 41874 2.2498e+08   61   20 2.2886e+08 1.9264e+08  15.8%  1807 11651s
 77092 41888     cutoff   62      2.2886e+08 1.9264e+08  15.8%  1807 11810s
 77131 41903 2.2542e+08   63   15 2.2886e+08 1.9264e+08  15.8%  1807 11977s
 77166 41918     cutoff   64      2.2886e+08 1.9264e+08  15.8%  1806 12152s
 77202 41956     cutoff   65      2.2886e+08 1.9264e+08  15.8%  1806 12333s
 77287 42008 2.0774e+08   33  254 2.2886e+08 1.9264e+08  15.8%  1806 12508s
 77431 42171 2.1053e+08   34  231 2.2886e+08 1.9264e+08  15.8%  1806 12731s
 77750 42403 2.1103e+08   35  186 2.2886e+08 1.9264e+08  15.8%  1804 12887s
 78331 42723 2.1136e+08   36  163 2.2886e+08 1.9264e+08  15.8%  1801 13037s
 79198 42932 2.1321e+08   38  195 2.2886e+08 1.9264e+08  15.8%  1798 13179s
 79953 42681 1.9498e+08   37   77 2.2886e+08 1.9264e+08  15.8%  1795 13180s
 80205 43095 2.0761e+08   45  152 2.2886e+08 1.9264e+08  15.8%  1794 13302s
 81231 43604 2.2859e+08   44  226 2.2886e+08 1.9264e+08  15.8%  1791 13475s
 82553 44006 2.1788e+08   39  129 2.2886e+08 1.9264e+08  15.8%  1786 13635s
 83874 44309 2.1338e+08   40  182 2.2886e+08 1.9264e+08  15.8%  1781 13806s
 85140 44721 1.9483e+08   39  148 2.2886e+08 1.9264e+08  15.8%  1777 13977s
 86502 45349 2.0570e+08   38  198 2.2886e+08 1.9264e+08  15.8%  1779 14201s
 88452 45875 2.0563e+08   36  259 2.2886e+08 1.9264e+08  15.8%  1775 14448s
 90368 45943 2.1141e+08   56   80 2.2886e+08 1.9264e+08  15.8%  1770 14623s
 91597 46443 2.0951e+08   40  105 2.2886e+08 1.9264e+08  15.8%  1767 14788s
 92957 47070 2.0409e+08   42  174 2.2886e+08 1.9264e+08  15.8%  1764 15002s
 94613 47296     cutoff   52      2.2886e+08 1.9264e+08  15.8%  1765 15192s
 96159 47648 2.1616e+08   48  120 2.2886e+08 1.9264e+08  15.8%  1764 15386s
 97562 48290 2.0303e+08   42   53 2.2886e+08 1.9264e+08  15.8%  1760 15616s
 99356 48526 2.1213e+08   34  256 2.2886e+08 1.9264e+08  15.8%  1754 15830s
 101117 48638 2.2304e+08   37  187 2.2886e+08 1.9264e+08  15.8%  1752 16045s
 102917 49066 2.0648e+08   39  168 2.2886e+08 1.9270e+08  15.8%  1748 16337s
 104808 49558 2.0035e+08   42  105 2.2886e+08 1.9285e+08  15.7%  1742 16590s
 106647 50004 2.0999e+08   53  113 2.2886e+08 1.9295e+08  15.7%  1738 16876s
 108370 50881     cutoff   60      2.2886e+08 1.9325e+08  15.6%  1733 17216s
 110701 50761 2.1563e+08   41  177 2.2886e+08 1.9345e+08  15.5%  1725 17839s
 111286 50566 1.9524e+08   41  202 2.2886e+08 1.9345e+08  15.5%  1724 17840s
 112197 51759 2.2836e+08   49   51 2.2886e+08 1.9358e+08  15.4%  1722 18248s
 114261 51071 2.2073e+08   39  207 2.2886e+08 1.9373e+08  15.4%  1717 18250s
 114861 52329 2.1324e+08   40  214 2.2886e+08 1.9383e+08  15.3%  1716 18624s
 115433 52138 2.1720e+08   42  256 2.2886e+08 1.9383e+08  15.3%  1714 18625s
 117339 52921     cutoff   45      2.2886e+08 1.9404e+08  15.2%  1707 19181s
 120893 53423 2.0900e+08   45  170 2.2886e+08 1.9433e+08  15.1%  1695 19619s
 122242 52973 2.1130e+08   40  210 2.2886e+08 1.9433e+08  15.1%  1692 19621s
 123248 52638 2.0846e+08   51   41 2.2886e+08 1.9446e+08  15.0%  1690 19634s
 123519 54211 2.0245e+08   34  124 2.2886e+08 1.9459e+08  15.0%  1689 20039s
 125932 53406 2.2841e+08   41  110 2.2886e+08 1.9468e+08  14.9%  1682 20043s
 126102 55137 2.0039e+08   44  100 2.2886e+08 1.9486e+08  14.9%  1682 20513s
 128325 54396 2.2820e+08   50   89 2.2886e+08 1.9491e+08  14.8%  1676 20517s
 128930 56168 1.9672e+08   40  183 2.2886e+08 1.9503e+08  14.8%  1674 21018s
 130996 55479 2.1798e+08   50  162 2.2886e+08 1.9511e+08  14.7%  1669 21021s
 131847 57052 2.2680e+08   47  100 2.2886e+08 1.9522e+08  14.7%  1667 21556s
 134770 56077 2.1218e+08   55   26 2.2886e+08 1.9543e+08  14.6%  1659 21562s
 134901 57850 2.0867e+08   41  122 2.2886e+08 1.9543e+08  14.6%  1659 22093s
 137192 57086 2.0987e+08   41  249 2.2886e+08 1.9547e+08  14.6%  1654 22098s
 137810 58350 2.2466e+08   61   65 2.2886e+08 1.9563e+08  14.5%  1653 22669s
 138774 58029 2.2250e+08   46  100 2.2886e+08 1.9563e+08  14.5%  1651 22671s
 141189 58868 2.0414e+08   40  132 2.2886e+08 1.9587e+08  14.4%  1644 23192s
 143382 58137 2.0200e+08   48   83 2.2886e+08 1.9594e+08  14.4%  1640 23195s
 144013 59948     cutoff   47      2.2886e+08 1.9601e+08  14.4%  1639 23818s
 147251 61403 2.1757e+08   49  141 2.2886e+08 1.9628e+08  14.2%  1633 24666s
 151164 60099 2.1223e+08   50  175 2.2886e+08 1.9631e+08  14.2%  1626 24673s
 151777 61671 1.9738e+08   37  117 2.2886e+08 1.9650e+08  14.1%  1625 25301s
 155062 62316 2.0468e+08   62   94 2.2886e+08 1.9670e+08  14.1%  1619 25985s
 158520 62404 2.0051e+08   42  249 2.2886e+08 1.9688e+08  14.0%  1615 26697s
 160892 63730     cutoff   58      2.2886e+08 1.9689e+08  14.0%  1611 27424s
 164213 62623 2.0300e+08   41   88 2.2886e+08 1.9707e+08  13.9%  1605 27429s
 164507 62525 2.2340e+08   51   72 2.2886e+08 1.9718e+08  13.8%  1604 27430s
 164643 64305 2.1662e+08   49  133 2.2886e+08 1.9718e+08  13.8%  1604 28165s
 168261 64976 2.1716e+08   41  145 2.2886e+08 1.9739e+08  13.8%  1597 28835s
 171474 66590 2.2541e+08   63  102 2.2886e+08 1.9754e+08  13.7%  1592 29505s
 174552 68329 2.2170e+08   39  217 2.2886e+08 1.9773e+08  13.6%  1588 30261s
 177977 68329 1.9844e+08   41  172 2.2886e+08 1.9787e+08  13.5%  1583 30267s
 178072 70678 2.1770e+08   51  133 2.2886e+08 1.9787e+08  13.5%  1583 31224s
 178240 70678 2.2073e+08   42   56 2.2886e+08 1.9787e+08  13.5%  1583 31225s
 182553 72539     cutoff   40      2.2886e+08 1.9811e+08  13.4%  1577 31983s
 183254 72539 2.1950e+08   60  101 2.2886e+08 1.9811e+08  13.4%  1576 31986s
 185844 74278 2.2746e+08   44   93 2.2886e+08 1.9820e+08  13.4%  1572 32798s
 189212 74278 2.1720e+08   38  262 2.2886e+08 1.9832e+08  13.3%  1566 32803s
 189540 76096 2.2097e+08   35  163 2.2886e+08 1.9847e+08  13.3%  1566 33541s
 191873 76096 2.0404e+08   41   78 2.2886e+08 1.9847e+08  13.3%  1562 33545s
 193018 77754 2.0726e+08   34  311 2.2886e+08 1.9857e+08  13.2%  1561 34249s
 193463 77754 2.1832e+08   42  204 2.2886e+08 1.9857e+08  13.2%  1560 34250s
 196197 79489     cutoff   42      2.2886e+08 1.9857e+08  13.2%  1557 34948s
 198538 79489 2.1903e+08   50   64 2.2886e+08 1.9866e+08  13.2%  1554 34952s
 199386 80654 2.1461e+08   47  166 2.2886e+08 1.9879e+08  13.1%  1553 35772s
 201491 82550 2.2550e+08   46   72 2.2886e+08 1.9879e+08  13.1%  1550 36683s
 205549 84381     cutoff   63      2.2886e+08 1.9901e+08  13.0%  1546 37499s
 209214 86618 2.1795e+08   43  135 2.2886e+08 1.9910e+08  13.0%  1543 38619s
 209477 86618 2.1884e+08   43   81 2.2886e+08 1.9910e+08  13.0%  1543 38620s
 214098 88136 2.2339e+08   38   52 2.2886e+08 1.9933e+08  12.9%  1539 39349s
 217256 90000 2.2731e+08   41  195 2.2886e+08 1.9943e+08  12.9%  1537 40154s
 217727 90000 2.0958e+08   41  242 2.2886e+08 1.9944e+08  12.9%  1537 40155s
 220691 91656 2.2052e+08   49  123 2.2886e+08 1.9953e+08  12.8%  1535 40897s
 223543 91656 2.0711e+08   41  135 2.2886e+08 1.9962e+08  12.8%  1531 40900s
 223734 93508 2.2450e+08   64   64 2.2886e+08 1.9968e+08  12.7%  1530 41689s
 224774 93508 2.0877e+08   47  175 2.2886e+08 1.9969e+08  12.7%  1529 41690s
 226918 94921 2.1110e+08   49  144 2.2886e+08 1.9977e+08  12.7%  1526 42436s
 229164 94921 2.1415e+08   50   81 2.2886e+08 1.9987e+08  12.7%  1525 42442s
 230377 96880 2.2143e+08   68   54 2.2886e+08 1.9994e+08  12.6%  1524 43292s
 232081 96880 2.1407e+08   52   60 2.2886e+08 1.9996e+08  12.6%  1522 43297s
 233727 98521     cutoff   64      2.2886e+08 2.0004e+08  12.6%  1520 44055s
 236927 100225 2.2411e+08   41  140 2.2886e+08 2.0011e+08  12.6%  1516 44934s
 237235 100225 2.2342e+08   45   84 2.2886e+08 2.0014e+08  12.6%  1516 44935s
 238740 100225 2.2434e+08   39  135 2.2886e+08 2.0016e+08  12.5%  1514 44940s
 240429 102629 2.2163e+08   47  149 2.2886e+08 2.0022e+08  12.5%  1511 46153s
 240712 102629 2.0683e+08   40  192 2.2886e+08 2.0022e+08  12.5%  1511 46159s
 243057 102629 2.0738e+08   46  117 2.2886e+08 2.0028e+08  12.5%  1508 46165s
 244579 102629 2.0539e+08   45   36 2.2886e+08 2.0028e+08  12.5%  1506 46170s
 244961 104269 2.0082e+08   38  240 2.2886e+08 2.0039e+08  12.4%  1506 47169s
 245170 104269 2.2326e+08   46   88 2.2886e+08 2.0039e+08  12.4%  1506 47170s
 247726 106140 2.0613e+08   53  108 2.2886e+08 2.0040e+08  12.4%  1503 48108s
 248838 106140 2.1973e+08   44  358 2.2886e+08 2.0047e+08  12.4%  1502 48111s
 250826 106140 2.2178e+08   46   98 2.2886e+08 2.0053e+08  12.4%  1500 48116s
 251644 108420 2.2193e+08   53   49 2.2886e+08 2.0058e+08  12.4%  1499 49213s
 253662 108420 2.1708e+08   46  115 2.2886e+08 2.0062e+08  12.3%  1495 49217s
 255628 109970     cutoff   49      2.2886e+08 2.0067e+08  12.3%  1493 50022s
 258639 111972 2.0723e+08   42  181 2.2886e+08 2.0073e+08  12.3%  1489 51048s
 262527 113620 2.2020e+08   44   17 2.2886e+08 2.0088e+08  12.2%  1486 51972s
 265999 115176 2.0967e+08   49   55 2.2886e+08 2.0097e+08  12.2%  1482 52934s
 266399 115176 2.0982e+08   41  168 2.2886e+08 2.0097e+08  12.2%  1482 52935s
 269717 117636 2.1699e+08   46  154 2.2886e+08 2.0104e+08  12.2%  1478 54246s
 273664 117636 2.2788e+08   52   94 2.2886e+08 2.0107e+08  12.1%  1473 54253s
 274480 119522 2.1598e+08   56  118 2.2886e+08 2.0114e+08  12.1%  1472 55213s
