
Gurobi 12.0.3 (win64) logging started Mon Sep 15 14:09:42 2025

Set parameter LogFile to value "userData\20250915140937-1\solver_log.txt"
Set parameter TimeLimit to value 72000
Set parameter MIPGap to value 0.02
Set parameter MIPFocus to value 0
Set parameter Threads to value 0
Set parameter NodefileStart to value 60
Set parameter Method to value -1
Set parameter Heuristics to value 0.05
Set parameter Presolve to value -1
Set parameter BranchDir to value 0
Set parameter LPWarmStart to value 0
Set parameter IntFeasTol to value 1e-05
Set parameter FeasibilityTol to value 1e-06
Set parameter Cuts to value -1
Set parameter NumericFocus to value 0
Gurobi Optimizer version 12.0.3 build v12.0.3rc0 (win64 - Windows Server 2016.0 (14393.2))

CPU model: QEMU Virtual CPU version 2.5+, instruction set [SSE2]
Thread count: 48 physical cores, 48 logical processors, using up to 32 threads

Non-default parameters:
TimeLimit  72000
MIPGap  0.02
LPWarmStart  0
NodefileStart  60

Optimize a model with 74772 rows, 60661 columns and 183182 nonzeros
Model fingerprint: 0x2aed8ca7
Variable types: 59525 continuous, 1136 integer (1136 binary)
Coefficient statistics:
  Matrix range     [3e-03, 9e+07]
  Objective range  [1e+00, 1e+00]
  Bounds range     [1e+00, 7e+09]
  RHS range        [1e+00, 9e+07]
Warning: Model contains large bounds
         Consider reformulating model or setting NumericFocus parameter
         to avoid numerical issues.
Presolve removed 56276 rows and 42440 columns
Presolve time: 0.25s
Presolved: 18496 rows, 18221 columns, 67804 nonzeros
Variable types: 17653 continuous, 568 integer (568 binary)

Root simplex log...

Iteration    Objective       Primal Inf.    Dual Inf.      Time
   43459    2.9584084e+07   1.790412e+04   0.000000e+00      5s
   54162    3.9347243e+07   0.000000e+00   0.000000e+00      8s

Root relaxation: objective 3.934724e+07, 54162 iterations, 7.92 seconds (6.70 work units)

    Nodes    |    Current Node    |     Objective Bounds      |     Work
 Expl Unexpl |  Obj  Depth IntInf | Incumbent    BestBd   Gap | It/Node Time

     0     0 3.9347e+07    0   36          - 3.9347e+07      -     -    8s
H    0     0                    1.563915e+08 3.9347e+07  74.8%     -    8s
H    0     0                    1.460593e+08 3.9347e+07  73.1%     -    8s
H    0     0                    1.109883e+08 3.9347e+07  64.5%     -    8s
H    0     0                    9.718516e+07 3.9347e+07  59.5%     -    8s
     0     0 3.9632e+07    0   39 9.7185e+07 3.9632e+07  59.2%     -    9s
H    0     0                    9.051031e+07 3.9653e+07  56.2%     -    9s
     0     0 4.0076e+07    0   52 9.0510e+07 4.0076e+07  55.7%     -   12s
     0     0 4.0080e+07    0   53 9.0510e+07 4.0080e+07  55.7%     -   13s
     0     0 4.0116e+07    0   54 9.0510e+07 4.0116e+07  55.7%     -   14s
H    0     0                    8.838401e+07 4.0120e+07  54.6%     -   14s
     0     0 4.0120e+07    0   55 8.8384e+07 4.0120e+07  54.6%     -   15s
     0     0 4.0120e+07    0   55 8.8384e+07 4.0120e+07  54.6%     -   15s
     0     0 4.0892e+07    0   45 8.8384e+07 4.0892e+07  53.7%     -   17s
     0     0 4.0985e+07    0   45 8.8384e+07 4.0985e+07  53.6%     -   18s
     0     0 4.0985e+07    0   45 8.8384e+07 4.0985e+07  53.6%     -   18s
     0     0 4.0985e+07    0   45 8.8384e+07 4.0985e+07  53.6%     -   18s
H    0     0                    8.701678e+07 4.0985e+07  52.9%     -   18s
     0     0 4.0985e+07    0   45 8.7017e+07 4.0985e+07  52.9%     -   18s
H    0     0                    8.646622e+07 4.0988e+07  52.6%     -   31s
H    0     0                    8.254791e+07 4.0988e+07  50.3%     -   32s
H    0     0                    7.177086e+07 4.0988e+07  42.9%     -   32s
H    0     0                    7.094744e+07 4.0988e+07  42.2%     -   32s
H    0     0                    6.966801e+07 4.0988e+07  41.2%     -   32s
H    0     0                    6.844148e+07 4.0988e+07  40.1%     -   33s
H    0     0                    6.841616e+07 4.0988e+07  40.1%     -   33s
H    0     0                    6.841330e+07 4.0988e+07  40.1%     -   33s
H    0     0                    6.828900e+07 4.0988e+07  40.0%     -   33s
H    0     0                    6.777650e+07 4.0988e+07  39.5%     -   33s
H    0     0                    6.762751e+07 4.0988e+07  39.4%     -   34s
H    0     0                    6.678201e+07 4.0988e+07  38.6%     -   34s
H    0     0                    6.664857e+07 4.0988e+07  38.5%     -   34s
     0     0 4.0988e+07    0   36 6.6649e+07 4.0988e+07  38.5%     -   40s
     0     0 4.0988e+07    0   44 6.6649e+07 4.0988e+07  38.5%     -   41s
     0     0 4.0988e+07    0   47 6.6649e+07 4.0988e+07  38.5%     -   42s
     0     0 4.0988e+07    0   43 6.6649e+07 4.0988e+07  38.5%     -   42s
     0     0 4.0988e+07    0   42 6.6649e+07 4.0988e+07  38.5%     -   42s
     0     0 4.0988e+07    0   45 6.6649e+07 4.0988e+07  38.5%     -   43s
     0     0 4.0988e+07    0   49 6.6649e+07 4.0988e+07  38.5%     -   43s
     0     0 4.0988e+07    0   49 6.6649e+07 4.0988e+07  38.5%     -   43s
     0     0 4.0988e+07    0   45 6.6649e+07 4.0988e+07  38.5%     -   44s
     0     0 4.0988e+07    0   45 6.6649e+07 4.0988e+07  38.5%     -   44s
     0     0 4.0988e+07    0   45 6.6649e+07 4.0988e+07  38.5%     -   44s
     0     2 4.0988e+07    0   45 6.6649e+07 4.0988e+07  38.5%     -   64s
     3     8 5.5463e+07    2   41 6.6649e+07 4.1098e+07  38.3%  2075   65s
    31    52     cutoff    5      6.6649e+07 4.1300e+07  38.0%  3111   72s
    62    70 4.1556e+07    6   43 6.6649e+07 4.1556e+07  37.6%  2724   75s
    94   101 4.4050e+07    7   35 6.6649e+07 4.1556e+07  37.6%  2892   80s
H  118   101                    6.632340e+07 4.1565e+07  37.3%  3287   80s
   258   247 4.4148e+07   12   40 6.6323e+07 4.1679e+07  37.2%  2089   85s
H  344   310                    6.627956e+07 4.1679e+07  37.1%  1825   88s
H  356   310                    6.623540e+07 4.1679e+07  37.1%  1822   88s
H  359   310                    6.585916e+07 4.1679e+07  36.7%  1811   88s
   368   341 4.4333e+07   16   36 6.5859e+07 4.1679e+07  36.7%  1801   99s
   401   399 4.4345e+07   17   35 6.5859e+07 4.1679e+07  36.7%  1754  121s
H  412   399                    6.568482e+07 4.1679e+07  36.5%  1727  121s
H  421   399                    6.541683e+07 4.1679e+07  36.3%  1710  121s
   461   485 4.4403e+07   18   34 6.5417e+07 4.1679e+07  36.3%  1650  137s
   560   562 4.4474e+07   22   37 6.5417e+07 4.1679e+07  36.3%  1526  141s
   745   712 4.4576e+07   26   37 6.5417e+07 4.1679e+07  36.3%  1373  147s
   928   867 4.4608e+07   32   37 6.5417e+07 4.1691e+07  36.3%  1258  152s
  1118  1024 4.4640e+07   36   36 6.5417e+07 4.1761e+07  36.2%  1196  156s
  1298  1204 4.4711e+07   41   38 6.5417e+07 4.1821e+07  36.1%  1167  163s
  1417  1300 4.4762e+07   43   43 6.5417e+07 4.1845e+07  36.0%  1149  167s
  1530  1392 4.4812e+07   47   42 6.5417e+07 4.1845e+07  36.0%  1128  173s
  1630  1498 4.4813e+07   48   43 6.5417e+07 4.1845e+07  36.0%  1113  180s
  1761  1525 4.4839e+07   52   39 6.5417e+07 4.1845e+07  36.0%  1081  186s
  1849  1599 4.4876e+07   54   37 6.5417e+07 4.1845e+07  36.0%  1071  190s
H 1850  1599                    6.519786e+07 4.1845e+07  35.8%  1070  190s
  1906  1701 4.4876e+07   55   36 6.5198e+07 4.2024e+07  35.5%  1064  197s
  2033  1799 4.5031e+07   57   35 6.5198e+07 4.2024e+07  35.5%  1053  203s
  2161  1941 4.5036e+07   59   32 6.5198e+07 4.2133e+07  35.4%  1051  208s
  2315  2099 4.5223e+07   63   34 6.5198e+07 4.2157e+07  35.3%  1035  213s
  2492  2253 4.5344e+07   67   35 6.5198e+07 4.2157e+07  35.3%  1014  219s
  2680  2408 4.5355e+07   70   36 6.5198e+07 4.2157e+07  35.3%   994  226s
  2881  2516 4.5401e+07   74   33 6.5198e+07 4.2157e+07  35.3%   974  236s
H 2973  2515                    6.518434e+07 4.2157e+07  35.3%   976  236s
  3032  2641 4.5950e+07   76   34 6.5184e+07 4.2157e+07  35.3%   975  243s
  3197  2759 4.5965e+07   77   35 6.5184e+07 4.2157e+07  35.3%   974  250s
  3351  2760 4.6008e+07   40   45 6.5184e+07 4.2157e+07  35.3%   981  265s
  3353  2761 5.5054e+07   46   36 6.5184e+07 4.2157e+07  35.3%   980  283s
  3355  2763 6.2828e+07   21   49 6.5184e+07 4.2157e+07  35.3%   980  285s
H 3360  2627                    6.516855e+07 4.2157e+07  35.3%   978  289s
  3362  2628 4.8820e+07   40   56 6.5169e+07 4.2157e+07  35.3%   978  290s
  3366  2631 5.4802e+07   58   54 6.5169e+07 4.2157e+07  35.3%   976  300s
H 3366  2499                    6.495999e+07 4.2176e+07  35.1%   976  329s
  3367  2500 5.3552e+07   25   54 6.4960e+07 4.2176e+07  35.1%   976  330s
  3370  2507 5.6792e+07   15   43 6.4960e+07 4.2176e+07  35.1%   993  336s
  3382  2521 6.2340e+07   17   40 6.4960e+07 4.2176e+07  35.1%   997  343s
  3397  2535 6.3026e+07   18   36 6.4960e+07 4.2176e+07  35.1%  1010  352s
  3423  2534 6.3027e+07   19   36 6.4960e+07 4.2176e+07  35.1%  1016  357s
  3455  2542 6.3173e+07   20   29 6.4960e+07 4.2176e+07  35.1%  1028  366s
  3491  2560 6.3243e+07   21   30 6.4960e+07 4.2176e+07  35.1%  1062  387s
  3535  2580 6.3403e+07   22   31 6.4960e+07 4.2176e+07  35.1%  1065  406s
  3586  2602 6.3754e+07   23   33 6.4960e+07 4.2176e+07  35.1%  1070  423s
H 3619  2466                    6.492501e+07 4.2176e+07  35.0%  1072  423s
  3636  2532     cutoff   24      6.4925e+07 4.2176e+07  35.0%  1072  427s
H 3740  2417                    6.465820e+07 4.2176e+07  34.8%  1076  450s
  3798  2475 5.4897e+07   23   43 6.4658e+07 4.2176e+07  34.8%  1078  459s
  3914  2503 5.5237e+07   26   35 6.4658e+07 4.2176e+07  34.8%  1079  465s
  4008  2514 5.6403e+07   31   40 6.4658e+07 4.2176e+07  34.8%  1084  475s
  4057  2561 5.6469e+07   33   42 6.4658e+07 4.2176e+07  34.8%  1085  481s
  4145  2591 5.6589e+07   35   43 6.4658e+07 4.2176e+07  34.8%  1094  485s
  4234  2623 5.6821e+07   38   39 6.4658e+07 4.2176e+07  34.8%  1100  490s
  4326  2668 5.6872e+07   39   38 6.4658e+07 4.2176e+07  34.8%  1102  507s
  4437  2699 5.7189e+07   42   37 6.4658e+07 4.2176e+07  34.8%  1100  512s
  4558  2724 5.8593e+07   45   35 6.4658e+07 4.2176e+07  34.8%  1097  516s
  4666  2766 5.8638e+07   47   35 6.4658e+07 4.2176e+07  34.8%  1094  522s
  4785  2769 5.8845e+07   52   34 6.4658e+07 4.2176e+07  34.8%  1093  532s
  4873  2819 5.9098e+07   55   29 6.4658e+07 4.2176e+07  34.8%  1092  537s
  4963  2853 5.9260e+07   58   32 6.4658e+07 4.2176e+07  34.8%  1097  547s
  5037  2904 5.9372e+07   61   31 6.4658e+07 4.2176e+07  34.8%  1102  552s
  5128  2955 5.9527e+07   64   30 6.4658e+07 4.2176e+07  34.8%  1107  559s
  5233  3009 5.9775e+07   69   28 6.4658e+07 4.2176e+07  34.8%  1113  568s
  5351  3044 4.4498e+07   44   45 6.4658e+07 4.2176e+07  34.8%  1121  584s
  5439  3125 4.4523e+07   46   44 6.4658e+07 4.2176e+07  34.8%  1126  593s
  5558  3214 4.4605e+07   48   44 6.4658e+07 4.2176e+07  34.8%  1132  601s
  5705  3282 4.4678e+07   51   43 6.4658e+07 4.2259e+07  34.6%  1136  608s
  5846  3371 4.4801e+07   55   38 6.4658e+07 4.2259e+07  34.6%  1141  618s
  6023  3341 4.5136e+07   59   40 6.4658e+07 4.2259e+07  34.6%  1141  633s
  6057  3396 4.5216e+07   60   43 6.4658e+07 4.2596e+07  34.1%  1145  646s
  6136  3485 4.5309e+07   61   43 6.4658e+07 4.2596e+07  34.1%  1145  662s
  6326  3537 4.5406e+07   63   39 6.4658e+07 4.2596e+07  34.1%  1139  679s
  6513  3601 4.5618e+07   68   42 6.4658e+07 4.2596e+07  34.1%  1140  690s
  6664  3703 4.5915e+07   74   37 6.4658e+07 4.2661e+07  34.0%  1145  699s
  6842  3813 4.6085e+07   79   40 6.4658e+07 4.2661e+07  34.0%  1152  710s
  7030  3921 4.6294e+07   83   35 6.4658e+07 4.2661e+07  34.0%  1158  722s
  7235  4043 4.6638e+07   86   38 6.4658e+07 4.2661e+07  34.0%  1159  733s
  7437  4206 4.7720e+07   89   32 6.4658e+07 4.2661e+07  34.0%  1166  743s
  7690  4365 4.8117e+07   93   32 6.4658e+07 4.2661e+07  34.0%  1167  757s
  7984  4478 4.8350e+07   99   29 6.4658e+07 4.2661e+07  34.0%  1165  774s
  8281  4613 4.8694e+07  104   31 6.4658e+07 4.2661e+07  34.0%  1165  786s
  8574  4802 4.8901e+07  110   32 6.4658e+07 4.2661e+07  34.0%  1166  811s
  8970  4805 5.0933e+07  118   30 6.4658e+07 4.2661e+07  34.0%  1157  825s
  9146  5087 5.1508e+07  119   24 6.4658e+07 4.2661e+07  34.0%  1156  842s
  9608  5283 5.2212e+07  134   30 6.4658e+07 4.2661e+07  34.0%  1144  879s
 10044  5463 5.2750e+07  153   23 6.4658e+07 4.2661e+07  34.0%  1136  897s
 10462  5699 5.3604e+07  169   24 6.4658e+07 4.3097e+07  33.3%  1130  927s
 10797  5987 5.9159e+07  171   19 6.4658e+07 4.3097e+07  33.3%  1132  979s
 11061  5987 5.4196e+07  156   30 6.4658e+07 4.3097e+07  33.3%  1128  980s
 11199  6326 5.9213e+07  172   20 6.4658e+07 4.3097e+07  33.3%  1126 1008s
 11717  6684 5.9267e+07  173   20 6.4658e+07 4.3097e+07  33.3%  1116 1025s
 12159  7097 5.9356e+07  174   21 6.4658e+07 4.3097e+07  33.3%  1115 1042s
 12646  7443 5.9382e+07  175   21 6.4658e+07 4.3097e+07  33.3%  1113 1066s
 13082  7928 5.9900e+07  171   19 6.4658e+07 4.3097e+07  33.3%  1113 1100s
 13660  8347 5.9664e+07  176   21 6.4658e+07 4.3097e+07  33.3%  1106 1132s
 14239  8825     cutoff   75      6.4658e+07 4.3097e+07  33.3%  1102 1164s
 14253  8825 4.9748e+07  107   29 6.4658e+07 4.3097e+07  33.3%  1103 1170s
 14828  9340 6.1058e+07   88   22 6.4658e+07 4.3097e+07  33.3%  1100 1204s
 15533  9769 5.7237e+07   73   29 6.4658e+07 4.3097e+07  33.3%  1094 1238s
 16238 10274 6.3241e+07   86   25 6.4658e+07 4.3097e+07  33.3%  1087 1258s
 16975 10808 5.2063e+07   60   30 6.4658e+07 4.3097e+07  33.3%  1080 1311s
 17704 10837 5.3269e+07   39   33 6.4658e+07 4.4546e+07  31.1%  1074 1399s
 17739 10870 5.3277e+07   40   34 6.4658e+07 4.4546e+07  31.1%  1074 1513s
 17785 11222 5.3280e+07   41   33 6.4658e+07 4.4546e+07  31.1%  1074 1593s
 18249 11917 5.5620e+07   52   27 6.4658e+07 4.4546e+07  31.1%  1072 1656s
 19133 12606 5.8719e+07   89   19 6.4658e+07 4.4638e+07  31.0%  1066 1717s
 20057 13296 5.3223e+07   34   34 6.4658e+07 4.4638e+07  31.0%  1060 1779s
 20901 13296 5.7135e+07   93   25 6.4658e+07 4.4638e+07  31.0%  1059 1780s
 20953 14017 5.5863e+07   47   28 6.4658e+07 4.4638e+07  31.0%  1058 1827s
 21829 14734 5.8387e+07   69   29 6.4658e+07 4.4638e+07  31.0%  1058 1874s
 22777 15437 5.3288e+07   44   30 6.4658e+07 4.4638e+07  31.0%  1056 1925s
 23690 16169 5.9195e+07   67   23 6.4658e+07 4.4638e+07  31.0%  1055 1992s
 24702 16936 4.9526e+07   43   37 6.4658e+07 4.6449e+07  28.2%  1052 2051s
 25654 17678 4.9956e+07   58   36 6.4658e+07 4.6449e+07  28.2%  1052 2104s
 26632 18311 5.1697e+07   85   24 6.4658e+07 4.6449e+07  28.2%  1052 2169s
 27564 19124 5.3179e+07   51   40 6.4658e+07 4.6549e+07  28.0%  1052 2238s
 28622 19932 5.9510e+07   75   26 6.4658e+07 4.6590e+07  27.9%  1051 2314s
 29693 20975 5.9565e+07   69   31 6.4658e+07 4.6590e+07  27.9%  1052 2425s
 31142 22025 6.2653e+07  114   20 6.4658e+07 4.6653e+07  27.8%  1045 2517s
 32584 22685 5.9508e+07   81   34 6.4658e+07 4.7432e+07  26.6%  1034 2601s
 33690 23451 5.4627e+07   76   28 6.4658e+07 4.7543e+07  26.5%  1031 2674s
 34531 23451 5.7270e+07   28   44 6.4658e+07 4.7669e+07  26.3%  1028 2675s
 34894 23908 5.8369e+07   70   21 6.4658e+07 4.7671e+07  26.3%  1028 2741s
 35544 24751 5.1294e+07   70   45 6.4658e+07 4.7739e+07  26.2%  1024 2833s
 36947 25279 5.7995e+07   52   39 6.4658e+07 4.7799e+07  26.1%  1021 2939s
 37703 25279 5.9025e+07   69   29 6.4658e+07 4.7799e+07  26.1%  1016 2940s
 37927 26297 6.1203e+07   75   36 6.4658e+07 4.7799e+07  26.1%  1015 3047s
 39613 27403 5.6472e+07   78   38 6.4658e+07 4.7922e+07  25.9%  1008 3172s
 41213 28586 5.2390e+07   84   30 6.4658e+07 4.8054e+07  25.7%  1004 3309s
 43039 29807 5.5097e+07   42   44 6.4658e+07 4.8124e+07  25.6%   997 3429s
 44914 31081 5.8090e+07  111   22 6.4658e+07 4.8376e+07  25.2%   992 3542s
 46833 32427 6.3150e+07   63   23 6.4658e+07 4.8402e+07  25.1%   987 3662s
 48772 33868 6.1492e+07  132   17 6.4658e+07 4.8486e+07  25.0%   982 3794s
 49818 33868 5.0463e+07  112   29 6.4658e+07 4.8558e+07  24.9%   979 3795s
 50767 35235 5.7954e+07   92   29 6.4658e+07 4.8619e+07  24.8%   978 3949s
 53004 36652 5.7096e+07   90   34 6.4658e+07 4.8697e+07  24.7%   971 4111s
 55722 38153 5.1325e+07   79   28 6.4658e+07 4.8716e+07  24.7%   959 4291s
 58592 38154 5.1778e+07  129   45 6.4658e+07 4.8842e+07  24.5%   945 4531s
 58594 38155 6.1219e+07  100   36 6.4658e+07 4.8842e+07  24.5%   945 4539s
 58595 38156 5.5168e+07   35   50 6.4658e+07 4.8842e+07  24.5%   945 4543s
 58596 38157 5.5903e+07  136   61 6.4658e+07 4.8842e+07  24.5%   945 4546s
 58598 38158 5.6742e+07   58   58 6.4658e+07 4.8842e+07  24.5%   945 4550s
 58604 38162 5.4255e+07   97   54 6.4658e+07 4.8842e+07  24.5%   945 4557s
 58605 38163 5.8408e+07   88   52 6.4658e+07 4.8842e+07  24.5%   945 4561s
 58608 38165 5.3804e+07   57   63 6.4658e+07 4.8842e+07  24.5%   945 4565s
 58612 38167 5.7686e+07   55   61 6.4658e+07 4.8842e+07  24.5%   945 4572s
 58614 38169 6.1897e+07   60   60 6.4658e+07 4.8842e+07  24.5%   945 4576s
 58616 38170 5.5582e+07   68   60 6.4658e+07 4.8842e+07  24.5%   945 4580s
 58618 38171 5.2825e+07   63   63 6.4658e+07 4.8842e+07  24.5%   945 4585s
 58621 38173 5.1325e+07   69   67 6.4658e+07 4.8842e+07  24.5%   945 4590s
 58624 38175 6.2795e+07  102   70 6.4658e+07 4.8842e+07  24.5%   945 4595s
 58628 38178 5.8923e+07   92   67 6.4658e+07 4.8842e+07  24.5%   944 4600s
 58630 38179 6.2260e+07   61   68 6.4658e+07 4.8842e+07  24.5%   944 4606s
 58632 38181 5.2549e+07  135   68 6.4658e+07 4.8842e+07  24.5%   944 4610s
 58634 38182 5.8794e+07  106   68 6.4658e+07 4.8842e+07  24.5%   944 4625s
 58635 38183 5.3613e+07   66   68 6.4658e+07 4.8842e+07  24.5%   944 4659s
 58636 38186 5.7185e+07   24   54 6.4658e+07 4.8842e+07  24.5%   946 4665s
 58642 38188 4.8842e+07   26   55 6.4658e+07 4.8842e+07  24.5%   946 4673s
 58648 38191 4.8842e+07   27   50 6.4658e+07 4.8842e+07  24.5%   946 4678s
 58656 38198 5.1343e+07   28   48 6.4658e+07 4.8842e+07  24.5%   947 4683s
 58669 38211 5.6421e+07   29   45 6.4658e+07 4.8842e+07  24.5%   948 4690s
 58691 38225 5.8217e+07   30   40 6.4658e+07 4.8842e+07  24.5%   949 4699s
 58723 38237 5.8934e+07   31   32 6.4658e+07 4.8842e+07  24.5%   952 4710s
 58773 38283 6.2732e+07   32   24 6.4658e+07 4.8842e+07  24.5%   953 4737s
 58859 38281 6.0242e+07   34   30 6.4658e+07 4.8842e+07  24.5%   954 4757s
 58892 38295 5.9028e+07   35   30 6.4658e+07 4.8842e+07  24.5%   954 4774s
 58926 38311 5.9734e+07   35   29 6.4658e+07 4.8842e+07  24.5%   955 4786s
 58968 38335 5.9070e+07   36   29 6.4658e+07 4.8842e+07  24.5%   955 4805s
 59017 38371 6.2365e+07   36   29 6.4658e+07 4.8842e+07  24.5%   955 4826s
 59087 38406     cutoff   37      6.4658e+07 4.8842e+07  24.5%   955 4840s
 59165 38439 5.9240e+07   39   28 6.4658e+07 4.8842e+07  24.5%   956 4858s
 59249 38476 5.9270e+07   41   30 6.4658e+07 4.8842e+07  24.5%   957 4865s
 59330 38515 5.9301e+07   42   30 6.4658e+07 4.8842e+07  24.5%   957 4870s
 59414 38550 5.9301e+07   43   29 6.4658e+07 4.8842e+07  24.5%   958 4876s
 59504 38594 6.4009e+07   44   30 6.4658e+07 4.8842e+07  24.5%   958 4883s
 59610 38614 5.9428e+07   46   33 6.4658e+07 4.8842e+07  24.5%   959 4889s
 59716 38646 5.9433e+07   47   34 6.4658e+07 4.8842e+07  24.5%   959 4897s
 59817 38676 5.9462e+07   48   33 6.4658e+07 4.8842e+07  24.5%   960 4911s
 59905 38717 6.2590e+07   49   24 6.4658e+07 4.8842e+07  24.5%   961 4929s
 60004 38770     cutoff   51      6.4658e+07 4.8842e+07  24.5%   962 4935s
 60117 38808 6.4262e+07   53   24 6.4658e+07 4.8842e+07  24.5%   962 4944s
 60220 38873 5.9534e+07   55   28 6.4658e+07 4.8842e+07  24.5%   963 4956s
 60340 38944 5.9649e+07   57   31 6.4658e+07 4.8842e+07  24.5%   964 4971s
 60477 39004 5.9664e+07   59   28 6.4658e+07 4.8842e+07  24.5%   965 4982s
 60609 38989 5.9684e+07   61   31 6.4658e+07 4.8842e+07  24.5%   966 5036s
 60643 39013 6.1970e+07   61   27 6.4658e+07 4.8842e+07  24.5%   967 5089s
 60687 39063 5.9691e+07   62   27 6.4658e+07 4.8842e+07  24.5%   967 5131s
 60806 39103 6.4477e+07   62   19 6.4658e+07 4.8842e+07  24.5%   968 5151s
 60934 39166 5.9703e+07   65   26 6.4658e+07 4.8842e+07  24.5%   969 5159s
 61076 39253 5.9769e+07   69   29 6.4658e+07 4.8842e+07  24.5%   970 5175s
 61249 39338 5.9885e+07   73   28 6.4658e+07 4.8842e+07  24.5%   971 5189s
 61440 39380 5.9946e+07   77   29 6.4658e+07 4.8842e+07  24.5%   972 5202s
 61601 39451 5.9988e+07   81   28 6.4658e+07 4.8842e+07  24.5%   973 5224s
 61754 39559 6.0018e+07   85   34 6.4658e+07 4.8842e+07  24.5%   975 5233s
 61925 39665 6.2809e+07   87   26 6.4658e+07 4.8842e+07  24.5%   977 5245s
 62120 39740     cutoff   91      6.4658e+07 4.8842e+07  24.5%   978 5272s
 62322 39861 6.0187e+07   95   27 6.4658e+07 4.8842e+07  24.5%   979 5287s
 62568 39986 6.0266e+07  100   35 6.4658e+07 4.8842e+07  24.5%   980 5325s
 62867 40104 6.0325e+07  107   35 6.4658e+07 4.8842e+07  24.5%   980 5347s
 63219 40216 6.0563e+07  117   31 6.4658e+07 4.8842e+07  24.5%   980 5369s
 63568 40313 5.3077e+07   72   52 6.4658e+07 4.8842e+07  24.5%   981 5394s
 63894 40381 5.3216e+07   74   47 6.4658e+07 4.8842e+07  24.5%   981 5423s
 64147 40458 5.3267e+07   77   43 6.4658e+07 4.8842e+07  24.5%   982 5470s
H64229 38521                    6.465820e+07 4.8842e+07  24.5%   982 5470s
H64246 36700                    6.465820e+07 4.8842e+07  24.5%   983 5470s
 64348 36932 5.3407e+07   79   49 6.4658e+07 4.8842e+07  24.5%   984 5499s
 64795 36978 5.3557e+07   82   43 6.4658e+07 4.8842e+07  24.5%   984 5524s
 65186 37145 5.3646e+07   85   42 6.4658e+07 4.8842e+07  24.5%   985 5551s
 65564 37357 5.3799e+07   87   42 6.4658e+07 4.8842e+07  24.5%   986 5592s
 66084 37478 5.4021e+07   91   45 6.4658e+07 4.8842e+07  24.5%   985 5617s
 66598 37530 5.7505e+07  101   40 6.4658e+07 4.8842e+07  24.5%   985 5644s
 67021 37633 5.5381e+07  111   39 6.4658e+07 4.8842e+07  24.5%   986 5687s
 67358 37822 5.5887e+07  121   35 6.4658e+07 4.8842e+07  24.5%   987 5714s
 67732 38038 5.5230e+07   48   41 6.4658e+07 4.8842e+07  24.5%   990 5743s
 68164 38272 5.6010e+07   66   31 6.4658e+07 4.8842e+07  24.5%   992 5778s
 68729 38470 5.7155e+07  101   27 6.4658e+07 4.8842e+07  24.5%   993 5818s
 69286 38724 4.9447e+07   71   42 6.4658e+07 4.8842e+07  24.5%   993 5858s
 69804 38765 4.9691e+07   82   44 6.4658e+07 4.8842e+07  24.5%   995 5937s
 70068 39261 5.0006e+07   88   33 6.4658e+07 4.8842e+07  24.5%   995 5985s
 70774 39417 6.1694e+07  129   18 6.4658e+07 4.8842e+07  24.5%   996 6042s
 71344 39447 5.2853e+07   85   45 6.4658e+07 4.8842e+07  24.5%   997 6419s
H71494 37674                    6.465820e+07 4.8842e+07  24.5%   997 6419s
 71592 38372 5.2982e+07   90   41 6.4658e+07 4.8842e+07  24.5%   997 6492s
 72486 38686 5.4024e+07  105   36 6.4658e+07 4.8842e+07  24.5%   997 6561s
 73384 39128 6.0088e+07   42   38 6.4658e+07 4.8842e+07  24.5%   997 6627s
 74313 39591 6.0719e+07   46   48 6.4658e+07 4.8842e+07  24.5%   996 6715s
 75497 39884 6.1775e+07   73   40 6.4658e+07 4.8842e+07  24.5%   993 6793s
 76655 39999 5.6929e+07   57   39 6.4658e+07 4.8842e+07  24.5%   991 6857s
 77635 40439 5.9096e+07   65   39 6.4658e+07 4.9589e+07  23.3%   990 6945s
 78830 40708 6.0044e+07   94   38 6.4658e+07 4.9589e+07  23.3%   987 7041s
 79866 41131 6.0815e+07  130   26 6.4658e+07 4.9662e+07  23.2%   986 7129s
 80995 41557 6.3152e+07  126   36 6.4658e+07 4.9796e+07  23.0%   985 7214s
 81584 41361 5.0406e+07   98   30 6.4658e+07 4.9796e+07  23.0%   984 7215s
 82126 41986 6.0743e+07  102   48 6.4658e+07 4.9796e+07  23.0%   984 7307s
 83256 42573 6.0487e+07   76   30 6.4658e+07 4.9796e+07  23.0%   984 7406s
 84582 42998 5.9504e+07   90   33 6.4658e+07 4.9817e+07  23.0%   983 7492s
 85815 43421 5.0452e+07   54   46 6.4658e+07 5.0023e+07  22.6%   982 7598s
 87125 43828 5.6735e+07   64   42 6.4658e+07 5.0078e+07  22.5%   981 7706s
 88515 44450     cutoff   76      6.4658e+07 5.0197e+07  22.4%   979 7824s
 90276 44671 6.0058e+07   94   35 6.4658e+07 5.0312e+07  22.2%   977 7916s
 91493 45207 6.4468e+07  123   23 6.4658e+07 5.0446e+07  22.0%   977 8006s
 92953 45741 5.0806e+07  101   37 6.4658e+07 5.0510e+07  21.9%   975 8122s
 94494 46343 5.9157e+07   95   32 6.4658e+07 5.0652e+07  21.7%   974 8238s
 96191 47011 6.2282e+07   72   46 6.4658e+07 5.0692e+07  21.6%   971 8427s
 98160 47324 5.8324e+07   52   40 6.4658e+07 5.0719e+07  21.6%   965 8553s
 99962 47599 6.2307e+07  113   29 6.4658e+07 5.0833e+07  21.4%   962 8663s
 101270 48017 5.6842e+07   40   40 6.4658e+07 5.0900e+07  21.3%   961 8783s
 102769 48534     cutoff  115      6.4658e+07 5.0944e+07  21.2%   961 8922s
 104452 49172 6.0733e+07   35   44 6.4658e+07 5.1091e+07  21.0%   960 9066s
 106272 49662 6.2690e+07  119   32 6.4658e+07 5.1181e+07  20.8%   960 9219s
 106962 49432 6.1942e+07  102   23 6.4658e+07 5.1181e+07  20.8%   958 9220s
 108456 50222 5.8641e+07   54   36 6.4658e+07 5.1321e+07  20.6%   956 9381s
 110663 50405 6.4270e+07   82   25 6.4658e+07 5.1373e+07  20.5%   953 9513s
 112036 51499 5.8175e+07   88   41 6.4658e+07 5.1458e+07  20.4%   952 9697s
 114278 51922 6.1400e+07   89   27 6.4658e+07 5.1638e+07  20.1%   951 9937s
 116511 52847 5.2017e+07   93   33 6.4658e+07 5.1674e+07  20.1%   949 10162s
 119229 54003 6.1818e+07  106   37 6.4658e+07 5.1729e+07  20.0%   946 10487s
 122651 54160 5.9361e+07  101   29 6.4658e+07 5.1834e+07  19.8%   941 10718s
 125490 54930 5.5048e+07   59   39 6.4658e+07 5.1913e+07  19.7%   937 10978s
 127240 54346 6.1572e+07  109   27 6.4658e+07 5.1923e+07  19.7%   935 10981s
 128266 55557 6.3182e+07   82   22 6.4658e+07 5.1923e+07  19.7%   934 11233s
 130059 54960 5.3444e+07   63   41 6.4658e+07 5.1949e+07  19.7%   932 11235s
 130838 56286 6.2408e+07  116   25 6.4658e+07 5.2007e+07  19.6%   932 11476s
 133924 56699 6.1059e+07   96   30 6.4658e+07 5.2094e+07  19.4%   929 11872s
 136701 57598 6.1434e+07  104   37 6.4658e+07 5.2147e+07  19.4%   926 12162s
 139820 58453 5.4975e+07   39   41 6.4658e+07 5.2229e+07  19.2%   924 12473s
 141802 57792 5.2704e+07   48   47 6.4658e+07 5.2257e+07  19.2%   923 12475s
 143004 59100 6.0927e+07   42   38 6.4658e+07 5.2316e+07  19.1%   921 12789s
 144502 58600 5.5386e+07   75   33 6.4658e+07 5.2320e+07  19.1%   920 12790s
 146339 59823 5.9038e+07   46   40 6.4658e+07 5.2351e+07  19.0%   918 13098s
 147315 59498     cutoff  101      6.4658e+07 5.2386e+07  19.0%   918 13100s
 149494 61043 6.1001e+07   58   37 6.4658e+07 5.2458e+07  18.9%   917 13530s
 153182 61792 5.7953e+07   78   34 6.4658e+07 5.2519e+07  18.8%   914 14081s
 156769 62702 5.7722e+07   61   29 6.4658e+07 5.2593e+07  18.7%   910 14494s
 158050 62679 5.6947e+07  120   27 6.4658e+07 5.2598e+07  18.7%   908 14495s
 160807 64477 5.5893e+07   82   35 6.4658e+07 5.2635e+07  18.6%   905 14834s
 161081 64477     cutoff   41      6.4658e+07 5.2635e+07  18.6%   906 14835s
 163908 66363 5.9642e+07   68   40 6.4658e+07 5.2674e+07  18.5%   904 15244s
 164134 66363 6.2029e+07  109   31 6.4658e+07 5.2674e+07  18.5%   904 15245s
 167290 68204 6.0597e+07   77   32 6.4658e+07 5.2761e+07  18.4%   902 15696s
 170669 69787 6.2432e+07   80   34 6.4658e+07 5.2833e+07  18.3%   899 16213s
 173539 71856 5.4839e+07   55   41 6.4658e+07 5.2884e+07  18.2%   898 16607s
 175914 71856 6.0482e+07   74   40 6.4658e+07 5.2884e+07  18.2%   896 16610s
 177041 73629 6.4096e+07   80   30 6.4658e+07 5.2953e+07  18.1%   895 16976s
 180320 75117 6.3048e+07  114   33 6.4658e+07 5.3001e+07  18.0%   894 18179s
H180820 75117                    6.465820e+07 5.3001e+07  18.0%   893 18180s
 183168 77183 5.5889e+07   52   37 6.4658e+07 5.3037e+07  18.0%   891 18921s
 185311 77183 6.4067e+07   92   24 6.4658e+07 5.3094e+07  17.9%   890 18925s
 187494 79411 5.8480e+07  102   34 6.4658e+07 5.3147e+07  17.8%   889 19424s
 187955 79411 6.1922e+07   88   20 6.4658e+07 5.3171e+07  17.8%   888 19425s
 191587 81396 6.0224e+07   58   41 6.4658e+07 5.3232e+07  17.7%   886 19952s
 195986 82975 5.6555e+07   56   27 6.4658e+07 5.3407e+07  17.4%   881 20386s
 199850 84658 6.0026e+07   70   34 6.4658e+07 5.3483e+07  17.3%   878 20930s
 203175 86413 6.1453e+07   64   29 6.4658e+07 5.3613e+07  17.1%   876 21407s
 206687 88067 6.1539e+07   55   35 6.4658e+07 5.3671e+07  17.0%   873 21853s
 208027 88067 6.4289e+07   90   33 6.4658e+07 5.3746e+07  16.9%   871 21855s
 210491 89688 5.6787e+07   81   33 6.4658e+07 5.3878e+07  16.7%   869 22583s
 212255 89688 6.2042e+07   54   30 6.4658e+07 5.3878e+07  16.7%   869 22586s
 213797 92064 5.7387e+07   81   33 6.4658e+07 5.3904e+07  16.6%   868 23279s
 215486 92064 5.6815e+07  110   32 6.4658e+07 5.3904e+07  16.6%   867 23281s
 218028 94032 5.5274e+07   97   31 6.4658e+07 5.4048e+07  16.4%   865 23767s
 219614 94032 6.2244e+07   98   35 6.4658e+07 5.4048e+07  16.4%   864 23770s
 221573 95954 5.9626e+07   53   34 6.4658e+07 5.4191e+07  16.2%   863 24288s
 222765 95954 5.7829e+07   71   29 6.4658e+07 5.4215e+07  16.2%   862 24290s
 225144 97845 6.2832e+07   81   15 6.4658e+07 5.4292e+07  16.0%   861 24767s
 228475 99063 6.0908e+07   52   22 6.4658e+07 5.4365e+07  15.9%   860 25527s
 230734 100772 5.7292e+07   69   32 6.4658e+07 5.4407e+07  15.9%   859 26153s
 233198 100772 6.0543e+07  124   28 6.4658e+07 5.4437e+07  15.8%   858 26159s
 234168 102558     cutoff   52      6.4658e+07 5.4496e+07  15.7%   858 26617s
 237304 104602 5.9890e+07   55   25 6.4658e+07 5.4496e+07  15.7%   858 27164s
 237626 104602 6.2977e+07   82   37 6.4658e+07 5.4516e+07  15.7%   858 27165s
 241093 106890 6.1433e+07   58   34 6.4658e+07 5.4594e+07  15.6%   856 27813s
 242277 106890 5.9774e+07   79   29 6.4658e+07 5.4610e+07  15.5%   855 27815s
 245867 108539 5.8625e+07   58   35 6.4658e+07 5.4682e+07  15.4%   852 28336s
 248491 108539 6.0263e+07   75   35 6.4658e+07 5.4738e+07  15.3%   851 28341s
 248656 110558 5.8726e+07   62   33 6.4658e+07 5.4738e+07  15.3%   851 28806s
 251780 112162 6.0864e+07  122   28 6.4658e+07 5.4804e+07  15.2%   850 29240s
 254327 112162 6.1839e+07   57   25 6.4658e+07 5.4827e+07  15.2%   849 29245s
 254732 113913 6.0395e+07   85   34 6.4658e+07 5.4854e+07  15.2%   849 29881s
 258044 115742 6.0659e+07   74   27 6.4658e+07 5.4881e+07  15.1%   847 30436s
 260631 115742 5.7496e+07   66   36 6.4658e+07 5.4905e+07  15.1%   845 30442s
 261649 117554     cutoff   73      6.4658e+07 5.4937e+07  15.0%   845 30958s
 264006 117554 5.8163e+07   81   33 6.4658e+07 5.4963e+07  15.0%   844 30964s
 264100 117554     cutoff  108      6.4658e+07 5.4963e+07  15.0%   844 30965s
 264878 119537 5.9331e+07   76   30 6.4658e+07 5.4999e+07  14.9%   844 31499s
 265479 119537 5.8173e+07   65   27 6.4658e+07 5.4999e+07  14.9%   843 31500s
 268012 121192 5.7851e+07  112   30 6.4658e+07 5.5045e+07  14.9%   843 32089s
 268362 121192     cutoff   79      6.4658e+07 5.5045e+07  14.9%   842 32090s
 271537 123616 5.5704e+07   67   34 6.4658e+07 5.5073e+07  14.8%   840 33058s
 275836 125485     cutoff  126      6.4658e+07 5.5138e+07  14.7%   838 33620s
 279218 127497 6.3472e+07   60   39 6.4658e+07 5.5168e+07  14.7%   837 34182s
 281981 127497 5.5987e+07   73   32 6.4658e+07 5.5185e+07  14.7%   835 34187s
 282570 128397 6.0612e+07   50   41 6.4658e+07 5.5191e+07  14.6%   835 35096s
 283932 130550 6.2098e+07   67   32 6.4658e+07 5.5205e+07  14.6%   835 35698s
 285129 130550 5.7108e+07   38   30 6.4658e+07 5.5225e+07  14.6%   835 35701s
 287504 132915 5.7706e+07   64   29 6.4658e+07 5.5256e+07  14.5%   834 36364s
 287629 132915 6.0160e+07   52   38 6.4658e+07 5.5259e+07  14.5%   834 36365s
 291099 134739 6.2065e+07   86   26 6.4658e+07 5.5282e+07  14.5%   832 37061s
 293951 137142 5.9388e+07   74   36 6.4658e+07 5.5317e+07  14.4%   831 37717s
 297558 139159 6.4516e+07   47   27 6.4658e+07 5.5344e+07  14.4%   829 38298s
 298338 139159 6.4265e+07   78   21 6.4658e+07 5.5346e+07  14.4%   829 38300s
 300913 141695 5.7928e+07   56   30 6.4658e+07 5.5373e+07  14.4%   828 39041s
 303198 141695 5.8685e+07  113   25 6.4658e+07 5.5376e+07  14.4%   827 39046s
 305164 143610 6.4041e+07   77   25 6.4658e+07 5.5428e+07  14.3%   827 39888s
 307103 143610     cutoff   75      6.4658e+07 5.5433e+07  14.3%   826 39896s
 308507 145825 5.5868e+07   63   33 6.4658e+07 5.5436e+07  14.3%   826 40535s
 311562 145825 5.6352e+07   62   42 6.4658e+07 5.5441e+07  14.3%   825 40542s
 311897 148012     cutoff  139      6.4658e+07 5.5441e+07  14.3%   824 41153s
 313380 148012     cutoff  118      6.4658e+07 5.5441e+07  14.3%   824 41156s
 315224 150224 6.1066e+07   46   38 6.4658e+07 5.5488e+07  14.2%   823 41817s
 317867 150224 5.8743e+07   76   37 6.4658e+07 5.5500e+07  14.2%   822 41823s
 318698 152271     cutoff   79      6.4658e+07 5.5528e+07  14.1%   822 42446s
 322147 153988 5.9200e+07   63   32 6.4658e+07 5.5552e+07  14.1%   820 43222s
 324386 153988 6.4290e+07   73   21 6.4658e+07 5.5557e+07  14.1%   819 43230s
 325458 155926 6.1525e+07   89   28 6.4658e+07 5.5557e+07  14.1%   818 43893s
 326513 155926 6.1063e+07   73   29 6.4658e+07 5.5580e+07  14.0%   818 43896s
 328093 155926 6.2937e+07   80   41 6.4658e+07 5.5584e+07  14.0%   817 43901s
 328601 158024 5.5933e+07   57   33 6.4658e+07 5.5584e+07  14.0%   817 44653s
 329836 158024 5.6846e+07   93   30 6.4658e+07 5.5596e+07  14.0%   817 44657s
 332084 160739 6.1068e+07   90   29 6.4658e+07 5.5645e+07  13.9%   816 45607s
 332720 160739 6.3638e+07   86   36 6.4658e+07 5.5645e+07  13.9%   815 45618s
 334548 160739 6.3081e+07   75   35 6.4658e+07 5.5647e+07  13.9%   814 45621s
 336935 162313 6.2578e+07  107   19 6.4658e+07 5.5670e+07  13.9%   813 46297s
 337877 162313 5.8875e+07   81   41 6.4658e+07 5.5670e+07  13.9%   813 46300s
 339879 164058 5.7307e+07   50   39 6.4658e+07 5.5676e+07  13.9%   812 47130s
 341700 164058 5.8567e+07   85   27 6.4658e+07 5.5697e+07  13.9%   811 47137s
 342810 165158 6.2560e+07  122   23 6.4658e+07 5.5716e+07  13.8%   811 48406s
 344707 167423 5.8247e+07   85   28 6.4658e+07 5.5731e+07  13.8%   810 49120s
 348533 169814 6.3519e+07  144   23 6.4658e+07 5.5751e+07  13.8%   808 49865s
 352348 171722 5.8144e+07  134   20 6.4658e+07 5.5790e+07  13.7%   806 50728s
 354581 171722 5.8287e+07   63   37 6.4658e+07 5.5801e+07  13.7%   806 50734s
 355539 173807     cutoff   58      6.4658e+07 5.5812e+07  13.7%   805 51457s
 359131 175453 5.8724e+07   75   33 6.4658e+07 5.5835e+07  13.6%   804 52102s
 362301 177076 5.8763e+07   88   39 6.4658e+07 5.5865e+07  13.6%   802 54052s
 365069 180232 6.3180e+07   50   34 6.4658e+07 5.5865e+07  13.6%   801 55198s
 365765 180232 6.1702e+07   81   27 6.4658e+07 5.5865e+07  13.6%   801 55200s
 367332 180232 6.1816e+07   80   33 6.4658e+07 5.5875e+07  13.6%   800 55206s
 370621 182429 5.8704e+07   73   31 6.4658e+07 5.5914e+07  13.5%   799 56324s
 370930 182429 6.0887e+07  123   22 6.4658e+07 5.5914e+07  13.5%   799 56325s
 372515 182429 5.9505e+07   91   29 6.4658e+07 5.5923e+07  13.5%   798 56330s
 374603 184569 5.9695e+07   57   37 6.4658e+07 5.5951e+07  13.5%   797 57050s
 376607 184569 6.2344e+07   95   29 6.4658e+07 5.5956e+07  13.5%   796 57056s
 378091 186951 6.3419e+07  108   25 6.4658e+07 5.5972e+07  13.4%   796 57917s
 379722 186951 6.2414e+07   78   22 6.4658e+07 5.5974e+07  13.4%   795 57922s
 382221 188922     cutoff   88      6.4658e+07 5.5992e+07  13.4%   793 58710s
 385947 190889 6.0495e+07   83   37 6.4658e+07 5.6016e+07  13.4%   791 59486s
 387994 190889 6.0581e+07  117   21 6.4658e+07 5.6022e+07  13.4%   790 59494s
 389370 192778 6.0144e+07  126   30 6.4658e+07 5.6040e+07  13.3%   790 60367s
 391369 192778 6.2606e+07   64   24 6.4658e+07 5.6043e+07  13.3%   789 60373s
 392853 195657     cutoff  106      6.4658e+07 5.6065e+07  13.3%   788 61410s
 397296 197371 5.7993e+07   62   44 6.4658e+07 5.6077e+07  13.3%   787 62122s
 400242 199217 6.4398e+07   80   20 6.4658e+07 5.6102e+07  13.2%   786 63165s
 403194 199217 6.2491e+07   58   38 6.4658e+07 5.6112e+07  13.2%   785 63171s
 403525 201318 6.0739e+07   86   25 6.4658e+07 5.6122e+07  13.2%   785 64064s
 403882 201318 5.9465e+07   98   26 6.4658e+07 5.6122e+07  13.2%   785 64065s
 407310 203534 5.9688e+07  110   31 6.4658e+07 5.6156e+07  13.2%   783 64984s
 407488 203534 5.9600e+07   73   29 6.4658e+07 5.6156e+07  13.2%   783 64985s
 410670 203534 6.2555e+07   94   30 6.4658e+07 5.6164e+07  13.1%   782 64991s
 410941 205278 5.9552e+07   74   29 6.4658e+07 5.6169e+07  13.1%   782 65833s
 412924 205278     cutoff  109      6.4658e+07 5.6170e+07  13.1%   781 65838s
 414687 206655 5.8388e+07   77   31 6.4658e+07 5.6184e+07  13.1%   780 66538s
 415645 206655 6.3825e+07   60   25 6.4658e+07 5.6191e+07  13.1%   779 66540s
 417324 208297 5.9264e+07  101   28 6.4658e+07 5.6199e+07  13.1%   779 68194s
 417737 208297 5.6305e+07   71   35 6.4658e+07 5.6213e+07  13.1%   779 68196s
 420440 210365 5.9098e+07  102   24 6.4658e+07 5.6225e+07  13.0%   777 69102s
 422518 210365 5.9631e+07  102   33 6.4658e+07 5.6229e+07  13.0%   776 69110s
 424352 212970 5.7393e+07  101   37 6.4658e+07 5.6244e+07  13.0%   775 70362s
 425184 212970 5.9384e+07  106   28 6.4658e+07 5.6245e+07  13.0%   775 70365s
 426481 212970 6.3669e+07  123   20 6.4658e+07 5.6245e+07  13.0%   774 70371s
 428632 212970 6.0178e+07  113   26 6.4658e+07 5.6246e+07  13.0%   773 70377s
 429575 214940 6.2649e+07   96   27 6.4658e+07 5.6267e+07  13.0%   773 71132s
 430253 214940 5.7039e+07   53   35 6.4658e+07 5.6268e+07  13.0%   773 71135s
 431449 214940 6.1665e+07  106   30 6.4658e+07 5.6270e+07  13.0%   772 71140s
 432638 216651 5.9702e+07   87   25 6.4658e+07 5.6285e+07  12.9%   772 71867s
 433455 216651 5.9382e+07   81   30 6.4658e+07 5.6285e+07  12.9%   771 71870s
 435350 217008 5.9327e+07   84   32 6.4658e+07 5.6285e+07  12.9%   771 72005s

Cutting planes:
  Gomory: 99
  Lift-and-project: 8
  Cover: 4
  MIR: 127
  Flow cover: 594
  Inf proof: 1
  RLT: 1
  Relax-and-lift: 375

Explored 435852 nodes (335907798 simplex iterations) in 72016.59 seconds (5891.34 work units)
Thread count was 32 (of 48 available processors)

Solution count 10: 6.46582e+07 6.46582e+07 6.4925e+07 ... 6.58592e+07

Time limit reached
Best objective 6.465819791456e+07, best bound 5.628505533922e+07, gap 12.9499%
